2120
120	100	160
0	40	52	16	
1	40	52	16	
2	40	52	16	
3	40	52	16	
4	40	52	16	
5	40	52	16	
6	40	52	16	
7	40	52	16	
8	40	52	16	
9	40	52	16	
10	40	52	16	
11	40	52	16	
12	40	52	16	
13	40	52	16	
14	40	52	16	
15	40	52	16	
16	40	52	16	
17	40	52	16	
18	40	52	16	
19	40	52	16	
20	40	52	16	
21	40	52	16	
22	40	52	16	
23	40	52	16	
24	40	52	16	
25	40	52	16	
26	40	52	16	
27	40	52	16	
28	40	52	16	
29	40	52	16	
30	34	48	16	
31	34	48	16	
32	34	48	16	
33	34	48	16	
34	34	48	16	
35	34	48	16	
36	34	48	16	
37	34	48	16	
38	34	48	16	
39	34	48	16	
40	34	48	16	
41	34	48	16	
42	34	48	16	
43	34	48	16	
44	34	48	16	
45	34	48	16	
46	34	48	16	
47	34	48	16	
48	34	48	16	
49	34	48	16	
50	34	48	16	
51	34	48	16	
52	34	48	16	
53	34	48	16	
54	34	48	16	
55	34	48	16	
56	34	48	16	
57	34	48	16	
58	34	48	16	
59	34	48	16	
60	18	23	24	
61	18	23	24	
62	18	23	24	
63	18	23	24	
64	18	23	24	
65	18	23	24	
66	18	23	24	
67	18	23	24	
68	18	23	24	
69	18	23	24	
70	18	23	24	
71	18	23	24	
72	16	21	15	
73	16	21	15	
74	40	54	16	
75	40	54	16	
76	40	54	16	
77	40	54	16	
78	40	54	16	
79	40	54	16	
80	40	54	16	
81	40	54	16	
82	40	54	16	
83	40	54	16	
84	40	54	16	
85	40	54	16	
86	40	54	16	
87	40	54	16	
88	40	54	16	
89	40	54	16	
90	40	54	16	
91	40	54	16	
92	40	54	16	
93	40	54	16	
94	40	54	16	
95	40	54	16	
96	40	54	16	
97	40	54	16	
98	40	54	16	
99	40	54	16	
100	40	54	16	
101	40	54	16	
102	40	54	16	
103	40	54	16	
104	24	23	38	
105	24	23	38	
106	24	23	38	
107	24	23	38	
108	24	23	38	
109	24	23	38	
110	24	23	38	
111	24	23	38	
112	24	23	38	
113	24	23	38	
114	24	23	27	
115	24	23	27	
116	24	23	27	
117	24	23	27	
118	24	23	27	
119	24	23	27	
120	24	23	27	
121	24	23	27	
122	24	23	27	
123	24	23	27	
124	60	23	25	
125	60	23	25	
126	60	23	25	
127	60	23	25	
128	24	23	27	
129	24	23	27	
130	24	23	27	
131	24	23	27	
132	24	23	27	
133	24	23	27	
134	24	23	27	
135	24	23	27	
136	24	23	27	
137	24	23	27	
138	24	23	27	
139	24	23	27	
140	24	23	27	
141	24	23	27	
142	24	23	27	
143	24	23	27	
144	24	23	27	
145	24	23	27	
146	24	23	27	
147	24	23	27	
148	45	23	14	
149	45	23	14	
150	45	23	14	
151	45	23	14	
152	30	24	10	
153	24	22	14	
154	40	52	16	
155	40	52	16	
156	40	52	16	
157	34	48	16	
158	34	48	16	
159	34	48	16	
160	34	48	16	
161	34	48	16	
162	34	48	16	
163	34	48	16	
164	34	48	16	
165	34	48	16	
166	34	48	16	
167	34	48	16	
168	34	48	16	
169	34	48	16	
170	34	48	16	
171	34	48	16	
172	34	48	16	
173	34	48	16	
174	34	48	16	
175	34	48	16	
176	34	48	16	
177	34	48	16	
178	34	48	16	
179	34	48	16	
180	34	48	16	
181	34	48	16	
182	34	48	16	
183	34	48	16	
184	34	48	16	
185	34	48	16	
186	34	48	16	
187	40	52	16	
188	40	52	16	
189	40	52	16	
190	40	52	16	
191	40	52	16	
192	40	52	16	
193	40	52	16	
194	40	52	16	
195	40	52	16	
196	40	52	16	
197	40	52	16	
198	40	52	16	
199	40	52	16	
200	40	52	16	
201	40	52	16	
202	40	52	16	
203	40	52	16	
204	40	52	16	
205	40	52	16	
206	40	52	16	
207	40	52	16	
208	40	52	16	
209	40	52	16	
210	40	52	16	
211	30	22	16	
212	30	22	16	
213	30	22	16	
214	30	22	16	
215	30	22	16	
216	30	22	16	
217	30	22	16	
218	30	22	16	
219	18	23	24	
220	18	23	24	
221	18	23	24	
222	18	23	24	
223	18	23	24	
224	18	23	24	
225	18	23	24	
226	18	23	24	
227	18	23	24	
228	18	23	24	
229	18	23	24	
230	18	23	24	
231	16	21	15	
232	16	21	15	
233	40	52	16	
234	40	52	16	
235	40	52	16	
236	34	48	16	
237	34	48	16	
238	34	48	16	
239	34	48	16	
240	34	48	16	
241	34	48	16	
242	34	48	16	
243	34	48	16	
244	34	48	16	
245	34	48	16	
246	34	48	16	
247	34	48	16	
248	34	48	16	
249	34	48	16	
250	34	48	16	
251	34	48	16	
252	34	48	16	
253	34	48	16	
254	34	48	16	
255	34	48	16	
256	34	48	16	
257	34	48	16	
258	34	48	16	
259	34	48	16	
260	34	48	16	
261	34	48	16	
262	34	48	16	
263	34	48	16	
264	34	48	16	
265	34	48	16	
266	40	52	16	
267	40	52	16	
268	40	52	16	
269	40	52	16	
270	40	52	16	
271	40	52	16	
272	40	52	16	
273	40	52	16	
274	40	52	16	
275	40	52	16	
276	40	52	16	
277	40	52	16	
278	40	52	16	
279	40	52	16	
280	40	52	16	
281	40	52	16	
282	40	52	16	
283	40	52	16	
284	40	52	16	
285	40	52	16	
286	40	52	16	
287	40	52	16	
288	40	52	16	
289	40	52	16	
290	30	22	16	
291	30	22	16	
292	30	22	16	
293	30	22	16	
294	30	22	16	
295	30	22	16	
296	30	22	16	
297	30	22	16	
298	18	23	24	
299	18	23	24	
300	18	23	24	
301	18	23	24	
302	18	23	24	
303	18	23	24	
304	18	23	24	
305	18	23	24	
306	18	23	24	
307	18	23	24	
308	18	23	24	
309	18	23	24	
310	16	21	15	
311	16	21	15	
312	24	34	31	
313	24	34	31	
314	24	34	31	
315	24	34	31	
316	24	34	31	
317	24	34	31	
318	24	34	31	
319	24	34	31	
320	24	34	31	
321	24	34	31	
322	24	34	31	
323	24	34	31	
324	24	34	31	
325	24	34	31	
326	24	34	31	
327	24	34	31	
328	24	34	31	
329	24	34	31	
330	24	34	31	
331	24	34	31	
332	24	34	31	
333	24	34	31	
334	24	34	31	
335	24	34	31	
336	24	34	31	
337	17	39	58	
338	17	39	58	
339	17	39	58	
340	17	39	58	
341	17	39	58	
342	17	39	58	
343	17	39	58	
344	17	39	58	
345	17	39	58	
346	17	39	58	
347	17	39	58	
348	17	39	58	
349	17	39	58	
350	17	39	58	
351	30	27	49	
352	30	27	49	
353	30	27	49	
354	30	27	49	
355	30	27	49	
356	30	27	49	
357	30	27	49	
358	30	27	49	
359	30	27	49	
360	30	27	49	
361	30	27	49	
362	30	27	49	
363	30	21	13	
364	30	21	13	
365	30	21	13	
366	30	21	13	
367	17	15	22	
368	17	15	22	
369	17	15	22	
370	17	15	22	
371	17	15	22	
372	17	15	22	
373	17	15	22	
374	17	15	22	
375	17	15	22	
376	17	15	22	
377	17	15	22	
378	17	15	22	
379	17	15	22	
380	17	15	22	
381	26	24	22	
382	26	24	22	
383	26	24	22	
384	26	24	22	
385	26	24	22	
386	26	24	22	
387	26	24	22	
388	26	24	22	
389	15	17	22	
390	15	17	22	
391	35	48	16	
392	35	48	16	
393	35	48	16	
394	35	48	16	
395	35	48	16	
396	35	48	16	
397	35	48	16	
398	35	48	16	
399	35	48	16	
400	35	48	16	
401	35	48	16	
402	35	48	16	
403	35	48	16	
404	35	48	16	
405	35	48	16	
406	35	48	16	
407	35	48	16	
408	35	48	16	
409	35	48	16	
410	35	48	16	
411	35	48	16	
412	35	48	16	
413	35	48	16	
414	35	48	16	
415	35	48	16	
416	35	48	16	
417	35	48	16	
418	35	48	16	
419	35	48	16	
420	35	48	16	
421	31	34	24	
422	31	34	24	
423	31	34	24	
424	31	34	24	
425	31	34	24	
426	31	34	24	
427	31	34	24	
428	31	34	24	
429	31	34	24	
430	31	34	24	
431	31	34	24	
432	31	34	24	
433	31	34	24	
434	31	34	24	
435	31	34	24	
436	31	34	24	
437	31	34	24	
438	31	34	24	
439	23	18	24	
440	23	18	24	
441	23	18	24	
442	23	18	24	
443	23	18	24	
444	23	18	24	
445	23	18	24	
446	23	18	24	
447	23	18	24	
448	23	18	24	
449	23	18	24	
450	23	18	24	
451	23	18	24	
452	23	18	24	
453	23	18	24	
454	23	18	24	
455	23	18	24	
456	23	18	24	
457	23	18	24	
458	23	18	24	
459	23	18	24	
460	23	18	24	
461	23	18	24	
462	23	18	24	
463	23	18	24	
464	23	18	24	
465	23	18	24	
466	23	18	24	
467	23	18	24	
468	23	18	24	
469	21	17	16	
470	21	17	16	
471	21	17	16	
472	21	17	16	
473	21	17	16	
474	21	17	16	
475	21	17	16	
476	21	17	16	
477	28	17	15	
478	28	17	15	
479	28	17	15	
480	28	17	15	
481	27	34	20	
482	27	34	20	
483	27	34	20	
484	27	34	20	
485	27	34	20	
486	27	34	20	
487	27	34	20	
488	27	34	20	
489	15	16	18	
490	15	16	18	
491	15	16	18	
492	15	16	18	
493	15	16	18	
494	15	16	18	
495	15	16	18	
496	15	16	18	
497	15	16	18	
498	15	16	18	
499	15	16	18	
500	15	16	18	
501	15	16	18	
502	15	16	18	
503	15	16	18	
504	15	16	18	
505	15	16	18	
506	15	16	18	
507	13	48	34	
508	48	35	16	
509	48	35	16	
510	48	35	16	
511	48	35	16	
512	48	35	16	
513	48	35	16	
514	48	35	16	
515	48	35	16	
516	48	35	16	
517	48	35	16	
518	48	35	16	
519	48	35	16	
520	48	35	16	
521	48	35	16	
522	48	35	16	
523	48	35	16	
524	48	35	16	
525	48	35	16	
526	48	35	16	
527	48	35	16	
528	29	36	34	
529	29	36	34	
530	29	36	34	
531	29	36	34	
532	29	36	34	
533	29	36	34	
534	29	36	34	
535	29	36	34	
536	29	36	34	
537	29	36	34	
538	29	36	34	
539	29	36	34	
540	29	18	20	
541	29	18	20	
542	29	18	20	
543	29	18	20	
544	29	18	20	
545	29	18	20	
546	30	29	26	
547	30	29	26	
548	30	29	26	
549	30	29	26	
550	20	29	18	
551	20	29	18	
552	20	29	18	
553	20	29	18	
554	20	29	18	
555	20	29	18	
556	30	29	26	
557	30	29	26	
558	30	29	26	
559	30	29	26	
560	20	29	24	
561	20	29	24	
562	20	29	24	
563	20	29	24	
564	20	29	24	
565	20	29	24	
566	15	29	22	
567	15	29	22	
568	15	29	22	
569	15	29	22	
570	15	29	22	
571	15	29	22	
572	15	29	22	
573	15	29	22	
574	20	29	11	
575	20	29	11	
576	20	29	11	
577	20	29	11	
578	25	29	17	
579	25	29	17	
580	25	29	17	
581	25	29	17	
582	48	29	27	
583	48	29	27	
584	16	18	15	
585	16	18	15	
586	16	18	15	
587	16	18	15	
588	16	18	15	
589	16	18	15	
590	16	18	15	
591	16	18	15	
592	31	25	13	
593	31	25	13	
594	31	25	13	
595	31	25	13	
596	31	25	13	
597	31	25	13	
598	31	25	13	
599	31	25	13	
600	31	25	13	
601	31	25	13	
602	16	11	23	
603	16	11	23	
604	16	11	23	
605	16	11	23	
606	16	10	13	
607	16	10	13	
608	28	10	24	
609	24	35	32	
610	24	34	31	
611	24	34	31	
612	24	34	31	
613	24	34	31	
614	36	29	34	
615	36	29	34	
616	36	29	34	
617	36	29	34	
618	36	29	34	
619	36	29	34	
620	36	29	34	
621	36	29	34	
622	36	29	34	
623	36	29	34	
624	36	29	34	
625	36	29	34	
626	15	16	21	
627	15	16	21	
628	35	48	16	
629	35	48	16	
630	35	48	16	
631	35	48	16	
632	35	48	16	
633	35	48	16	
634	35	48	16	
635	35	48	16	
636	35	48	16	
637	35	48	16	
638	35	48	16	
639	35	48	16	
640	35	48	16	
641	35	48	16	
642	35	48	16	
643	35	48	16	
644	35	48	16	
645	35	48	16	
646	35	48	16	
647	35	48	16	
648	35	48	16	
649	35	48	16	
650	35	48	16	
651	35	48	16	
652	35	48	16	
653	35	48	16	
654	35	48	16	
655	35	48	16	
656	35	48	16	
657	35	48	16	
658	30	13	11	
659	30	13	11	
660	30	13	11	
661	30	13	11	
662	30	13	11	
663	30	13	11	
664	24	23	18	
665	24	23	18	
666	24	23	18	
667	24	23	18	
668	24	23	18	
669	24	23	18	
670	24	23	18	
671	24	23	18	
672	24	23	18	
673	24	23	18	
674	24	23	18	
675	24	23	18	
676	24	23	18	
677	24	23	18	
678	24	23	18	
679	24	23	18	
680	24	23	18	
681	24	23	18	
682	24	23	18	
683	24	23	18	
684	24	23	18	
685	24	23	18	
686	24	23	18	
687	24	23	18	
688	24	23	18	
689	24	23	18	
690	24	23	18	
691	24	23	18	
692	24	23	18	
693	24	23	18	
694	60	23	25	
695	60	23	25	
696	60	23	25	
697	60	23	25	
698	26	14	21	
699	26	14	21	
700	26	14	21	
701	18	15	19	
702	15	16	18	
703	15	16	18	
704	15	16	18	
705	15	16	18	
706	15	16	18	
707	15	16	18	
708	15	16	18	
709	15	16	18	
710	15	16	18	
711	15	16	18	
712	15	16	18	
713	15	16	18	
714	15	16	18	
715	15	16	18	
716	15	16	18	
717	15	16	18	
718	15	16	18	
719	15	16	18	
720	14	25	29	
721	15	23	25	
722	12	25	26	
723	12	25	26	
724	12	25	26	
725	12	16	41	
726	12	16	41	
727	34	29	36	
728	34	29	36	
729	34	29	36	
730	34	29	36	
731	34	29	36	
732	34	29	36	
733	34	29	36	
734	34	29	36	
735	34	29	36	
736	34	29	36	
737	34	29	36	
738	34	29	36	
739	16	18	15	
740	16	18	15	
741	16	18	15	
742	16	18	15	
743	16	18	15	
744	16	18	15	
745	16	18	15	
746	16	18	15	
747	32	13	45	
748	32	13	45	
749	32	13	45	
750	32	13	45	
751	32	13	45	
752	32	13	45	
753	32	13	45	
754	32	13	45	
755	32	13	45	
756	30	13	25	
757	30	13	25	
758	30	13	25	
759	16	15	15	
760	16	15	15	
761	31	38	31	
762	31	38	31	
763	31	38	31	
764	31	38	31	
765	31	38	31	
766	31	38	31	
767	31	38	31	
768	31	38	31	
769	31	38	31	
770	31	38	31	
771	35	48	16	
772	35	48	16	
773	35	48	16	
774	35	48	16	
775	35	48	16	
776	35	48	16	
777	35	48	16	
778	35	48	16	
779	35	48	16	
780	35	48	16	
781	35	48	16	
782	35	48	16	
783	35	48	16	
784	35	48	16	
785	35	48	16	
786	35	48	16	
787	35	48	16	
788	35	48	16	
789	35	48	16	
790	35	48	16	
791	12	13	26	
792	12	13	26	
793	12	13	26	
794	12	13	26	
795	24	13	15	
796	24	13	15	
797	24	39	21	
798	24	39	21	
799	12	39	50	
800	12	39	50	
801	12	39	50	
802	12	39	50	
803	20	13	16	
804	20	13	16	
805	20	13	16	
806	11	13	22	
807	11	13	22	
808	11	13	22	
809	11	13	22	
810	16	48	35	
811	16	48	35	
812	16	48	35	
813	16	16	31	
814	16	16	31	
815	16	16	31	
816	14	27	24	
817	16	21	13	
818	39	12	50	
819	39	12	50	
820	39	12	50	
821	39	12	50	
822	39	12	50	
823	39	12	50	
824	39	12	50	
825	39	12	50	
826	39	12	50	
827	39	56	18	
828	39	56	18	
829	39	56	18	
830	39	56	18	
831	39	56	18	
832	39	56	18	
833	39	56	18	
834	39	56	18	
835	39	56	18	
836	39	56	18	
837	39	56	18	
838	39	56	18	
839	39	56	18	
840	39	56	18	
841	39	56	18	
842	39	56	18	
843	39	56	18	
844	39	56	18	
845	39	56	18	
846	39	56	18	
847	39	56	18	
848	39	56	18	
849	39	56	18	
850	39	56	18	
851	40	16	54	
852	40	16	54	
853	40	16	54	
854	40	16	54	
855	40	16	54	
856	40	16	54	
857	10	14	16	
858	10	14	16	
859	10	14	16	
860	10	14	16	
861	15	16	18	
862	15	16	18	
863	15	16	18	
864	15	16	18	
865	15	16	18	
866	15	16	18	
867	15	16	18	
868	15	16	18	
869	15	16	18	
870	15	16	18	
871	15	16	18	
872	15	16	18	
873	15	16	18	
874	15	16	18	
875	15	16	18	
876	15	16	18	
877	13	32	44	
878	13	32	44	
879	13	32	44	
880	13	32	44	
881	13	32	44	
882	13	32	44	
883	13	32	44	
884	13	32	44	
885	15	18	16	
886	15	18	16	
887	15	18	16	
888	15	18	16	
889	15	18	16	
890	15	18	16	
891	15	18	16	
892	15	18	16	
893	15	18	16	
894	15	18	16	
895	15	18	16	
896	15	18	16	
897	15	18	16	
898	15	18	16	
899	15	18	16	
900	15	18	16	
901	15	18	16	
902	15	18	16	
903	15	18	16	
904	15	18	16	
905	15	18	16	
906	34	31	24	
907	34	31	24	
908	34	31	24	
909	34	31	24	
910	34	31	24	
911	34	31	24	
912	16	31	16	
913	26	16	16	
914	26	16	16	
915	15	15	16	
916	15	15	16	
917	15	15	16	
918	18	39	56	
919	18	39	56	
920	18	39	56	
921	18	39	56	
922	18	39	56	
923	18	39	56	
924	18	39	56	
925	18	39	56	
926	18	39	56	
927	18	39	56	
928	18	39	56	
929	18	39	56	
930	15	19	18	
931	15	19	18	
932	15	19	18	
933	15	19	18	
934	15	19	18	
935	15	19	18	
936	15	19	18	
937	15	19	18	
938	15	19	18	
939	15	19	18	
940	15	19	18	
941	15	19	18	
942	15	19	18	
943	15	19	18	
944	32	13	45	
945	32	13	45	
946	32	13	45	
947	32	13	45	
948	32	13	45	
949	32	13	45	
950	32	13	45	
951	32	13	45	
952	32	13	45	
953	34	26	29	
954	34	26	29	
955	34	26	29	
956	35	48	16	
957	35	48	16	
958	35	48	16	
959	35	48	16	
960	35	48	16	
961	35	48	16	
962	35	48	16	
963	35	48	16	
964	35	48	16	
965	35	48	16	
966	35	48	16	
967	35	48	16	
968	35	48	16	
969	35	48	16	
970	35	48	16	
971	35	48	16	
972	35	48	16	
973	35	48	16	
974	35	48	16	
975	35	48	16	
976	35	48	16	
977	35	48	16	
978	35	48	16	
979	35	48	16	
980	35	48	16	
981	35	48	16	
982	35	48	16	
983	35	48	16	
984	35	48	16	
985	35	48	16	
986	30	11	13	
987	30	11	13	
988	30	11	13	
989	19	11	14	
990	19	11	14	
991	19	11	14	
992	19	11	14	
993	14	13	20	
994	14	13	20	
995	14	13	20	
996	13	11	16	
997	17	13	15	
998	17	13	15	
999	17	13	15	
1000	13	11	30	
1001	21	13	30	
1002	21	13	30	
1003	21	13	30	
1004	21	13	30	
1005	21	13	30	
1006	15	16	18	
1007	15	16	18	
1008	15	16	18	
1009	15	16	18	
1010	15	16	18	
1011	15	16	18	
1012	15	16	18	
1013	15	16	18	
1014	15	16	18	
1015	15	16	18	
1016	15	16	18	
1017	15	16	18	
1018	15	16	18	
1019	15	16	18	
1020	15	16	18	
1021	15	16	18	
1022	15	16	18	
1023	15	16	18	
1024	13	31	25	
1025	12	39	50	
1026	12	39	50	
1027	12	39	50	
1028	2	2	3	
1029	18	39	56	
1030	18	39	56	
1031	18	39	56	
1032	18	39	56	
1033	18	39	56	
1034	18	39	56	
1035	18	39	56	
1036	18	39	56	
1037	18	39	56	
1038	18	39	56	
1039	18	39	56	
1040	18	39	56	
1041	15	19	18	
1042	15	19	18	
1043	15	19	18	
1044	15	19	18	
1045	15	19	18	
1046	15	19	18	
1047	15	19	18	
1048	15	19	18	
1049	15	19	18	
1050	15	19	18	
1051	15	19	18	
1052	15	19	18	
1053	15	19	18	
1054	15	19	18	
1055	32	13	45	
1056	32	13	45	
1057	32	13	45	
1058	32	13	45	
1059	32	13	45	
1060	32	13	45	
1061	32	13	45	
1062	32	13	45	
1063	32	13	45	
1064	34	26	29	
1065	34	26	29	
1066	34	26	29	
1067	35	48	16	
1068	35	48	16	
1069	35	48	16	
1070	35	48	16	
1071	35	48	16	
1072	35	48	16	
1073	35	48	16	
1074	35	48	16	
1075	35	48	16	
1076	35	48	16	
1077	35	48	16	
1078	35	48	16	
1079	35	48	16	
1080	35	48	16	
1081	35	48	16	
1082	35	48	16	
1083	35	48	16	
1084	35	48	16	
1085	35	48	16	
1086	35	48	16	
1087	35	48	16	
1088	35	48	16	
1089	35	48	16	
1090	35	48	16	
1091	35	48	16	
1092	35	48	16	
1093	35	48	16	
1094	35	48	16	
1095	35	48	16	
1096	35	48	16	
1097	30	11	13	
1098	30	11	13	
1099	30	11	13	
1100	19	11	14	
1101	19	11	14	
1102	19	11	14	
1103	19	11	14	
1104	14	13	20	
1105	14	13	20	
1106	14	13	20	
1107	13	11	16	
1108	17	13	15	
1109	17	13	15	
1110	17	13	15	
1111	13	11	30	
1112	21	13	30	
1113	21	13	30	
1114	21	13	30	
1115	21	13	30	
1116	21	13	30	
1117	15	16	18	
1118	15	16	18	
1119	15	16	18	
1120	15	16	18	
1121	15	16	18	
1122	15	16	18	
1123	15	16	18	
1124	15	16	18	
1125	15	16	18	
1126	15	16	18	
1127	15	16	18	
1128	15	16	18	
1129	15	16	18	
1130	15	16	18	
1131	15	16	18	
1132	15	16	18	
1133	15	16	18	
1134	15	16	18	
1135	13	31	25	
1136	12	39	50	
1137	12	39	50	
1138	12	39	50	
1139	2	2	3	
1140	18	39	56	
1141	18	39	56	
1142	18	39	56	
1143	18	39	56	
1144	18	39	56	
1145	18	39	56	
1146	18	39	56	
1147	18	39	56	
1148	18	39	56	
1149	18	39	56	
1150	18	39	56	
1151	18	39	56	
1152	15	19	18	
1153	15	19	18	
1154	15	19	18	
1155	15	19	18	
1156	15	19	18	
1157	15	19	18	
1158	15	19	18	
1159	15	19	18	
1160	15	19	18	
1161	15	19	18	
1162	15	19	18	
1163	15	19	18	
1164	15	19	18	
1165	15	19	18	
1166	32	13	45	
1167	32	13	45	
1168	32	13	45	
1169	32	13	45	
1170	32	13	45	
1171	32	13	45	
1172	32	13	45	
1173	32	13	45	
1174	32	13	45	
1175	34	26	29	
1176	34	26	29	
1177	34	26	29	
1178	35	48	16	
1179	35	48	16	
1180	35	48	16	
1181	35	48	16	
1182	35	48	16	
1183	35	48	16	
1184	35	48	16	
1185	35	48	16	
1186	35	48	16	
1187	35	48	16	
1188	35	48	16	
1189	35	48	16	
1190	35	48	16	
1191	35	48	16	
1192	35	48	16	
1193	35	48	16	
1194	35	48	16	
1195	35	48	16	
1196	35	48	16	
1197	35	48	16	
1198	35	48	16	
1199	35	48	16	
1200	35	48	16	
1201	35	48	16	
1202	35	48	16	
1203	35	48	16	
1204	35	48	16	
1205	35	48	16	
1206	35	48	16	
1207	35	48	16	
1208	30	11	13	
1209	30	11	13	
1210	30	11	13	
1211	19	11	14	
1212	19	11	14	
1213	19	11	14	
1214	19	11	14	
1215	14	13	20	
1216	14	13	20	
1217	14	13	20	
1218	13	11	16	
1219	17	13	15	
1220	17	13	15	
1221	17	13	15	
1222	13	11	30	
1223	21	13	30	
1224	21	13	30	
1225	21	13	30	
1226	21	13	30	
1227	21	13	30	
1228	15	16	18	
1229	15	16	18	
1230	15	16	18	
1231	15	16	18	
1232	15	16	18	
1233	15	16	18	
1234	15	16	18	
1235	15	16	18	
1236	15	16	18	
1237	15	16	18	
1238	15	16	18	
1239	15	16	18	
1240	15	16	18	
1241	15	16	18	
1242	15	16	18	
1243	15	16	18	
1244	15	16	18	
1245	15	16	18	
1246	13	31	25	
1247	12	39	50	
1248	12	39	50	
1249	12	39	50	
1250	2	2	3	
1251	36	14	44	
1252	36	14	44	
1253	36	14	44	
1254	36	14	44	
1255	36	14	44	
1256	36	14	44	
1257	36	14	44	
1258	36	14	44	
1259	36	14	44	
1260	36	14	44	
1261	36	14	44	
1262	36	14	44	
1263	36	14	44	
1264	36	14	44	
1265	36	14	44	
1266	36	14	44	
1267	36	14	44	
1268	36	14	44	
1269	36	14	44	
1270	36	14	44	
1271	36	14	44	
1272	26	24	28	
1273	26	24	28	
1274	26	24	28	
1275	26	24	28	
1276	48	35	16	
1277	48	35	16	
1278	48	35	16	
1279	48	35	16	
1280	48	35	16	
1281	48	35	16	
1282	48	35	16	
1283	48	35	16	
1284	48	35	16	
1285	48	35	16	
1286	48	35	16	
1287	48	35	16	
1288	48	35	16	
1289	48	35	16	
1290	48	35	16	
1291	48	35	16	
1292	48	35	16	
1293	48	35	16	
1294	48	35	16	
1295	48	35	16	
1296	34	29	37	
1297	34	29	37	
1298	34	29	37	
1299	34	29	37	
1300	34	29	37	
1301	34	29	37	
1302	34	29	37	
1303	34	29	37	
1304	19	22	11	
1305	19	22	11	
1306	19	22	11	
1307	36	34	29	
1308	36	34	29	
1309	36	34	29	
1310	36	34	29	
1311	36	34	29	
1312	36	34	29	
1313	36	34	29	
1314	36	34	29	
1315	36	34	29	
1316	36	34	29	
1317	17	13	15	
1318	17	13	15	
1319	17	13	15	
1320	17	13	15	
1321	17	13	15	
1322	17	13	15	
1323	17	13	15	
1324	17	13	15	
1325	17	13	15	
1326	17	13	15	
1327	13	32	45	
1328	13	32	45	
1329	13	32	45	
1330	13	31	25	
1331	36	14	44	
1332	36	14	44	
1333	36	14	44	
1334	36	14	44	
1335	36	14	44	
1336	36	14	44	
1337	36	14	44	
1338	36	14	44	
1339	36	14	44	
1340	36	14	44	
1341	36	14	44	
1342	36	14	44	
1343	36	14	44	
1344	36	14	44	
1345	36	14	44	
1346	36	14	44	
1347	36	14	44	
1348	36	14	44	
1349	36	14	44	
1350	36	14	44	
1351	36	14	44	
1352	26	24	28	
1353	26	24	28	
1354	26	24	28	
1355	26	24	28	
1356	48	35	16	
1357	48	35	16	
1358	48	35	16	
1359	48	35	16	
1360	48	35	16	
1361	48	35	16	
1362	48	35	16	
1363	48	35	16	
1364	48	35	16	
1365	48	35	16	
1366	48	35	16	
1367	48	35	16	
1368	48	35	16	
1369	48	35	16	
1370	48	35	16	
1371	48	35	16	
1372	48	35	16	
1373	48	35	16	
1374	48	35	16	
1375	48	35	16	
1376	34	29	37	
1377	34	29	37	
1378	34	29	37	
1379	34	29	37	
1380	34	29	37	
1381	34	29	37	
1382	34	29	37	
1383	34	29	37	
1384	19	22	11	
1385	19	22	11	
1386	19	22	11	
1387	36	34	29	
1388	36	34	29	
1389	36	34	29	
1390	36	34	29	
1391	36	34	29	
1392	36	34	29	
1393	36	34	29	
1394	36	34	29	
1395	36	34	29	
1396	36	34	29	
1397	17	13	15	
1398	17	13	15	
1399	17	13	15	
1400	17	13	15	
1401	17	13	15	
1402	17	13	15	
1403	17	13	15	
1404	17	13	15	
1405	17	13	15	
1406	17	13	15	
1407	13	32	45	
1408	13	32	45	
1409	13	32	45	
1410	13	31	25	
1411	17	38	58	
1412	17	38	58	
1413	17	38	58	
1414	17	38	58	
1415	17	38	58	
1416	17	38	58	
1417	17	38	58	
1418	17	38	58	
1419	17	38	58	
1420	17	38	58	
1421	17	38	58	
1422	17	38	58	
1423	17	38	58	
1424	17	38	58	
1425	17	58	38	
1426	17	58	38	
1427	17	58	38	
1428	17	58	38	
1429	17	58	38	
1430	17	58	38	
1431	17	58	38	
1432	17	58	38	
1433	17	58	38	
1434	17	58	38	
1435	17	58	38	
1436	17	58	38	
1437	17	58	38	
1438	17	58	38	
1439	20	19	26	
1440	20	19	26	
1441	20	19	26	
1442	20	23	25	
1443	20	23	25	
1444	20	23	25	
1445	20	23	25	
1446	20	23	25	
1447	20	23	25	
1448	17	18	20	
1449	17	18	20	
1450	17	18	20	
1451	17	18	20	
1452	17	18	20	
1453	17	18	20	
1454	17	18	20	
1455	17	18	19	
1456	17	18	19	
1457	17	18	19	
1458	17	18	19	
1459	17	18	19	
1460	17	18	19	
1461	17	18	19	
1462	30	29	26	
1463	30	29	26	
1464	26	23	45	
1465	26	23	45	
1466	26	23	45	
1467	39	18	56	
1468	39	18	56	
1469	39	18	56	
1470	23	23	17	
1471	23	23	17	
1472	23	23	17	
1473	23	23	17	
1474	23	23	17	
1475	23	23	17	
1476	23	23	17	
1477	23	23	17	
1478	23	23	17	
1479	23	23	17	
1480	23	23	17	
1481	23	23	17	
1482	23	23	17	
1483	23	23	17	
1484	23	23	17	
1485	23	23	17	
1486	23	23	17	
1487	23	23	17	
1488	23	23	17	
1489	23	23	17	
1490	23	23	17	
1491	23	23	17	
1492	23	23	17	
1493	23	23	17	
1494	23	23	17	
1495	23	23	17	
1496	23	23	17	
1497	23	23	17	
1498	45	23	14	
1499	20	19	26	
1500	20	19	26	
1501	20	19	26	
1502	14	19	26	
1503	14	19	26	
1504	14	19	26	
1505	45	23	14	
1506	33	45	26	
1507	12	13	26	
1508	22	11	13	
1509	22	11	13	
1510	34	37	29	
1511	34	37	29	
1512	34	37	29	
1513	34	37	29	
1514	34	37	29	
1515	34	37	29	
1516	20	26	50	
1517	20	26	50	
1518	20	26	50	
1519	20	26	50	
1520	20	26	50	
1521	20	26	50	
1522	17	38	58	
1523	17	38	58	
1524	17	38	58	
1525	17	38	58	
1526	17	38	58	
1527	17	38	58	
1528	17	38	58	
1529	17	38	58	
1530	17	38	58	
1531	17	38	58	
1532	17	38	58	
1533	17	38	58	
1534	29	34	37	
1535	29	34	37	
1536	29	34	37	
1537	29	34	37	
1538	29	34	37	
1539	29	34	37	
1540	29	34	37	
1541	29	34	37	
1542	29	34	37	
1543	20	15	19	
1544	20	15	19	
1545	20	15	19	
1546	20	15	19	
1547	20	15	19	
1548	20	15	19	
1549	20	15	19	
1550	20	15	19	
1551	20	19	15	
1552	20	19	15	
1553	20	19	15	
1554	20	19	15	
1555	20	19	15	
1556	20	19	15	
1557	20	19	15	
1558	20	19	15	
1559	20	19	15	
1560	20	19	15	
1561	29	22	37	
1562	29	22	37	
1563	29	22	37	
1564	29	22	37	
1565	29	22	37	
1566	29	22	37	
1567	29	22	37	
1568	29	22	37	
1569	23	16	11	
1570	23	16	11	
1571	15	18	19	
1572	15	18	19	
1573	15	18	19	
1574	15	18	19	
1575	15	18	19	
1576	15	18	19	
1577	15	18	19	
1578	15	18	19	
1579	15	18	19	
1580	15	18	19	
1581	15	18	19	
1582	15	18	19	
1583	19	25	24	
1584	19	25	24	
1585	19	25	24	
1586	19	25	24	
1587	19	25	24	
1588	19	25	24	
1589	19	22	11	
1590	16	35	48	
1591	16	35	48	
1592	16	35	48	
1593	16	35	48	
1594	16	35	48	
1595	16	35	48	
1596	15	16	15	
1597	15	16	15	
1598	15	16	15	
1599	15	16	15	
1600	17	38	56	
1601	17	38	56	
1602	17	38	56	
1603	17	38	56	
1604	17	38	56	
1605	17	38	56	
1606	17	38	56	
1607	17	38	56	
1608	17	38	56	
1609	17	38	56	
1610	17	38	56	
1611	17	38	56	
1612	17	38	56	
1613	17	38	56	
1614	41	23	62	
1615	41	23	62	
1616	29	37	34	
1617	29	37	34	
1618	29	37	34	
1619	29	37	34	
1620	29	37	34	
1621	29	37	34	
1622	29	37	34	
1623	29	37	34	
1624	29	37	34	
1625	29	37	34	
1626	29	37	34	
1627	29	37	34	
1628	17	38	56	
1629	17	38	56	
1630	17	38	56	
1631	17	38	56	
1632	17	38	56	
1633	17	38	56	
1634	17	38	56	
1635	22	23	24	
1636	22	23	24	
1637	22	23	24	
1638	22	23	24	
1639	23	18	24	
1640	23	18	24	
1641	23	18	24	
1642	23	18	24	
1643	60	23	25	
1644	20	23	23	
1645	20	23	23	
1646	20	23	23	
1647	25	23	46	
1648	23	38	24	
1649	23	38	24	
1650	18	19	15	
1651	18	19	15	
1652	18	19	15	
1653	18	19	15	
1654	18	19	15	
1655	18	19	15	
1656	18	19	15	
1657	18	19	15	
1658	18	19	15	
1659	18	19	15	
1660	18	19	15	
1661	18	19	15	
1662	18	19	15	
1663	18	19	15	
1664	18	19	15	
1665	18	19	15	
1666	15	19	18	
1667	15	19	18	
1668	15	19	18	
1669	15	19	18	
1670	15	19	18	
1671	15	19	18	
1672	38	24	22	
1673	26	23	45	
1674	34	24	25	
1675	33	24	41	
1676	26	22	24	
1677	26	22	24	
1678	26	22	24	
1679	23	38	18	
1680	22	18	23	
1681	22	18	23	
1682	22	18	23	
1683	22	18	23	
1684	22	18	23	
1685	22	18	23	
1686	22	18	23	
1687	22	18	23	
1688	22	18	23	
1689	22	18	23	
1690	22	18	23	
1691	22	18	23	
1692	22	18	23	
1693	22	18	23	
1694	22	18	23	
1695	17	38	56	
1696	17	38	56	
1697	17	38	56	
1698	17	38	56	
1699	17	38	56	
1700	17	38	56	
1701	17	38	56	
1702	17	38	56	
1703	17	38	56	
1704	17	38	56	
1705	17	38	56	
1706	17	38	56	
1707	17	38	56	
1708	17	38	56	
1709	38	17	58	
1710	38	17	58	
1711	17	38	56	
1712	17	38	56	
1713	17	38	56	
1714	17	38	56	
1715	17	38	56	
1716	17	38	56	
1717	17	38	56	
1718	17	38	56	
1719	17	38	56	
1720	17	38	56	
1721	17	38	56	
1722	17	38	56	
1723	17	38	56	
1724	17	38	56	
1725	26	17	33	
1726	58	38	17	
1727	58	38	17	
1728	58	38	17	
1729	58	38	17	
1730	58	38	17	
1731	58	38	17	
1732	58	38	17	
1733	58	38	17	
1734	44	36	14	
1735	44	36	14	
1736	44	36	14	
1737	44	36	14	
1738	21	17	16	
1739	21	17	16	
1740	17	17	31	
1741	17	17	31	
1742	17	17	31	
1743	17	17	31	
1744	18	14	28	
1745	26	21	14	
1746	26	21	14	
1747	14	20	14	
1748	14	20	14	
1749	20	14	14	
1750	16	13	20	
1751	17	58	38	
1752	17	58	38	
1753	17	58	38	
1754	17	58	38	
1755	17	58	38	
1756	17	58	38	
1757	17	58	38	
1758	17	58	38	
1759	17	58	38	
1760	17	58	38	
1761	17	58	38	
1762	17	58	38	
1763	17	58	38	
1764	17	58	38	
1765	17	58	38	
1766	17	58	38	
1767	17	58	38	
1768	17	58	38	
1769	17	58	38	
1770	17	58	38	
1771	17	58	38	
1772	17	39	58	
1773	17	39	58	
1774	17	39	58	
1775	17	39	58	
1776	17	39	58	
1777	17	39	58	
1778	17	39	58	
1779	17	39	58	
1780	33	39	37	
1781	33	39	37	
1782	26	33	45	
1783	32	25	44	
1784	26	33	45	
1785	20	25	22	
1786	20	25	22	
1787	49	29	35	
1788	49	29	35	
1789	52	40	16	
1790	16	40	54	
1791	16	40	54	
1792	16	40	54	
1793	18	47	27	
1794	16	20	13	
1795	48	35	16	
1796	16	21	12	
1797	29	34	37	
1798	29	34	37	
1799	19	15	18	
1800	19	15	18	
1801	19	15	18	
1802	19	15	18	
1803	19	20	15	
1804	19	20	15	
1805	19	20	15	
1806	19	20	15	
1807	14	20	14	
1808	17	58	38	
1809	17	58	38	
1810	17	58	38	
1811	17	58	38	
1812	17	58	38	
1813	17	58	38	
1814	17	58	38	
1815	17	58	38	
1816	17	58	38	
1817	17	58	38	
1818	17	58	38	
1819	17	58	38	
1820	17	58	38	
1821	17	58	38	
1822	17	58	38	
1823	17	58	38	
1824	17	58	38	
1825	17	58	38	
1826	17	58	38	
1827	17	58	38	
1828	17	58	38	
1829	17	39	58	
1830	17	39	58	
1831	17	39	58	
1832	17	39	58	
1833	17	39	58	
1834	17	39	58	
1835	17	39	58	
1836	17	39	58	
1837	33	39	37	
1838	33	39	37	
1839	26	33	45	
1840	32	25	44	
1841	26	33	45	
1842	20	25	22	
1843	20	25	22	
1844	49	29	35	
1845	49	29	35	
1846	52	40	16	
1847	16	40	54	
1848	16	40	54	
1849	16	40	54	
1850	18	47	27	
1851	16	20	13	
1852	48	35	16	
1853	16	21	12	
1854	29	34	37	
1855	29	34	37	
1856	19	15	18	
1857	19	15	18	
1858	19	15	18	
1859	19	15	18	
1860	19	20	15	
1861	19	20	15	
1862	19	20	15	
1863	19	20	15	
1864	14	20	14	
1865	22	24	26	
1866	22	24	26	
1867	22	24	26	
1868	22	24	14	
1869	21	24	33	
1870	17	38	56	
1871	17	38	56	
1872	17	38	56	
1873	17	38	56	
1874	17	38	56	
1875	17	38	56	
1876	17	38	56	
1877	17	38	56	
1878	17	38	56	
1879	17	38	56	
1880	17	38	56	
1881	17	38	56	
1882	17	38	56	
1883	17	38	56	
1884	17	38	56	
1885	17	38	56	
1886	17	38	56	
1887	17	38	56	
1888	17	38	56	
1889	17	38	56	
1890	17	38	56	
1891	17	38	56	
1892	17	38	56	
1893	17	38	56	
1894	17	38	56	
1895	17	38	56	
1896	17	38	56	
1897	17	38	56	
1898	21	33	24	
1899	21	33	24	
1900	21	33	24	
1901	21	33	24	
1902	56	38	17	
1903	56	38	17	
1904	56	38	17	
1905	56	38	17	
1906	25	20	14	
1907	25	20	14	
1908	45	23	14	
1909	14	20	14	
1910	19	11	14	
1911	25	24	27	
1912	25	24	27	
1913	25	24	27	
1914	30	24	24	
1915	30	24	24	
1916	27	24	23	
1917	30	21	13	
1918	33	21	24	
1919	33	21	24	
1920	25	24	24	
1921	29	23	43	
1922	30	22	16	
1923	30	22	16	
1924	30	22	16	
1925	23	23	20	
1926	22	21	44	
1927	39	33	37	
1928	15	22	29	
1929	15	20	19	
1930	15	18	16	
1931	15	17	13	
1932	12	16	18	
1933	12	18	16	
1934	23	23	17	
1935	23	23	17	
1936	23	22	18	
1937	23	18	38	
1938	22	24	26	
1939	22	24	26	
1940	22	24	26	
1941	22	24	14	
1942	21	24	33	
1943	17	38	56	
1944	17	38	56	
1945	17	38	56	
1946	17	38	56	
1947	17	38	56	
1948	17	38	56	
1949	17	38	56	
1950	17	38	56	
1951	17	38	56	
1952	17	38	56	
1953	17	38	56	
1954	17	38	56	
1955	17	38	56	
1956	17	38	56	
1957	17	38	56	
1958	17	38	56	
1959	17	38	56	
1960	17	38	56	
1961	17	38	56	
1962	17	38	56	
1963	17	38	56	
1964	17	38	56	
1965	17	38	56	
1966	17	38	56	
1967	17	38	56	
1968	17	38	56	
1969	17	38	56	
1970	17	38	56	
1971	21	33	24	
1972	21	33	24	
1973	21	33	24	
1974	21	33	24	
1975	56	38	17	
1976	56	38	17	
1977	56	38	17	
1978	56	38	17	
1979	25	20	14	
1980	25	20	14	
1981	45	23	14	
1982	14	20	14	
1983	19	11	14	
1984	25	24	27	
1985	25	24	27	
1986	25	24	27	
1987	30	24	24	
1988	30	24	24	
1989	27	24	23	
1990	30	21	13	
1991	33	21	24	
1992	33	21	24	
1993	25	24	24	
1994	29	23	43	
1995	30	22	16	
1996	30	22	16	
1997	30	22	16	
1998	23	23	20	
1999	22	21	44	
2000	39	33	37	
2001	15	22	29	
2002	15	20	19	
2003	15	18	16	
2004	15	17	13	
2005	12	16	18	
2006	12	18	16	
2007	23	23	17	
2008	23	23	17	
2009	23	22	18	
2010	23	18	38	
2011	56	38	17	
2012	56	38	17	
2013	56	38	17	
2014	56	38	17	
2015	56	38	17	
2016	56	38	17	
2017	56	38	17	
2018	56	38	17	
2019	56	38	17	
2020	56	38	17	
2021	56	38	17	
2022	56	38	17	
2023	56	38	17	
2024	56	38	17	
2025	56	38	17	
2026	56	38	17	
2027	56	38	17	
2028	56	38	17	
2029	56	38	17	
2030	56	38	17	
2031	56	38	17	
2032	56	38	17	
2033	56	38	17	
2034	56	38	17	
2035	56	38	17	
2036	56	38	17	
2037	56	38	17	
2038	20	24	29	
2039	20	24	29	
2040	40	11	60	
2041	40	11	60	
2042	20	19	16	
2043	20	19	16	
2044	40	16	54	
2045	27	24	25	
2046	27	24	25	
2047	27	24	24	
2048	27	23	39	
2049	27	23	39	
2050	31	38	31	
2051	31	38	31	
2052	58	38	17	
2053	58	38	17	
2054	56	38	17	
2055	56	38	17	
2056	56	38	17	
2057	56	38	17	
2058	56	38	17	
2059	25	24	19	
2060	25	20	19	
2061	25	20	19	
2062	25	20	19	
2063	19	20	26	
2064	19	20	16	
2065	18	20	17	
2066	27	23	39	
2067	27	23	39	
2068	27	21	17	
2069	27	21	17	
2070	26	16	16	
2071	26	16	16	
2072	26	16	16	
2073	17	38	56	
2074	17	38	56	
2075	14	36	44	
2076	38	56	17	
2077	38	56	17	
2078	38	56	17	
2079	38	56	17	
2080	38	56	17	
2081	38	56	17	
2082	38	56	17	
2083	38	56	17	
2084	38	56	17	
2085	38	56	17	
2086	38	56	17	
2087	38	56	17	
2088	38	56	17	
2089	38	56	17	
2090	38	56	17	
2091	38	56	17	
2092	38	56	17	
2093	38	56	17	
2094	38	56	17	
2095	38	56	17	
2096	38	56	17	
2097	38	56	17	
2098	38	56	17	
2099	38	56	17	
2100	38	56	17	
2101	38	56	17	
2102	38	56	17	
2103	17	38	56	
2104	17	38	56	
2105	17	38	56	
2106	17	38	56	
2107	17	38	56	
2108	17	38	56	
2109	17	38	56	
2110	17	38	56	
2111	17	38	56	
2112	17	38	56	
2113	17	38	56	
2114	17	38	56	
2115	29	37	34	
2116	56	18	39	
2117	56	18	39	
2118	17	30	17	
2119	16	30	22	
0	1	2	3	4	5	6	7	8	9	10	11	12	13	14	15	16	17	18	19	20	21	22	23	24	25	26	27	28	29	30	31	32	33	34	35	36	37	38	39	40	41	42	43	44	45	46	47	48	49	50	51	52	53	54	55	56	57	58	59	60	61	62	63	64	65	66	67	68	69	70	71	72	73	74	75	76	77	78	79	80	81	82	83	84	85	86	87	88	89	90	91	92	93	94	95	96	97	98	99	100	101	102	103	104	105	106	107	108	109	110	111	112	113	114	115	116	117	118	119	120	121	122	123	124	125	126	127	128	129	130	131	132	133	134	135	136	137	138	139	140	141	142	143	144	145	146	147	148	149	150	151	152	153	154	155	156	157	158	159	160	161	162	163	164	165	166	167	168	169	170	171	172	173	174	175	176	177	178	179	180	181	182	183	184	185	186	187	188	189	190	191	192	193	194	195	196	197	198	199	200	201	202	203	204	205	206	207	208	209	210	211	212	213	214	215	216	217	218	219	220	221	222	223	224	225	226	227	228	229	230	231	232	233	234	235	236	237	238	239	240	241	242	243	244	245	246	247	248	249	250	251	252	253	254	255	256	257	258	259	260	261	262	263	264	265	266	267	268	269	270	271	272	273	274	275	276	277	278	279	280	281	282	283	284	285	286	287	288	289	290	291	292	293	294	295	296	297	298	299	300	301	302	303	304	305	306	307	308	309	310	311	312	313	314	315	316	317	318	319	320	321	322	323	324	325	326	327	328	329	330	331	332	333	334	335	336	337	338	339	340	341	342	343	344	345	346	347	348	349	350	351	352	353	354	355	356	357	358	359	360	361	362	363	364	365	366	367	368	369	370	371	372	373	374	375	376	377	378	379	380	381	382	383	384	385	386	387	388	389	390	391	392	393	394	395	396	397	398	399	400	401	402	403	404	405	406	407	408	409	410	411	412	413	414	415	416	417	418	419	420	421	422	423	424	425	426	427	428	429	430	431	432	433	434	435	436	437	438	439	440	441	442	443	444	445	446	447	448	449	450	451	452	453	454	455	456	457	458	459	460	461	462	463	464	465	466	467	468	469	470	471	472	473	474	475	476	477	478	479	480	481	482	483	484	485	486	487	488	489	490	491	492	493	494	495	496	497	498	499	500	501	502	503	504	505	506	507	508	509	510	511	512	513	514	515	516	517	518	519	520	521	522	523	524	525	526	527	528	529	530	531	532	533	534	535	536	537	538	539	540	541	542	543	544	545	546	547	548	549	550	551	552	553	554	555	556	557	558	559	560	561	562	563	564	565	566	567	568	569	570	571	572	573	574	575	576	577	578	579	580	581	582	583	584	585	586	587	588	589	590	591	592	593	594	595	596	597	598	599	600	601	602	603	604	605	606	607	608	609	610	611	612	613	614	615	616	617	618	619	620	621	622	623	624	625	626	627	628	629	630	631	632	633	634	635	636	637	638	639	640	641	642	643	644	645	646	647	648	649	650	651	652	653	654	655	656	657	658	659	660	661	662	663	664	665	666	667	668	669	670	671	672	673	674	675	676	677	678	679	680	681	682	683	684	685	686	687	688	689	690	691	692	693	694	695	696	697	698	699	700	701	702	703	704	705	706	707	708	709	710	711	712	713	714	715	716	717	718	719	720	721	722	723	724	725	726	727	728	729	730	731	732	733	734	735	736	737	738	739	740	741	742	743	744	745	746	747	748	749	750	751	752	753	754	755	756	757	758	759	760	761	762	763	764	765	766	767	768	769	770	771	772	773	774	775	776	777	778	779	780	781	782	783	784	785	786	787	788	789	790	791	792	793	794	795	796	797	798	799	800	801	802	803	804	805	806	807	808	809	810	811	812	813	814	815	816	817	818	819	820	821	822	823	824	825	826	827	828	829	830	831	832	833	834	835	836	837	838	839	840	841	842	843	844	845	846	847	848	849	850	851	852	853	854	855	856	857	858	859	860	861	862	863	864	865	866	867	868	869	870	871	872	873	874	875	876	877	878	879	880	881	882	883	884	885	886	887	888	889	890	891	892	893	894	895	896	897	898	899	900	901	902	903	904	905	906	907	908	909	910	911	912	913	914	915	916	917	918	919	920	921	922	923	924	925	926	927	928	929	930	931	932	933	934	935	936	937	938	939	940	941	942	943	944	945	946	947	948	949	950	951	952	953	954	955	956	957	958	959	960	961	962	963	964	965	966	967	968	969	970	971	972	973	974	975	976	977	978	979	980	981	982	983	984	985	986	987	988	989	990	991	992	993	994	995	996	997	998	999	1000	1001	1002	1003	1004	1005	1006	1007	1008	1009	1010	1011	1012	1013	1014	1015	1016	1017	1018	1019	1020	1021	1022	1023	1024	1025	1026	1027	1028	1029	1030	1031	1032	1033	1034	1035	1036	1037	1038	1039	1040	1041	1042	1043	1044	1045	1046	1047	1048	1049	1050	1051	1052	1053	1054	1055	1056	1057	1058	1059	1060	1061	1062	1063	1064	1065	1066	1067	1068	1069	1070	1071	1072	1073	1074	1075	1076	1077	1078	1079	1080	1081	1082	1083	1084	1085	1086	1087	1088	1089	1090	1091	1092	1093	1094	1095	1096	1097	1098	1099	1100	1101	1102	1103	1104	1105	1106	1107	1108	1109	1110	1111	1112	1113	1114	1115	1116	1117	1118	1119	1120	1121	1122	1123	1124	1125	1126	1127	1128	1129	1130	1131	1132	1133	1134	1135	1136	1137	1138	1139	1140	1141	1142	1143	1144	1145	1146	1147	1148	1149	1150	1151	1152	1153	1154	1155	1156	1157	1158	1159	1160	1161	1162	1163	1164	1165	1166	1167	1168	1169	1170	1171	1172	1173	1174	1175	1176	1177	1178	1179	1180	1181	1182	1183	1184	1185	1186	1187	1188	1189	1190	1191	1192	1193	1194	1195	1196	1197	1198	1199	1200	1201	1202	1203	1204	1205	1206	1207	1208	1209	1210	1211	1212	1213	1214	1215	1216	1217	1218	1219	1220	1221	1222	1223	1224	1225	1226	1227	1228	1229	1230	1231	1232	1233	1234	1235	1236	1237	1238	1239	1240	1241	1242	1243	1244	1245	1246	1247	1248	1249	1250	1251	1252	1253	1254	1255	1256	1257	1258	1259	1260	1261	1262	1263	1264	1265	1266	1267	1268	1269	1270	1271	1272	1273	1274	1275	1276	1277	1278	1279	1280	1281	1282	1283	1284	1285	1286	1287	1288	1289	1290	1291	1292	1293	1294	1295	1296	1297	1298	1299	1300	1301	1302	1303	1304	1305	1306	1307	1308	1309	1310	1311	1312	1313	1314	1315	1316	1317	1318	1319	1320	1321	1322	1323	1324	1325	1326	1327	1328	1329	1330	1331	1332	1333	1334	1335	1336	1337	1338	1339	1340	1341	1342	1343	1344	1345	1346	1347	1348	1349	1350	1351	1352	1353	1354	1355	1356	1357	1358	1359	1360	1361	1362	1363	1364	1365	1366	1367	1368	1369	1370	1371	1372	1373	1374	1375	1376	1377	1378	1379	1380	1381	1382	1383	1384	1385	1386	1387	1388	1389	1390	1391	1392	1393	1394	1395	1396	1397	1398	1399	1400	1401	1402	1403	1404	1405	1406	1407	1408	1409	1410	1411	1412	1413	1414	1415	1416	1417	1418	1419	1420	1421	1422	1423	1424	1425	1426	1427	1428	1429	1430	1431	1432	1433	1434	1435	1436	1437	1438	1439	1440	1441	1442	1443	1444	1445	1446	1447	1448	1449	1450	1451	1452	1453	1454	1455	1456	1457	1458	1459	1460	1461	1462	1463	1464	1465	1466	1467	1468	1469	1470	1471	1472	1473	1474	1475	1476	1477	1478	1479	1480	1481	1482	1483	1484	1485	1486	1487	1488	1489	1490	1491	1492	1493	1494	1495	1496	1497	1498	1499	1500	1501	1502	1503	1504	1505	1506	1507	1508	1509	1510	1511	1512	1513	1514	1515	1516	1517	1518	1519	1520	1521	1522	1523	1524	1525	1526	1527	1528	1529	1530	1531	1532	1533	1534	1535	1536	1537	1538	1539	1540	1541	1542	1543	1544	1545	1546	1547	1548	1549	1550	1551	1552	1553	1554	1555	1556	1557	1558	1559	1560	1561	1562	1563	1564	1565	1566	1567	1568	1569	1570	1571	1572	1573	1574	1575	1576	1577	1578	1579	1580	1581	1582	1583	1584	1585	1586	1587	1588	1589	1590	1591	1592	1593	1594	1595	1596	1597	1598	1599	1600	1601	1602	1603	1604	1605	1606	1607	1608	1609	1610	1611	1612	1613	1614	1615	1616	1617	1618	1619	1620	1621	1622	1623	1624	1625	1626	1627	1628	1629	1630	1631	1632	1633	1634	1635	1636	1637	1638	1639	1640	1641	1642	1643	1644	1645	1646	1647	1648	1649	1650	1651	1652	1653	1654	1655	1656	1657	1658	1659	1660	1661	1662	1663	1664	1665	1666	1667	1668	1669	1670	1671	1672	1673	1674	1675	1676	1677	1678	1679	1680	1681	1682	1683	1684	1685	1686	1687	1688	1689	1690	1691	1692	1693	1694	1695	1696	1697	1698	1699	1700	1701	1702	1703	1704	1705	1706	1707	1708	1709	1710	1711	1712	1713	1714	1715	1716	1717	1718	1719	1720	1721	1722	1723	1724	1725	1726	1727	1728	1729	1730	1731	1732	1733	1734	1735	1736	1737	1738	1739	1740	1741	1742	1743	1744	1745	1746	1747	1748	1749	1750	1751	1752	1753	1754	1755	1756	1757	1758	1759	1760	1761	1762	1763	1764	1765	1766	1767	1768	1769	1770	1771	1772	1773	1774	1775	1776	1777	1778	1779	1780	1781	1782	1783	1784	1785	1786	1787	1788	1789	1790	1791	1792	1793	1794	1795	1796	1797	1798	1799	1800	1801	1802	1803	1804	1805	1806	1807	1808	1809	1810	1811	1812	1813	1814	1815	1816	1817	1818	1819	1820	1821	1822	1823	1824	1825	1826	1827	1828	1829	1830	1831	1832	1833	1834	1835	1836	1837	1838	1839	1840	1841	1842	1843	1844	1845	1846	1847	1848	1849	1850	1851	1852	1853	1854	1855	1856	1857	1858	1859	1860	1861	1862	1863	1864	1865	1866	1867	1868	1869	1870	1871	1872	1873	1874	1875	1876	1877	1878	1879	1880	1881	1882	1883	1884	1885	1886	1887	1888	1889	1890	1891	1892	1893	1894	1895	1896	1897	1898	1899	1900	1901	1902	1903	1904	1905	1906	1907	1908	1909	1910	1911	1912	1913	1914	1915	1916	1917	1918	1919	1920	1921	1922	1923	1924	1925	1926	1927	1928	1929	1930	1931	1932	1933	1934	1935	1936	1937	1938	1939	1940	1941	1942	1943	1944	1945	1946	1947	1948	1949	1950	1951	1952	1953	1954	1955	1956	1957	1958	1959	1960	1961	1962	1963	1964	1965	1966	1967	1968	1969	1970	1971	1972	1973	1974	1975	1976	1977	1978	1979	1980	1981	1982	1983	1984	1985	1986	1987	1988	1989	1990	1991	1992	1993	1994	1995	1996	1997	1998	1999	2000	2001	2002	2003	2004	2005	2006	2007	2008	2009	2010	2011	2012	2013	2014	2015	2016	2017	2018	2019	2020	2021	2022	2023	2024	2025	2026	2027	2028	2029	2030	2031	2032	2033	2034	2035	2036	2037	2038	2039	2040	2041	2042	2043	2044	2045	2046	2047	2048	2049	2050	2051	2052	2053	2054	2055	2056	2057	2058	2059	2060	2061	2062	2063	2064	2065	2066	2067	2068	2069	2070	2071	2072	2073	2074	2075	2076	2077	2078	2079	2080	2081	2082	2083	2084	2085	2086	2087	2088	2089	2090	2091	2092	2093	2094	2095	2096	2097	2098	2099	2100	2101	2102	2103	2104	2105	2106	2107	2108	2109	2110	2111	2112	2113	2114	2115	2116	2117	2118	2119	
