1760
120	100	160
0	40	52	16	
1	40	52	16	
2	40	52	16	
3	40	52	16	
4	40	52	16	
5	40	52	16	
6	40	52	16	
7	40	52	16	
8	40	52	16	
9	40	52	16	
10	40	52	16	
11	40	52	16	
12	40	52	16	
13	40	52	16	
14	40	52	16	
15	40	52	16	
16	40	52	16	
17	40	52	16	
18	40	52	16	
19	40	52	16	
20	40	52	16	
21	40	52	16	
22	40	52	16	
23	40	52	16	
24	40	52	16	
25	40	52	16	
26	40	52	16	
27	40	52	16	
28	40	52	16	
29	40	52	16	
30	34	48	16	
31	34	48	16	
32	34	48	16	
33	34	48	16	
34	34	48	16	
35	34	48	16	
36	34	48	16	
37	34	48	16	
38	34	48	16	
39	34	48	16	
40	34	48	16	
41	34	48	16	
42	34	48	16	
43	34	48	16	
44	34	48	16	
45	34	48	16	
46	34	48	16	
47	34	48	16	
48	34	48	16	
49	34	48	16	
50	34	48	16	
51	34	48	16	
52	34	48	16	
53	34	48	16	
54	34	48	16	
55	34	48	16	
56	34	48	16	
57	34	48	16	
58	34	48	16	
59	34	48	16	
60	18	23	24	
61	18	23	24	
62	18	23	24	
63	18	23	24	
64	18	23	24	
65	18	23	24	
66	18	23	24	
67	18	23	24	
68	18	23	24	
69	18	23	24	
70	18	23	24	
71	18	23	24	
72	16	21	15	
73	16	21	15	
74	24	30	10	
75	24	30	10	
76	24	30	10	
77	24	30	10	
78	24	30	10	
79	24	30	10	
80	24	30	10	
81	24	30	10	
82	24	30	10	
83	24	30	10	
84	24	30	10	
85	24	30	10	
86	24	30	10	
87	24	30	10	
88	24	30	10	
89	24	30	10	
90	24	30	10	
91	24	30	10	
92	24	30	10	
93	24	30	10	
94	24	30	10	
95	24	30	10	
96	24	30	10	
97	24	30	10	
98	24	30	10	
99	24	30	10	
100	24	30	10	
101	24	30	10	
102	24	30	10	
103	24	30	10	
104	24	30	10	
105	24	30	10	
106	24	30	10	
107	24	30	10	
108	24	30	10	
109	24	30	10	
110	24	30	10	
111	24	30	10	
112	24	30	10	
113	24	30	10	
114	24	30	10	
115	24	30	10	
116	24	30	10	
117	24	30	10	
118	24	30	10	
119	24	30	10	
120	24	30	10	
121	24	30	10	
122	24	30	10	
123	24	30	10	
124	24	30	10	
125	24	30	10	
126	24	30	10	
127	24	30	10	
128	24	30	10	
129	24	30	10	
130	24	30	10	
131	24	30	10	
132	24	30	10	
133	24	30	10	
134	24	30	10	
135	24	30	10	
136	24	30	10	
137	24	30	10	
138	24	30	10	
139	24	30	10	
140	24	30	10	
141	24	30	10	
142	24	30	10	
143	24	30	10	
144	24	30	10	
145	24	30	10	
146	24	30	10	
147	24	30	10	
148	24	30	10	
149	24	30	10	
150	24	30	10	
151	24	30	10	
152	24	30	10	
153	24	30	10	
154	48	35	16	
155	48	35	16	
156	48	35	16	
157	48	35	16	
158	48	35	16	
159	48	35	16	
160	48	35	16	
161	48	35	16	
162	48	35	16	
163	48	35	16	
164	48	35	16	
165	48	35	16	
166	48	35	16	
167	48	35	16	
168	48	35	16	
169	48	35	16	
170	48	35	16	
171	48	35	16	
172	48	35	16	
173	48	35	16	
174	48	35	16	
175	48	35	16	
176	48	35	16	
177	48	35	16	
178	48	35	16	
179	48	35	16	
180	48	35	16	
181	48	35	16	
182	48	35	16	
183	48	35	16	
184	48	35	16	
185	48	35	16	
186	48	35	16	
187	48	35	16	
188	48	35	16	
189	48	35	16	
190	48	35	16	
191	48	35	16	
192	48	35	16	
193	48	35	16	
194	24	30	10	
195	24	30	10	
196	24	30	10	
197	24	30	10	
198	24	30	10	
199	24	30	10	
200	24	30	10	
201	24	30	10	
202	24	30	10	
203	24	30	10	
204	24	30	10	
205	24	30	10	
206	24	30	10	
207	24	30	10	
208	24	30	10	
209	24	30	10	
210	24	40	60	
211	24	40	60	
212	24	40	33	
213	40	52	16	
214	40	52	16	
215	40	52	16	
216	34	48	16	
217	34	48	16	
218	34	48	16	
219	34	48	16	
220	34	48	16	
221	34	48	16	
222	34	48	16	
223	34	48	16	
224	34	48	16	
225	34	48	16	
226	34	48	16	
227	34	48	16	
228	34	48	16	
229	34	48	16	
230	34	48	16	
231	34	48	16	
232	34	48	16	
233	34	48	16	
234	34	48	16	
235	34	48	16	
236	34	48	16	
237	34	48	16	
238	34	48	16	
239	34	48	16	
240	34	48	16	
241	34	48	16	
242	34	48	16	
243	34	48	16	
244	34	48	16	
245	34	48	16	
246	40	52	16	
247	40	52	16	
248	40	52	16	
249	40	52	16	
250	40	52	16	
251	40	52	16	
252	40	52	16	
253	40	52	16	
254	40	52	16	
255	40	52	16	
256	40	52	16	
257	40	52	16	
258	40	52	16	
259	40	52	16	
260	40	52	16	
261	40	52	16	
262	40	52	16	
263	40	52	16	
264	40	52	16	
265	40	52	16	
266	40	52	16	
267	40	52	16	
268	40	52	16	
269	40	52	16	
270	30	22	16	
271	30	22	16	
272	30	22	16	
273	30	22	16	
274	30	22	16	
275	30	22	16	
276	30	22	16	
277	30	22	16	
278	18	23	24	
279	18	23	24	
280	18	23	24	
281	18	23	24	
282	18	23	24	
283	18	23	24	
284	18	23	24	
285	18	23	24	
286	18	23	24	
287	18	23	24	
288	18	23	24	
289	18	23	24	
290	16	21	15	
291	16	21	15	
292	24	34	31	
293	24	34	31	
294	24	34	31	
295	24	34	31	
296	24	34	31	
297	24	34	31	
298	24	34	31	
299	24	34	31	
300	24	34	31	
301	24	34	31	
302	24	34	31	
303	24	34	31	
304	24	34	31	
305	24	34	31	
306	24	34	31	
307	24	34	31	
308	24	34	31	
309	24	34	31	
310	24	34	31	
311	24	34	31	
312	24	34	31	
313	24	34	31	
314	24	34	31	
315	24	34	31	
316	24	34	31	
317	17	39	58	
318	17	39	58	
319	17	39	58	
320	17	39	58	
321	17	39	58	
322	17	39	58	
323	17	39	58	
324	17	39	58	
325	17	39	58	
326	17	39	58	
327	17	39	58	
328	17	39	58	
329	17	39	58	
330	17	39	58	
331	30	27	49	
332	30	27	49	
333	30	27	49	
334	30	27	49	
335	30	27	49	
336	30	27	49	
337	30	27	49	
338	30	27	49	
339	30	27	49	
340	30	27	49	
341	30	27	49	
342	30	27	49	
343	30	21	13	
344	30	21	13	
345	30	21	13	
346	30	21	13	
347	17	15	22	
348	17	15	22	
349	17	15	22	
350	17	15	22	
351	17	15	22	
352	17	15	22	
353	17	15	22	
354	17	15	22	
355	17	15	22	
356	17	15	22	
357	17	15	22	
358	17	15	22	
359	17	15	22	
360	17	15	22	
361	26	24	22	
362	26	24	22	
363	26	24	22	
364	26	24	22	
365	26	24	22	
366	26	24	22	
367	26	24	22	
368	26	24	22	
369	15	17	22	
370	15	17	22	
371	24	34	31	
372	24	34	31	
373	24	34	31	
374	24	34	31	
375	24	34	31	
376	24	34	31	
377	24	34	31	
378	24	34	31	
379	24	34	31	
380	24	34	31	
381	24	34	31	
382	24	34	31	
383	24	34	31	
384	24	34	31	
385	24	34	31	
386	24	34	31	
387	24	34	31	
388	24	34	31	
389	24	34	31	
390	24	34	31	
391	24	34	31	
392	24	34	31	
393	24	34	31	
394	24	34	31	
395	24	34	31	
396	17	39	58	
397	17	39	58	
398	17	39	58	
399	17	39	58	
400	17	39	58	
401	17	39	58	
402	17	39	58	
403	17	39	58	
404	17	39	58	
405	17	39	58	
406	17	39	58	
407	17	39	58	
408	17	39	58	
409	17	39	58	
410	30	27	49	
411	30	27	49	
412	30	27	49	
413	30	27	49	
414	30	27	49	
415	30	27	49	
416	30	27	49	
417	30	27	49	
418	30	27	49	
419	30	27	49	
420	30	27	49	
421	30	27	49	
422	30	21	13	
423	30	21	13	
424	30	21	13	
425	30	21	13	
426	17	15	22	
427	17	15	22	
428	17	15	22	
429	17	15	22	
430	17	15	22	
431	17	15	22	
432	17	15	22	
433	17	15	22	
434	17	15	22	
435	17	15	22	
436	17	15	22	
437	17	15	22	
438	17	15	22	
439	17	15	22	
440	26	24	22	
441	26	24	22	
442	26	24	22	
443	26	24	22	
444	26	24	22	
445	26	24	22	
446	26	24	22	
447	26	24	22	
448	15	17	22	
449	15	17	22	
450	24	34	31	
451	24	34	31	
452	24	34	31	
453	24	34	31	
454	24	34	31	
455	24	34	31	
456	24	34	31	
457	24	34	31	
458	24	34	31	
459	24	34	31	
460	24	34	31	
461	24	34	31	
462	24	34	31	
463	24	34	31	
464	24	34	31	
465	24	34	31	
466	24	34	31	
467	24	34	31	
468	24	34	31	
469	24	34	31	
470	24	34	31	
471	24	34	31	
472	24	34	31	
473	24	34	31	
474	24	34	31	
475	17	39	58	
476	17	39	58	
477	17	39	58	
478	17	39	58	
479	17	39	58	
480	17	39	58	
481	17	39	58	
482	17	39	58	
483	17	39	58	
484	17	39	58	
485	17	39	58	
486	17	39	58	
487	17	39	58	
488	17	39	58	
489	30	27	49	
490	30	27	49	
491	30	27	49	
492	30	27	49	
493	30	27	49	
494	30	27	49	
495	30	27	49	
496	30	27	49	
497	30	27	49	
498	30	27	49	
499	30	27	49	
500	30	27	49	
501	30	21	13	
502	30	21	13	
503	30	21	13	
504	30	21	13	
505	17	15	22	
506	17	15	22	
507	17	15	22	
508	17	15	22	
509	17	15	22	
510	17	15	22	
511	17	15	22	
512	17	15	22	
513	17	15	22	
514	17	15	22	
515	17	15	22	
516	17	15	22	
517	17	15	22	
518	17	15	22	
519	26	24	22	
520	26	24	22	
521	26	24	22	
522	26	24	22	
523	26	24	22	
524	26	24	22	
525	26	24	22	
526	26	24	22	
527	15	17	22	
528	15	17	22	
529	24	31	34	
530	24	31	34	
531	24	31	34	
532	24	31	34	
533	24	31	34	
534	24	31	34	
535	24	31	34	
536	24	31	34	
537	24	31	34	
538	24	31	34	
539	24	31	34	
540	24	31	34	
541	24	31	34	
542	24	31	34	
543	24	31	34	
544	24	31	34	
545	24	31	34	
546	24	31	34	
547	24	31	34	
548	24	31	34	
549	28	10	24	
550	28	10	24	
551	28	10	24	
552	28	10	24	
553	28	10	24	
554	28	10	24	
555	28	10	24	
556	28	10	24	
557	28	10	24	
558	30	22	16	
559	30	22	16	
560	30	22	16	
561	30	22	16	
562	30	22	16	
563	30	22	16	
564	30	22	16	
565	30	22	16	
566	30	22	16	
567	30	22	16	
568	30	22	16	
569	30	22	16	
570	30	22	16	
571	30	22	16	
572	30	22	16	
573	30	22	16	
574	30	22	16	
575	30	22	16	
576	30	22	16	
577	30	22	16	
578	30	22	16	
579	30	22	16	
580	30	22	16	
581	30	22	16	
582	30	22	16	
583	30	22	16	
584	30	22	16	
585	30	22	16	
586	26	28	24	
587	48	35	16	
588	48	35	16	
589	48	35	16	
590	48	35	16	
591	48	35	16	
592	48	35	16	
593	48	35	16	
594	48	35	16	
595	48	35	16	
596	48	35	16	
597	48	35	16	
598	48	35	16	
599	48	35	16	
600	48	35	16	
601	48	35	16	
602	48	35	16	
603	48	35	16	
604	48	35	16	
605	48	35	16	
606	48	35	16	
607	22	21	44	
608	22	21	44	
609	22	21	44	
610	22	21	44	
611	22	21	44	
612	39	12	50	
613	39	12	50	
614	39	12	50	
615	39	12	50	
616	39	12	50	
617	39	12	50	
618	39	12	50	
619	39	12	50	
620	39	12	50	
621	3	4	6	
622	10	28	24	
623	24	34	31	
624	24	34	31	
625	24	34	31	
626	24	34	31	
627	24	34	31	
628	10	17	14	
629	48	35	16	
630	48	35	16	
631	48	35	16	
632	48	35	16	
633	48	35	16	
634	48	35	16	
635	48	35	16	
636	48	35	16	
637	48	35	16	
638	48	35	16	
639	48	35	16	
640	48	35	16	
641	48	35	16	
642	48	35	16	
643	48	35	16	
644	48	35	16	
645	48	35	16	
646	48	35	16	
647	48	35	16	
648	48	35	16	
649	29	36	34	
650	29	36	34	
651	29	36	34	
652	29	36	34	
653	29	36	34	
654	29	36	34	
655	29	36	34	
656	29	36	34	
657	29	36	34	
658	29	36	34	
659	29	36	34	
660	29	36	34	
661	29	18	20	
662	29	18	20	
663	29	18	20	
664	29	18	20	
665	29	18	20	
666	29	18	20	
667	30	29	26	
668	30	29	26	
669	30	29	26	
670	30	29	26	
671	20	29	18	
672	20	29	18	
673	20	29	18	
674	20	29	18	
675	20	29	18	
676	20	29	18	
677	30	29	26	
678	30	29	26	
679	30	29	26	
680	30	29	26	
681	20	29	24	
682	20	29	24	
683	20	29	24	
684	20	29	24	
685	20	29	24	
686	20	29	24	
687	15	29	22	
688	15	29	22	
689	15	29	22	
690	15	29	22	
691	15	29	22	
692	15	29	22	
693	15	29	22	
694	15	29	22	
695	20	29	11	
696	20	29	11	
697	20	29	11	
698	20	29	11	
699	25	29	17	
700	25	29	17	
701	25	29	17	
702	25	29	17	
703	48	29	27	
704	48	29	27	
705	16	18	15	
706	16	18	15	
707	16	18	15	
708	16	18	15	
709	16	18	15	
710	16	18	15	
711	16	18	15	
712	16	18	15	
713	31	25	13	
714	31	25	13	
715	31	25	13	
716	31	25	13	
717	31	25	13	
718	31	25	13	
719	31	25	13	
720	31	25	13	
721	31	25	13	
722	31	25	13	
723	16	11	23	
724	16	11	23	
725	16	11	23	
726	16	11	23	
727	16	10	13	
728	16	10	13	
729	28	10	24	
730	24	35	32	
731	24	34	31	
732	24	34	31	
733	24	34	31	
734	24	34	31	
735	36	29	34	
736	36	29	34	
737	36	29	34	
738	36	29	34	
739	36	29	34	
740	36	29	34	
741	36	29	34	
742	36	29	34	
743	36	29	34	
744	36	29	34	
745	36	29	34	
746	36	29	34	
747	15	16	21	
748	15	16	21	
749	35	48	16	
750	35	48	16	
751	35	48	16	
752	35	48	16	
753	35	48	16	
754	35	48	16	
755	35	48	16	
756	35	48	16	
757	35	48	16	
758	35	48	16	
759	35	48	16	
760	35	48	16	
761	35	48	16	
762	35	48	16	
763	35	48	16	
764	35	48	16	
765	35	48	16	
766	35	48	16	
767	35	48	16	
768	35	48	16	
769	35	48	16	
770	35	48	16	
771	35	48	16	
772	35	48	16	
773	35	48	16	
774	35	48	16	
775	35	48	16	
776	35	48	16	
777	35	48	16	
778	35	48	16	
779	30	13	11	
780	30	13	11	
781	30	13	11	
782	30	13	11	
783	30	13	11	
784	30	13	11	
785	24	23	18	
786	24	23	18	
787	24	23	18	
788	24	23	18	
789	24	23	18	
790	24	23	18	
791	24	23	18	
792	24	23	18	
793	24	23	18	
794	24	23	18	
795	24	23	18	
796	24	23	18	
797	24	23	18	
798	24	23	18	
799	24	23	18	
800	24	23	18	
801	24	23	18	
802	24	23	18	
803	24	23	18	
804	24	23	18	
805	24	23	18	
806	24	23	18	
807	24	23	18	
808	24	23	18	
809	24	23	18	
810	24	23	18	
811	24	23	18	
812	24	23	18	
813	24	23	18	
814	24	23	18	
815	60	23	25	
816	60	23	25	
817	60	23	25	
818	60	23	25	
819	26	14	21	
820	26	14	21	
821	26	14	21	
822	18	15	19	
823	15	16	18	
824	15	16	18	
825	15	16	18	
826	15	16	18	
827	15	16	18	
828	15	16	18	
829	15	16	18	
830	15	16	18	
831	15	16	18	
832	15	16	18	
833	15	16	18	
834	15	16	18	
835	15	16	18	
836	15	16	18	
837	15	16	18	
838	15	16	18	
839	15	16	18	
840	15	16	18	
841	14	25	29	
842	15	23	25	
843	12	25	26	
844	12	25	26	
845	12	25	26	
846	12	16	41	
847	12	16	41	
848	39	12	50	
849	39	12	50	
850	39	12	50	
851	39	12	50	
852	39	12	50	
853	39	12	50	
854	39	12	50	
855	39	12	50	
856	39	12	50	
857	39	56	18	
858	39	56	18	
859	39	56	18	
860	39	56	18	
861	39	56	18	
862	39	56	18	
863	39	56	18	
864	39	56	18	
865	39	56	18	
866	39	56	18	
867	39	56	18	
868	39	56	18	
869	39	56	18	
870	39	56	18	
871	39	56	18	
872	39	56	18	
873	39	56	18	
874	39	56	18	
875	39	56	18	
876	39	56	18	
877	39	56	18	
878	39	56	18	
879	39	56	18	
880	39	56	18	
881	40	16	54	
882	40	16	54	
883	40	16	54	
884	40	16	54	
885	40	16	54	
886	40	16	54	
887	10	14	16	
888	10	14	16	
889	10	14	16	
890	10	14	16	
891	15	16	18	
892	15	16	18	
893	15	16	18	
894	15	16	18	
895	15	16	18	
896	15	16	18	
897	15	16	18	
898	15	16	18	
899	15	16	18	
900	15	16	18	
901	15	16	18	
902	15	16	18	
903	15	16	18	
904	15	16	18	
905	15	16	18	
906	15	16	18	
907	13	32	44	
908	13	32	44	
909	13	32	44	
910	13	32	44	
911	13	32	44	
912	13	32	44	
913	13	32	44	
914	13	32	44	
915	15	18	16	
916	15	18	16	
917	15	18	16	
918	15	18	16	
919	15	18	16	
920	15	18	16	
921	15	18	16	
922	15	18	16	
923	15	18	16	
924	15	18	16	
925	15	18	16	
926	15	18	16	
927	15	18	16	
928	15	18	16	
929	15	18	16	
930	15	18	16	
931	15	18	16	
932	15	18	16	
933	15	18	16	
934	15	18	16	
935	15	18	16	
936	34	31	24	
937	34	31	24	
938	34	31	24	
939	34	31	24	
940	34	31	24	
941	34	31	24	
942	16	31	16	
943	26	16	16	
944	26	16	16	
945	15	15	16	
946	15	15	16	
947	15	15	16	
948	39	12	50	
949	39	12	50	
950	39	12	50	
951	39	12	50	
952	39	12	50	
953	39	12	50	
954	39	12	50	
955	39	12	50	
956	39	12	50	
957	39	56	18	
958	39	56	18	
959	39	56	18	
960	39	56	18	
961	39	56	18	
962	39	56	18	
963	39	56	18	
964	39	56	18	
965	39	56	18	
966	39	56	18	
967	39	56	18	
968	39	56	18	
969	39	56	18	
970	39	56	18	
971	39	56	18	
972	39	56	18	
973	39	56	18	
974	39	56	18	
975	39	56	18	
976	39	56	18	
977	39	56	18	
978	39	56	18	
979	39	56	18	
980	39	56	18	
981	40	16	54	
982	40	16	54	
983	40	16	54	
984	40	16	54	
985	40	16	54	
986	40	16	54	
987	10	14	16	
988	10	14	16	
989	10	14	16	
990	10	14	16	
991	15	16	18	
992	15	16	18	
993	15	16	18	
994	15	16	18	
995	15	16	18	
996	15	16	18	
997	15	16	18	
998	15	16	18	
999	15	16	18	
1000	15	16	18	
1001	15	16	18	
1002	15	16	18	
1003	15	16	18	
1004	15	16	18	
1005	15	16	18	
1006	15	16	18	
1007	13	32	44	
1008	13	32	44	
1009	13	32	44	
1010	13	32	44	
1011	13	32	44	
1012	13	32	44	
1013	13	32	44	
1014	13	32	44	
1015	15	18	16	
1016	15	18	16	
1017	15	18	16	
1018	15	18	16	
1019	15	18	16	
1020	15	18	16	
1021	15	18	16	
1022	15	18	16	
1023	15	18	16	
1024	15	18	16	
1025	15	18	16	
1026	15	18	16	
1027	15	18	16	
1028	15	18	16	
1029	15	18	16	
1030	15	18	16	
1031	15	18	16	
1032	15	18	16	
1033	15	18	16	
1034	15	18	16	
1035	15	18	16	
1036	34	31	24	
1037	34	31	24	
1038	34	31	24	
1039	34	31	24	
1040	34	31	24	
1041	34	31	24	
1042	16	31	16	
1043	26	16	16	
1044	26	16	16	
1045	15	15	16	
1046	15	15	16	
1047	15	15	16	
1048	36	14	44	
1049	36	14	44	
1050	36	14	44	
1051	36	14	44	
1052	36	14	44	
1053	36	14	44	
1054	36	14	44	
1055	36	14	44	
1056	36	14	44	
1057	36	14	44	
1058	36	14	44	
1059	36	14	44	
1060	36	14	44	
1061	36	14	44	
1062	36	14	44	
1063	36	14	44	
1064	36	14	44	
1065	36	14	44	
1066	36	14	44	
1067	36	14	44	
1068	36	14	44	
1069	26	24	28	
1070	26	24	28	
1071	26	24	28	
1072	26	24	28	
1073	48	35	16	
1074	48	35	16	
1075	48	35	16	
1076	48	35	16	
1077	48	35	16	
1078	48	35	16	
1079	48	35	16	
1080	48	35	16	
1081	48	35	16	
1082	48	35	16	
1083	48	35	16	
1084	48	35	16	
1085	48	35	16	
1086	48	35	16	
1087	48	35	16	
1088	48	35	16	
1089	48	35	16	
1090	48	35	16	
1091	48	35	16	
1092	48	35	16	
1093	34	29	37	
1094	34	29	37	
1095	34	29	37	
1096	34	29	37	
1097	34	29	37	
1098	34	29	37	
1099	34	29	37	
1100	34	29	37	
1101	19	22	11	
1102	19	22	11	
1103	19	22	11	
1104	36	34	29	
1105	36	34	29	
1106	36	34	29	
1107	36	34	29	
1108	36	34	29	
1109	36	34	29	
1110	36	34	29	
1111	36	34	29	
1112	36	34	29	
1113	36	34	29	
1114	17	13	15	
1115	17	13	15	
1116	17	13	15	
1117	17	13	15	
1118	17	13	15	
1119	17	13	15	
1120	17	13	15	
1121	17	13	15	
1122	17	13	15	
1123	17	13	15	
1124	13	32	45	
1125	13	32	45	
1126	13	32	45	
1127	13	31	25	
1128	34	37	29	
1129	34	37	29	
1130	34	37	29	
1131	34	37	29	
1132	34	37	29	
1133	34	37	29	
1134	20	26	50	
1135	20	26	50	
1136	20	26	50	
1137	20	26	50	
1138	20	26	50	
1139	20	26	50	
1140	17	38	58	
1141	17	38	58	
1142	17	38	58	
1143	17	38	58	
1144	17	38	58	
1145	17	38	58	
1146	17	38	58	
1147	17	38	58	
1148	17	38	58	
1149	17	38	58	
1150	17	38	58	
1151	17	38	58	
1152	29	34	37	
1153	29	34	37	
1154	29	34	37	
1155	29	34	37	
1156	29	34	37	
1157	29	34	37	
1158	29	34	37	
1159	29	34	37	
1160	29	34	37	
1161	20	15	19	
1162	20	15	19	
1163	20	15	19	
1164	20	15	19	
1165	20	15	19	
1166	20	15	19	
1167	20	15	19	
1168	20	15	19	
1169	20	19	15	
1170	20	19	15	
1171	20	19	15	
1172	20	19	15	
1173	20	19	15	
1174	20	19	15	
1175	20	19	15	
1176	20	19	15	
1177	20	19	15	
1178	20	19	15	
1179	29	22	37	
1180	29	22	37	
1181	29	22	37	
1182	29	22	37	
1183	29	22	37	
1184	29	22	37	
1185	29	22	37	
1186	29	22	37	
1187	23	16	11	
1188	23	16	11	
1189	15	18	19	
1190	15	18	19	
1191	15	18	19	
1192	15	18	19	
1193	15	18	19	
1194	15	18	19	
1195	15	18	19	
1196	15	18	19	
1197	15	18	19	
1198	15	18	19	
1199	15	18	19	
1200	15	18	19	
1201	19	25	24	
1202	19	25	24	
1203	19	25	24	
1204	19	25	24	
1205	19	25	24	
1206	19	25	24	
1207	19	22	11	
1208	16	35	48	
1209	16	35	48	
1210	16	35	48	
1211	16	35	48	
1212	16	35	48	
1213	16	35	48	
1214	15	16	15	
1215	15	16	15	
1216	15	16	15	
1217	15	16	15	
1218	17	38	56	
1219	17	38	56	
1220	17	38	56	
1221	17	38	56	
1222	17	38	56	
1223	17	38	56	
1224	17	38	56	
1225	17	38	56	
1226	17	38	56	
1227	17	38	56	
1228	17	38	56	
1229	17	38	56	
1230	17	38	56	
1231	17	38	56	
1232	41	23	62	
1233	41	23	62	
1234	29	37	34	
1235	29	37	34	
1236	29	37	34	
1237	29	37	34	
1238	29	37	34	
1239	29	37	34	
1240	29	37	34	
1241	29	37	34	
1242	29	37	34	
1243	29	37	34	
1244	29	37	34	
1245	29	37	34	
1246	17	38	56	
1247	17	38	56	
1248	17	38	56	
1249	17	38	56	
1250	17	38	56	
1251	17	38	56	
1252	17	38	56	
1253	22	23	24	
1254	22	23	24	
1255	22	23	24	
1256	22	23	24	
1257	23	18	24	
1258	23	18	24	
1259	23	18	24	
1260	23	18	24	
1261	60	23	25	
1262	20	23	23	
1263	20	23	23	
1264	20	23	23	
1265	25	23	46	
1266	23	38	24	
1267	23	38	24	
1268	18	19	15	
1269	18	19	15	
1270	18	19	15	
1271	18	19	15	
1272	18	19	15	
1273	18	19	15	
1274	18	19	15	
1275	18	19	15	
1276	18	19	15	
1277	18	19	15	
1278	18	19	15	
1279	18	19	15	
1280	18	19	15	
1281	18	19	15	
1282	18	19	15	
1283	18	19	15	
1284	15	19	18	
1285	15	19	18	
1286	15	19	18	
1287	15	19	18	
1288	15	19	18	
1289	15	19	18	
1290	38	24	22	
1291	26	23	45	
1292	34	24	25	
1293	33	24	41	
1294	26	22	24	
1295	26	22	24	
1296	26	22	24	
1297	23	38	18	
1298	48	34	16	
1299	48	34	16	
1300	48	34	16	
1301	14	21	14	
1302	14	21	14	
1303	14	21	14	
1304	14	21	14	
1305	14	21	14	
1306	14	21	14	
1307	14	21	14	
1308	14	21	14	
1309	14	21	14	
1310	14	21	14	
1311	14	21	14	
1312	14	21	14	
1313	18	39	56	
1314	18	39	56	
1315	18	39	56	
1316	18	39	56	
1317	18	39	56	
1318	18	39	56	
1319	18	39	56	
1320	18	39	56	
1321	18	39	56	
1322	18	39	56	
1323	18	39	56	
1324	18	39	56	
1325	22	20	25	
1326	19	18	15	
1327	19	18	15	
1328	19	18	15	
1329	19	18	15	
1330	19	18	15	
1331	19	18	15	
1332	19	18	15	
1333	19	18	15	
1334	19	18	15	
1335	19	18	15	
1336	19	18	15	
1337	19	18	15	
1338	19	18	15	
1339	19	18	15	
1340	19	18	15	
1341	29	22	37	
1342	29	22	37	
1343	21	19	19	
1344	21	19	19	
1345	21	19	19	
1346	21	19	20	
1347	18	17	19	
1348	18	17	19	
1349	18	17	19	
1350	18	17	19	
1351	18	17	19	
1352	18	16	15	
1353	18	16	15	
1354	18	16	15	
1355	18	16	15	
1356	18	16	15	
1357	32	13	45	
1358	32	13	45	
1359	16	13	20	
1360	16	13	20	
1361	23	16	14	
1362	23	16	14	
1363	30	27	49	
1364	30	27	49	
1365	30	27	49	
1366	30	25	20	
1367	30	25	20	
1368	30	25	20	
1369	15	19	18	
1370	15	19	18	
1371	15	19	18	
1372	15	19	18	
1373	15	19	18	
1374	15	19	18	
1375	15	19	18	
1376	15	19	18	
1377	15	19	18	
1378	15	19	18	
1379	15	19	18	
1380	15	19	18	
1381	15	19	18	
1382	15	19	18	
1383	15	19	18	
1384	15	19	18	
1385	15	19	18	
1386	15	19	18	
1387	15	19	18	
1388	15	19	18	
1389	15	19	18	
1390	15	19	18	
1391	15	19	18	
1392	15	19	18	
1393	15	19	18	
1394	15	19	18	
1395	15	19	18	
1396	15	19	18	
1397	15	19	18	
1398	15	19	18	
1399	20	19	15	
1400	20	19	15	
1401	20	19	15	
1402	20	19	15	
1403	20	19	15	
1404	20	19	15	
1405	20	19	15	
1406	17	15	14	
1407	17	15	14	
1408	36	34	29	
1409	36	34	29	
1410	36	34	29	
1411	36	34	29	
1412	36	34	29	
1413	36	34	29	
1414	36	34	29	
1415	36	34	29	
1416	36	34	29	
1417	36	34	29	
1418	18	19	15	
1419	18	19	15	
1420	18	19	15	
1421	18	19	15	
1422	16	15	15	
1423	16	15	15	
1424	16	15	15	
1425	13	32	44	
1426	16	15	18	
1427	17	15	14	
1428	17	15	14	
1429	17	15	14	
1430	21	14	14	
1431	12	39	50	
1432	12	39	50	
1433	12	39	50	
1434	48	34	16	
1435	48	34	16	
1436	48	34	16	
1437	14	21	14	
1438	14	21	14	
1439	14	21	14	
1440	14	21	14	
1441	14	21	14	
1442	14	21	14	
1443	14	21	14	
1444	14	21	14	
1445	14	21	14	
1446	14	21	14	
1447	14	21	14	
1448	14	21	14	
1449	18	39	56	
1450	18	39	56	
1451	18	39	56	
1452	18	39	56	
1453	18	39	56	
1454	18	39	56	
1455	18	39	56	
1456	18	39	56	
1457	18	39	56	
1458	18	39	56	
1459	18	39	56	
1460	18	39	56	
1461	22	20	25	
1462	19	18	15	
1463	19	18	15	
1464	19	18	15	
1465	19	18	15	
1466	19	18	15	
1467	19	18	15	
1468	19	18	15	
1469	19	18	15	
1470	19	18	15	
1471	19	18	15	
1472	19	18	15	
1473	19	18	15	
1474	19	18	15	
1475	19	18	15	
1476	19	18	15	
1477	29	22	37	
1478	29	22	37	
1479	21	19	19	
1480	21	19	19	
1481	21	19	19	
1482	21	19	20	
1483	18	17	19	
1484	18	17	19	
1485	18	17	19	
1486	18	17	19	
1487	18	17	19	
1488	18	16	15	
1489	18	16	15	
1490	18	16	15	
1491	18	16	15	
1492	18	16	15	
1493	32	13	45	
1494	32	13	45	
1495	16	13	20	
1496	16	13	20	
1497	23	16	14	
1498	23	16	14	
1499	30	27	49	
1500	30	27	49	
1501	30	27	49	
1502	30	25	20	
1503	30	25	20	
1504	30	25	20	
1505	15	19	18	
1506	15	19	18	
1507	15	19	18	
1508	15	19	18	
1509	15	19	18	
1510	15	19	18	
1511	15	19	18	
1512	15	19	18	
1513	15	19	18	
1514	15	19	18	
1515	15	19	18	
1516	15	19	18	
1517	15	19	18	
1518	15	19	18	
1519	15	19	18	
1520	15	19	18	
1521	15	19	18	
1522	15	19	18	
1523	15	19	18	
1524	15	19	18	
1525	15	19	18	
1526	15	19	18	
1527	15	19	18	
1528	15	19	18	
1529	15	19	18	
1530	15	19	18	
1531	15	19	18	
1532	15	19	18	
1533	15	19	18	
1534	15	19	18	
1535	20	19	15	
1536	20	19	15	
1537	20	19	15	
1538	20	19	15	
1539	20	19	15	
1540	20	19	15	
1541	20	19	15	
1542	17	15	14	
1543	17	15	14	
1544	36	34	29	
1545	36	34	29	
1546	36	34	29	
1547	36	34	29	
1548	36	34	29	
1549	36	34	29	
1550	36	34	29	
1551	36	34	29	
1552	36	34	29	
1553	36	34	29	
1554	18	19	15	
1555	18	19	15	
1556	18	19	15	
1557	18	19	15	
1558	16	15	15	
1559	16	15	15	
1560	16	15	15	
1561	13	32	44	
1562	16	15	18	
1563	17	15	14	
1564	17	15	14	
1565	17	15	14	
1566	21	14	14	
1567	12	39	50	
1568	12	39	50	
1569	12	39	50	
1570	17	58	38	
1571	17	58	38	
1572	17	58	38	
1573	17	58	38	
1574	17	58	38	
1575	17	58	38	
1576	17	58	38	
1577	17	58	38	
1578	17	58	38	
1579	17	58	38	
1580	17	58	38	
1581	17	58	38	
1582	17	58	38	
1583	17	58	38	
1584	17	58	38	
1585	17	58	38	
1586	17	58	38	
1587	17	58	38	
1588	17	58	38	
1589	17	58	38	
1590	17	58	38	
1591	17	39	58	
1592	17	39	58	
1593	17	39	58	
1594	17	39	58	
1595	17	39	58	
1596	17	39	58	
1597	17	39	58	
1598	17	39	58	
1599	33	39	37	
1600	33	39	37	
1601	26	33	45	
1602	32	25	44	
1603	26	33	45	
1604	20	25	22	
1605	20	25	22	
1606	49	29	35	
1607	49	29	35	
1608	52	40	16	
1609	16	40	54	
1610	16	40	54	
1611	16	40	54	
1612	18	47	27	
1613	16	20	13	
1614	48	35	16	
1615	16	21	12	
1616	29	34	37	
1617	29	34	37	
1618	19	15	18	
1619	19	15	18	
1620	19	15	18	
1621	19	15	18	
1622	19	20	15	
1623	19	20	15	
1624	19	20	15	
1625	19	20	15	
1626	14	20	14	
1627	22	24	26	
1628	22	24	26	
1629	22	24	26	
1630	22	24	14	
1631	21	24	33	
1632	17	38	56	
1633	17	38	56	
1634	17	38	56	
1635	17	38	56	
1636	17	38	56	
1637	17	38	56	
1638	17	38	56	
1639	17	38	56	
1640	17	38	56	
1641	17	38	56	
1642	17	38	56	
1643	17	38	56	
1644	17	38	56	
1645	17	38	56	
1646	17	38	56	
1647	17	38	56	
1648	17	38	56	
1649	17	38	56	
1650	17	38	56	
1651	17	38	56	
1652	17	38	56	
1653	17	38	56	
1654	17	38	56	
1655	17	38	56	
1656	17	38	56	
1657	17	38	56	
1658	17	38	56	
1659	17	38	56	
1660	21	33	24	
1661	21	33	24	
1662	21	33	24	
1663	21	33	24	
1664	56	38	17	
1665	56	38	17	
1666	56	38	17	
1667	56	38	17	
1668	25	20	14	
1669	25	20	14	
1670	45	23	14	
1671	14	20	14	
1672	19	11	14	
1673	25	24	27	
1674	25	24	27	
1675	25	24	27	
1676	30	24	24	
1677	30	24	24	
1678	27	24	23	
1679	30	21	13	
1680	33	21	24	
1681	33	21	24	
1682	25	24	24	
1683	29	23	43	
1684	30	22	16	
1685	30	22	16	
1686	30	22	16	
1687	23	23	20	
1688	22	21	44	
1689	39	33	37	
1690	15	22	29	
1691	15	20	19	
1692	15	18	16	
1693	15	17	13	
1694	12	16	18	
1695	12	18	16	
1696	23	23	17	
1697	23	23	17	
1698	23	22	18	
1699	23	18	38	
1700	17	38	56	
1701	17	38	56	
1702	14	36	44	
1703	38	56	17	
1704	38	56	17	
1705	38	56	17	
1706	38	56	17	
1707	38	56	17	
1708	38	56	17	
1709	38	56	17	
1710	38	56	17	
1711	38	56	17	
1712	38	56	17	
1713	38	56	17	
1714	38	56	17	
1715	38	56	17	
1716	38	56	17	
1717	38	56	17	
1718	38	56	17	
1719	38	56	17	
1720	38	56	17	
1721	38	56	17	
1722	38	56	17	
1723	38	56	17	
1724	38	56	17	
1725	38	56	17	
1726	38	56	17	
1727	38	56	17	
1728	38	56	17	
1729	38	56	17	
1730	17	38	56	
1731	17	38	56	
1732	17	38	56	
1733	17	38	56	
1734	17	38	56	
1735	17	38	56	
1736	17	38	56	
1737	17	38	56	
1738	17	38	56	
1739	17	38	56	
1740	17	38	56	
1741	17	38	56	
1742	29	37	34	
1743	56	18	39	
1744	56	18	39	
1745	17	30	17	
1746	16	30	22	
1747	32	32	25	
1748	32	32	25	
1749	50	35	39	
1750	39	25	30	
1751	41	23	62	
1752	29	20	41	
1753	27	20	34	
1754	27	20	34	
1755	16	22	30	
1756	49	29	35	
1757	49	30	27	
1758	40	11	60	
1759	39	17	58	
0	1	2	3	4	5	6	7	8	9	10	11	12	13	14	15	16	17	18	19	20	21	22	23	24	25	26	27	28	29	30	31	32	33	34	35	36	37	38	39	40	41	42	43	44	45	46	47	48	49	50	51	52	53	54	55	56	57	58	59	60	61	62	63	64	65	66	67	68	69	70	71	72	73	74	75	76	77	78	79	80	81	82	83	84	85	86	87	88	89	90	91	92	93	94	95	96	97	98	99	100	101	102	103	104	105	106	107	108	109	110	111	112	113	114	115	116	117	118	119	120	121	122	123	124	125	126	127	128	129	130	131	132	133	134	135	136	137	138	139	140	141	142	143	144	145	146	147	148	149	150	151	152	153	154	155	156	157	158	159	160	161	162	163	164	165	166	167	168	169	170	171	172	173	174	175	176	177	178	179	180	181	182	183	184	185	186	187	188	189	190	191	192	193	194	195	196	197	198	199	200	201	202	203	204	205	206	207	208	209	210	211	212	213	214	215	216	217	218	219	220	221	222	223	224	225	226	227	228	229	230	231	232	233	234	235	236	237	238	239	240	241	242	243	244	245	246	247	248	249	250	251	252	253	254	255	256	257	258	259	260	261	262	263	264	265	266	267	268	269	270	271	272	273	274	275	276	277	278	279	280	281	282	283	284	285	286	287	288	289	290	291	292	293	294	295	296	297	298	299	300	301	302	303	304	305	306	307	308	309	310	311	312	313	314	315	316	317	318	319	320	321	322	323	324	325	326	327	328	329	330	331	332	333	334	335	336	337	338	339	340	341	342	343	344	345	346	347	348	349	350	351	352	353	354	355	356	357	358	359	360	361	362	363	364	365	366	367	368	369	370	371	372	373	374	375	376	377	378	379	380	381	382	383	384	385	386	387	388	389	390	391	392	393	394	395	396	397	398	399	400	401	402	403	404	405	406	407	408	409	410	411	412	413	414	415	416	417	418	419	420	421	422	423	424	425	426	427	428	429	430	431	432	433	434	435	436	437	438	439	440	441	442	443	444	445	446	447	448	449	450	451	452	453	454	455	456	457	458	459	460	461	462	463	464	465	466	467	468	469	470	471	472	473	474	475	476	477	478	479	480	481	482	483	484	485	486	487	488	489	490	491	492	493	494	495	496	497	498	499	500	501	502	503	504	505	506	507	508	509	510	511	512	513	514	515	516	517	518	519	520	521	522	523	524	525	526	527	528	529	530	531	532	533	534	535	536	537	538	539	540	541	542	543	544	545	546	547	548	549	550	551	552	553	554	555	556	557	558	559	560	561	562	563	564	565	566	567	568	569	570	571	572	573	574	575	576	577	578	579	580	581	582	583	584	585	586	587	588	589	590	591	592	593	594	595	596	597	598	599	600	601	602	603	604	605	606	607	608	609	610	611	612	613	614	615	616	617	618	619	620	621	622	623	624	625	626	627	628	629	630	631	632	633	634	635	636	637	638	639	640	641	642	643	644	645	646	647	648	649	650	651	652	653	654	655	656	657	658	659	660	661	662	663	664	665	666	667	668	669	670	671	672	673	674	675	676	677	678	679	680	681	682	683	684	685	686	687	688	689	690	691	692	693	694	695	696	697	698	699	700	701	702	703	704	705	706	707	708	709	710	711	712	713	714	715	716	717	718	719	720	721	722	723	724	725	726	727	728	729	730	731	732	733	734	735	736	737	738	739	740	741	742	743	744	745	746	747	748	749	750	751	752	753	754	755	756	757	758	759	760	761	762	763	764	765	766	767	768	769	770	771	772	773	774	775	776	777	778	779	780	781	782	783	784	785	786	787	788	789	790	791	792	793	794	795	796	797	798	799	800	801	802	803	804	805	806	807	808	809	810	811	812	813	814	815	816	817	818	819	820	821	822	823	824	825	826	827	828	829	830	831	832	833	834	835	836	837	838	839	840	841	842	843	844	845	846	847	848	849	850	851	852	853	854	855	856	857	858	859	860	861	862	863	864	865	866	867	868	869	870	871	872	873	874	875	876	877	878	879	880	881	882	883	884	885	886	887	888	889	890	891	892	893	894	895	896	897	898	899	900	901	902	903	904	905	906	907	908	909	910	911	912	913	914	915	916	917	918	919	920	921	922	923	924	925	926	927	928	929	930	931	932	933	934	935	936	937	938	939	940	941	942	943	944	945	946	947	948	949	950	951	952	953	954	955	956	957	958	959	960	961	962	963	964	965	966	967	968	969	970	971	972	973	974	975	976	977	978	979	980	981	982	983	984	985	986	987	988	989	990	991	992	993	994	995	996	997	998	999	1000	1001	1002	1003	1004	1005	1006	1007	1008	1009	1010	1011	1012	1013	1014	1015	1016	1017	1018	1019	1020	1021	1022	1023	1024	1025	1026	1027	1028	1029	1030	1031	1032	1033	1034	1035	1036	1037	1038	1039	1040	1041	1042	1043	1044	1045	1046	1047	1048	1049	1050	1051	1052	1053	1054	1055	1056	1057	1058	1059	1060	1061	1062	1063	1064	1065	1066	1067	1068	1069	1070	1071	1072	1073	1074	1075	1076	1077	1078	1079	1080	1081	1082	1083	1084	1085	1086	1087	1088	1089	1090	1091	1092	1093	1094	1095	1096	1097	1098	1099	1100	1101	1102	1103	1104	1105	1106	1107	1108	1109	1110	1111	1112	1113	1114	1115	1116	1117	1118	1119	1120	1121	1122	1123	1124	1125	1126	1127	1128	1129	1130	1131	1132	1133	1134	1135	1136	1137	1138	1139	1140	1141	1142	1143	1144	1145	1146	1147	1148	1149	1150	1151	1152	1153	1154	1155	1156	1157	1158	1159	1160	1161	1162	1163	1164	1165	1166	1167	1168	1169	1170	1171	1172	1173	1174	1175	1176	1177	1178	1179	1180	1181	1182	1183	1184	1185	1186	1187	1188	1189	1190	1191	1192	1193	1194	1195	1196	1197	1198	1199	1200	1201	1202	1203	1204	1205	1206	1207	1208	1209	1210	1211	1212	1213	1214	1215	1216	1217	1218	1219	1220	1221	1222	1223	1224	1225	1226	1227	1228	1229	1230	1231	1232	1233	1234	1235	1236	1237	1238	1239	1240	1241	1242	1243	1244	1245	1246	1247	1248	1249	1250	1251	1252	1253	1254	1255	1256	1257	1258	1259	1260	1261	1262	1263	1264	1265	1266	1267	1268	1269	1270	1271	1272	1273	1274	1275	1276	1277	1278	1279	1280	1281	1282	1283	1284	1285	1286	1287	1288	1289	1290	1291	1292	1293	1294	1295	1296	1297	1298	1299	1300	1301	1302	1303	1304	1305	1306	1307	1308	1309	1310	1311	1312	1313	1314	1315	1316	1317	1318	1319	1320	1321	1322	1323	1324	1325	1326	1327	1328	1329	1330	1331	1332	1333	1334	1335	1336	1337	1338	1339	1340	1341	1342	1343	1344	1345	1346	1347	1348	1349	1350	1351	1352	1353	1354	1355	1356	1357	1358	1359	1360	1361	1362	1363	1364	1365	1366	1367	1368	1369	1370	1371	1372	1373	1374	1375	1376	1377	1378	1379	1380	1381	1382	1383	1384	1385	1386	1387	1388	1389	1390	1391	1392	1393	1394	1395	1396	1397	1398	1399	1400	1401	1402	1403	1404	1405	1406	1407	1408	1409	1410	1411	1412	1413	1414	1415	1416	1417	1418	1419	1420	1421	1422	1423	1424	1425	1426	1427	1428	1429	1430	1431	1432	1433	1434	1435	1436	1437	1438	1439	1440	1441	1442	1443	1444	1445	1446	1447	1448	1449	1450	1451	1452	1453	1454	1455	1456	1457	1458	1459	1460	1461	1462	1463	1464	1465	1466	1467	1468	1469	1470	1471	1472	1473	1474	1475	1476	1477	1478	1479	1480	1481	1482	1483	1484	1485	1486	1487	1488	1489	1490	1491	1492	1493	1494	1495	1496	1497	1498	1499	1500	1501	1502	1503	1504	1505	1506	1507	1508	1509	1510	1511	1512	1513	1514	1515	1516	1517	1518	1519	1520	1521	1522	1523	1524	1525	1526	1527	1528	1529	1530	1531	1532	1533	1534	1535	1536	1537	1538	1539	1540	1541	1542	1543	1544	1545	1546	1547	1548	1549	1550	1551	1552	1553	1554	1555	1556	1557	1558	1559	1560	1561	1562	1563	1564	1565	1566	1567	1568	1569	1570	1571	1572	1573	1574	1575	1576	1577	1578	1579	1580	1581	1582	1583	1584	1585	1586	1587	1588	1589	1590	1591	1592	1593	1594	1595	1596	1597	1598	1599	1600	1601	1602	1603	1604	1605	1606	1607	1608	1609	1610	1611	1612	1613	1614	1615	1616	1617	1618	1619	1620	1621	1622	1623	1624	1625	1626	1627	1628	1629	1630	1631	1632	1633	1634	1635	1636	1637	1638	1639	1640	1641	1642	1643	1644	1645	1646	1647	1648	1649	1650	1651	1652	1653	1654	1655	1656	1657	1658	1659	1660	1661	1662	1663	1664	1665	1666	1667	1668	1669	1670	1671	1672	1673	1674	1675	1676	1677	1678	1679	1680	1681	1682	1683	1684	1685	1686	1687	1688	1689	1690	1691	1692	1693	1694	1695	1696	1697	1698	1699	1700	1701	1702	1703	1704	1705	1706	1707	1708	1709	1710	1711	1712	1713	1714	1715	1716	1717	1718	1719	1720	1721	1722	1723	1724	1725	1726	1727	1728	1729	1730	1731	1732	1733	1734	1735	1736	1737	1738	1739	1740	1741	1742	1743	1744	1745	1746	1747	1748	1749	1750	1751	1752	1753	1754	1755	1756	1757	1758	1759	
