476
120	100	160
0	40	52	16	
1	40	52	16	
2	40	52	16	
3	34	48	16	
4	34	48	16	
5	34	48	16	
6	34	48	16	
7	34	48	16	
8	34	48	16	
9	34	48	16	
10	34	48	16	
11	34	48	16	
12	34	48	16	
13	34	48	16	
14	34	48	16	
15	34	48	16	
16	34	48	16	
17	34	48	16	
18	34	48	16	
19	34	48	16	
20	34	48	16	
21	34	48	16	
22	34	48	16	
23	34	48	16	
24	34	48	16	
25	34	48	16	
26	34	48	16	
27	34	48	16	
28	34	48	16	
29	34	48	16	
30	34	48	16	
31	34	48	16	
32	34	48	16	
33	40	52	16	
34	40	52	16	
35	40	52	16	
36	40	52	16	
37	40	52	16	
38	40	52	16	
39	40	52	16	
40	40	52	16	
41	40	52	16	
42	40	52	16	
43	40	52	16	
44	40	52	16	
45	40	52	16	
46	40	52	16	
47	40	52	16	
48	40	52	16	
49	40	52	16	
50	40	52	16	
51	40	52	16	
52	40	52	16	
53	40	52	16	
54	40	52	16	
55	40	52	16	
56	40	52	16	
57	30	22	16	
58	30	22	16	
59	30	22	16	
60	30	22	16	
61	30	22	16	
62	30	22	16	
63	30	22	16	
64	30	22	16	
65	18	23	24	
66	18	23	24	
67	18	23	24	
68	18	23	24	
69	18	23	24	
70	18	23	24	
71	18	23	24	
72	18	23	24	
73	18	23	24	
74	18	23	24	
75	18	23	24	
76	18	23	24	
77	16	21	15	
78	16	21	15	
79	34	29	36	
80	34	29	36	
81	34	29	36	
82	34	29	36	
83	34	29	36	
84	34	29	36	
85	34	29	36	
86	34	29	36	
87	34	29	36	
88	34	29	36	
89	34	29	36	
90	34	29	36	
91	16	18	15	
92	16	18	15	
93	16	18	15	
94	16	18	15	
95	16	18	15	
96	16	18	15	
97	16	18	15	
98	16	18	15	
99	32	13	45	
100	32	13	45	
101	32	13	45	
102	32	13	45	
103	32	13	45	
104	32	13	45	
105	32	13	45	
106	32	13	45	
107	32	13	45	
108	30	13	25	
109	30	13	25	
110	30	13	25	
111	16	15	15	
112	16	15	15	
113	31	38	31	
114	31	38	31	
115	31	38	31	
116	31	38	31	
117	31	38	31	
118	31	38	31	
119	31	38	31	
120	31	38	31	
121	31	38	31	
122	31	38	31	
123	35	48	16	
124	35	48	16	
125	35	48	16	
126	35	48	16	
127	35	48	16	
128	35	48	16	
129	35	48	16	
130	35	48	16	
131	35	48	16	
132	35	48	16	
133	35	48	16	
134	35	48	16	
135	35	48	16	
136	35	48	16	
137	35	48	16	
138	35	48	16	
139	35	48	16	
140	35	48	16	
141	35	48	16	
142	35	48	16	
143	12	13	26	
144	12	13	26	
145	12	13	26	
146	12	13	26	
147	24	13	15	
148	24	13	15	
149	24	39	21	
150	24	39	21	
151	12	39	50	
152	12	39	50	
153	12	39	50	
154	12	39	50	
155	20	13	16	
156	20	13	16	
157	20	13	16	
158	11	13	22	
159	11	13	22	
160	11	13	22	
161	11	13	22	
162	16	48	35	
163	16	48	35	
164	16	48	35	
165	16	16	31	
166	16	16	31	
167	16	16	31	
168	14	27	24	
169	16	21	13	
170	36	14	44	
171	36	14	44	
172	36	14	44	
173	36	14	44	
174	36	14	44	
175	36	14	44	
176	36	14	44	
177	36	14	44	
178	36	14	44	
179	36	14	44	
180	36	14	44	
181	36	14	44	
182	36	14	44	
183	36	14	44	
184	36	14	44	
185	36	14	44	
186	36	14	44	
187	36	14	44	
188	36	14	44	
189	36	14	44	
190	36	14	44	
191	26	24	28	
192	26	24	28	
193	26	24	28	
194	26	24	28	
195	48	35	16	
196	48	35	16	
197	48	35	16	
198	48	35	16	
199	48	35	16	
200	48	35	16	
201	48	35	16	
202	48	35	16	
203	48	35	16	
204	48	35	16	
205	48	35	16	
206	48	35	16	
207	48	35	16	
208	48	35	16	
209	48	35	16	
210	48	35	16	
211	48	35	16	
212	48	35	16	
213	48	35	16	
214	48	35	16	
215	34	29	37	
216	34	29	37	
217	34	29	37	
218	34	29	37	
219	34	29	37	
220	34	29	37	
221	34	29	37	
222	34	29	37	
223	19	22	11	
224	19	22	11	
225	19	22	11	
226	36	34	29	
227	36	34	29	
228	36	34	29	
229	36	34	29	
230	36	34	29	
231	36	34	29	
232	36	34	29	
233	36	34	29	
234	36	34	29	
235	36	34	29	
236	17	13	15	
237	17	13	15	
238	17	13	15	
239	17	13	15	
240	17	13	15	
241	17	13	15	
242	17	13	15	
243	17	13	15	
244	17	13	15	
245	17	13	15	
246	13	32	45	
247	13	32	45	
248	13	32	45	
249	13	31	25	
250	34	37	29	
251	34	37	29	
252	34	37	29	
253	34	37	29	
254	34	37	29	
255	34	37	29	
256	20	26	50	
257	20	26	50	
258	20	26	50	
259	20	26	50	
260	20	26	50	
261	20	26	50	
262	17	38	58	
263	17	38	58	
264	17	38	58	
265	17	38	58	
266	17	38	58	
267	17	38	58	
268	17	38	58	
269	17	38	58	
270	17	38	58	
271	17	38	58	
272	17	38	58	
273	17	38	58	
274	29	34	37	
275	29	34	37	
276	29	34	37	
277	29	34	37	
278	29	34	37	
279	29	34	37	
280	29	34	37	
281	29	34	37	
282	29	34	37	
283	20	15	19	
284	20	15	19	
285	20	15	19	
286	20	15	19	
287	20	15	19	
288	20	15	19	
289	20	15	19	
290	20	15	19	
291	20	19	15	
292	20	19	15	
293	20	19	15	
294	20	19	15	
295	20	19	15	
296	20	19	15	
297	20	19	15	
298	20	19	15	
299	20	19	15	
300	20	19	15	
301	29	22	37	
302	29	22	37	
303	29	22	37	
304	29	22	37	
305	29	22	37	
306	29	22	37	
307	29	22	37	
308	29	22	37	
309	23	16	11	
310	23	16	11	
311	15	18	19	
312	15	18	19	
313	15	18	19	
314	15	18	19	
315	15	18	19	
316	15	18	19	
317	15	18	19	
318	15	18	19	
319	15	18	19	
320	15	18	19	
321	15	18	19	
322	15	18	19	
323	19	25	24	
324	19	25	24	
325	19	25	24	
326	19	25	24	
327	19	25	24	
328	19	25	24	
329	19	22	11	
330	16	35	48	
331	16	35	48	
332	16	35	48	
333	16	35	48	
334	16	35	48	
335	16	35	48	
336	15	16	15	
337	15	16	15	
338	15	16	15	
339	15	16	15	
340	48	34	16	
341	48	34	16	
342	48	34	16	
343	14	21	14	
344	14	21	14	
345	14	21	14	
346	14	21	14	
347	14	21	14	
348	14	21	14	
349	14	21	14	
350	14	21	14	
351	14	21	14	
352	14	21	14	
353	14	21	14	
354	14	21	14	
355	18	39	56	
356	18	39	56	
357	18	39	56	
358	18	39	56	
359	18	39	56	
360	18	39	56	
361	18	39	56	
362	18	39	56	
363	18	39	56	
364	18	39	56	
365	18	39	56	
366	18	39	56	
367	22	20	25	
368	19	18	15	
369	19	18	15	
370	19	18	15	
371	19	18	15	
372	19	18	15	
373	19	18	15	
374	19	18	15	
375	19	18	15	
376	19	18	15	
377	19	18	15	
378	19	18	15	
379	19	18	15	
380	19	18	15	
381	19	18	15	
382	19	18	15	
383	29	22	37	
384	29	22	37	
385	21	19	19	
386	21	19	19	
387	21	19	19	
388	21	19	20	
389	18	17	19	
390	18	17	19	
391	18	17	19	
392	18	17	19	
393	18	17	19	
394	18	16	15	
395	18	16	15	
396	18	16	15	
397	18	16	15	
398	18	16	15	
399	32	13	45	
400	32	13	45	
401	16	13	20	
402	16	13	20	
403	23	16	14	
404	23	16	14	
405	30	27	49	
406	30	27	49	
407	30	27	49	
408	30	25	20	
409	30	25	20	
410	30	25	20	
411	15	19	18	
412	15	19	18	
413	15	19	18	
414	15	19	18	
415	15	19	18	
416	15	19	18	
417	15	19	18	
418	15	19	18	
419	15	19	18	
420	15	19	18	
421	15	19	18	
422	15	19	18	
423	15	19	18	
424	15	19	18	
425	15	19	18	
426	15	19	18	
427	15	19	18	
428	15	19	18	
429	15	19	18	
430	15	19	18	
431	15	19	18	
432	15	19	18	
433	15	19	18	
434	15	19	18	
435	15	19	18	
436	15	19	18	
437	15	19	18	
438	15	19	18	
439	15	19	18	
440	15	19	18	
441	20	19	15	
442	20	19	15	
443	20	19	15	
444	20	19	15	
445	20	19	15	
446	20	19	15	
447	20	19	15	
448	17	15	14	
449	17	15	14	
450	36	34	29	
451	36	34	29	
452	36	34	29	
453	36	34	29	
454	36	34	29	
455	36	34	29	
456	36	34	29	
457	36	34	29	
458	36	34	29	
459	36	34	29	
460	18	19	15	
461	18	19	15	
462	18	19	15	
463	18	19	15	
464	16	15	15	
465	16	15	15	
466	16	15	15	
467	13	32	44	
468	16	15	18	
469	17	15	14	
470	17	15	14	
471	17	15	14	
472	21	14	14	
473	12	39	50	
474	12	39	50	
475	12	39	50	
0	1	2	3	4	5	6	7	8	9	10	11	12	13	14	15	16	17	18	19	20	21	22	23	24	25	26	27	28	29	30	31	32	33	34	35	36	37	38	39	40	41	42	43	44	45	46	47	48	49	50	51	52	53	54	55	56	57	58	59	60	61	62	63	64	65	66	67	68	69	70	71	72	73	74	75	76	77	78	79	80	81	82	83	84	85	86	87	88	89	90	91	92	93	94	95	96	97	98	99	100	101	102	103	104	105	106	107	108	109	110	111	112	113	114	115	116	117	118	119	120	121	122	123	124	125	126	127	128	129	130	131	132	133	134	135	136	137	138	139	140	141	142	143	144	145	146	147	148	149	150	151	152	153	154	155	156	157	158	159	160	161	162	163	164	165	166	167	168	169	170	171	172	173	174	175	176	177	178	179	180	181	182	183	184	185	186	187	188	189	190	191	192	193	194	195	196	197	198	199	200	201	202	203	204	205	206	207	208	209	210	211	212	213	214	215	216	217	218	219	220	221	222	223	224	225	226	227	228	229	230	231	232	233	234	235	236	237	238	239	240	241	242	243	244	245	246	247	248	249	250	251	252	253	254	255	256	257	258	259	260	261	262	263	264	265	266	267	268	269	270	271	272	273	274	275	276	277	278	279	280	281	282	283	284	285	286	287	288	289	290	291	292	293	294	295	296	297	298	299	300	301	302	303	304	305	306	307	308	309	310	311	312	313	314	315	316	317	318	319	320	321	322	323	324	325	326	327	328	329	330	331	332	333	334	335	336	337	338	339	340	341	342	343	344	345	346	347	348	349	350	351	352	353	354	355	356	357	358	359	360	361	362	363	364	365	366	367	368	369	370	371	372	373	374	375	376	377	378	379	380	381	382	383	384	385	386	387	388	389	390	391	392	393	394	395	396	397	398	399	400	401	402	403	404	405	406	407	408	409	410	411	412	413	414	415	416	417	418	419	420	421	422	423	424	425	426	427	428	429	430	431	432	433	434	435	436	437	438	439	440	441	442	443	444	445	446	447	448	449	450	451	452	453	454	455	456	457	458	459	460	461	462	463	464	465	466	467	468	469	470	471	472	473	474	475	
