1564
120	100	160
0	40	52	16	
1	40	52	16	
2	40	52	16	
3	40	52	16	
4	40	52	16	
5	40	52	16	
6	40	52	16	
7	40	52	16	
8	40	52	16	
9	40	52	16	
10	40	52	16	
11	40	52	16	
12	40	52	16	
13	40	52	16	
14	40	52	16	
15	40	52	16	
16	40	52	16	
17	40	52	16	
18	40	52	16	
19	40	52	16	
20	40	52	16	
21	40	52	16	
22	40	52	16	
23	40	52	16	
24	40	52	16	
25	40	52	16	
26	40	52	16	
27	40	52	16	
28	40	52	16	
29	40	52	16	
30	34	48	16	
31	34	48	16	
32	34	48	16	
33	34	48	16	
34	34	48	16	
35	34	48	16	
36	34	48	16	
37	34	48	16	
38	34	48	16	
39	34	48	16	
40	34	48	16	
41	34	48	16	
42	34	48	16	
43	34	48	16	
44	34	48	16	
45	34	48	16	
46	34	48	16	
47	34	48	16	
48	34	48	16	
49	34	48	16	
50	34	48	16	
51	34	48	16	
52	34	48	16	
53	34	48	16	
54	34	48	16	
55	34	48	16	
56	34	48	16	
57	34	48	16	
58	34	48	16	
59	34	48	16	
60	18	23	24	
61	18	23	24	
62	18	23	24	
63	18	23	24	
64	18	23	24	
65	18	23	24	
66	18	23	24	
67	18	23	24	
68	18	23	24	
69	18	23	24	
70	18	23	24	
71	18	23	24	
72	16	21	15	
73	16	21	15	
74	40	52	16	
75	40	52	16	
76	40	52	16	
77	34	48	16	
78	34	48	16	
79	34	48	16	
80	34	48	16	
81	34	48	16	
82	34	48	16	
83	34	48	16	
84	34	48	16	
85	34	48	16	
86	34	48	16	
87	34	48	16	
88	34	48	16	
89	34	48	16	
90	34	48	16	
91	34	48	16	
92	34	48	16	
93	34	48	16	
94	34	48	16	
95	34	48	16	
96	34	48	16	
97	34	48	16	
98	34	48	16	
99	34	48	16	
100	34	48	16	
101	34	48	16	
102	34	48	16	
103	34	48	16	
104	34	48	16	
105	34	48	16	
106	34	48	16	
107	40	52	16	
108	40	52	16	
109	40	52	16	
110	40	52	16	
111	40	52	16	
112	40	52	16	
113	40	52	16	
114	40	52	16	
115	40	52	16	
116	40	52	16	
117	40	52	16	
118	40	52	16	
119	40	52	16	
120	40	52	16	
121	40	52	16	
122	40	52	16	
123	40	52	16	
124	40	52	16	
125	40	52	16	
126	40	52	16	
127	40	52	16	
128	40	52	16	
129	40	52	16	
130	40	52	16	
131	30	22	16	
132	30	22	16	
133	30	22	16	
134	30	22	16	
135	30	22	16	
136	30	22	16	
137	30	22	16	
138	30	22	16	
139	18	23	24	
140	18	23	24	
141	18	23	24	
142	18	23	24	
143	18	23	24	
144	18	23	24	
145	18	23	24	
146	18	23	24	
147	18	23	24	
148	18	23	24	
149	18	23	24	
150	18	23	24	
151	16	21	15	
152	16	21	15	
153	24	34	31	
154	24	34	31	
155	24	34	31	
156	24	34	31	
157	24	34	31	
158	24	34	31	
159	24	34	31	
160	24	34	31	
161	24	34	31	
162	24	34	31	
163	24	34	31	
164	24	34	31	
165	24	34	31	
166	24	34	31	
167	24	34	31	
168	24	34	31	
169	24	34	31	
170	24	34	31	
171	24	34	31	
172	24	34	31	
173	24	34	31	
174	24	34	31	
175	24	34	31	
176	24	34	31	
177	24	34	31	
178	17	39	58	
179	17	39	58	
180	17	39	58	
181	17	39	58	
182	17	39	58	
183	17	39	58	
184	17	39	58	
185	17	39	58	
186	17	39	58	
187	17	39	58	
188	17	39	58	
189	17	39	58	
190	17	39	58	
191	17	39	58	
192	30	27	49	
193	30	27	49	
194	30	27	49	
195	30	27	49	
196	30	27	49	
197	30	27	49	
198	30	27	49	
199	30	27	49	
200	30	27	49	
201	30	27	49	
202	30	27	49	
203	30	27	49	
204	30	21	13	
205	30	21	13	
206	30	21	13	
207	30	21	13	
208	17	15	22	
209	17	15	22	
210	17	15	22	
211	17	15	22	
212	17	15	22	
213	17	15	22	
214	17	15	22	
215	17	15	22	
216	17	15	22	
217	17	15	22	
218	17	15	22	
219	17	15	22	
220	17	15	22	
221	17	15	22	
222	26	24	22	
223	26	24	22	
224	26	24	22	
225	26	24	22	
226	26	24	22	
227	26	24	22	
228	26	24	22	
229	26	24	22	
230	15	17	22	
231	15	17	22	
232	48	35	16	
233	48	35	16	
234	48	35	16	
235	48	35	16	
236	48	35	16	
237	48	35	16	
238	48	35	16	
239	48	35	16	
240	48	35	16	
241	48	35	16	
242	48	35	16	
243	48	35	16	
244	48	35	16	
245	48	35	16	
246	48	35	16	
247	48	35	16	
248	48	35	16	
249	48	35	16	
250	48	35	16	
251	48	35	16	
252	29	36	34	
253	29	36	34	
254	29	36	34	
255	29	36	34	
256	29	36	34	
257	29	36	34	
258	29	36	34	
259	29	36	34	
260	29	36	34	
261	29	36	34	
262	29	36	34	
263	29	36	34	
264	29	18	20	
265	29	18	20	
266	29	18	20	
267	29	18	20	
268	29	18	20	
269	29	18	20	
270	30	29	26	
271	30	29	26	
272	30	29	26	
273	30	29	26	
274	20	29	18	
275	20	29	18	
276	20	29	18	
277	20	29	18	
278	20	29	18	
279	20	29	18	
280	30	29	26	
281	30	29	26	
282	30	29	26	
283	30	29	26	
284	20	29	24	
285	20	29	24	
286	20	29	24	
287	20	29	24	
288	20	29	24	
289	20	29	24	
290	15	29	22	
291	15	29	22	
292	15	29	22	
293	15	29	22	
294	15	29	22	
295	15	29	22	
296	15	29	22	
297	15	29	22	
298	20	29	11	
299	20	29	11	
300	20	29	11	
301	20	29	11	
302	25	29	17	
303	25	29	17	
304	25	29	17	
305	25	29	17	
306	48	29	27	
307	48	29	27	
308	16	18	15	
309	16	18	15	
310	16	18	15	
311	16	18	15	
312	16	18	15	
313	16	18	15	
314	16	18	15	
315	16	18	15	
316	31	25	13	
317	31	25	13	
318	31	25	13	
319	31	25	13	
320	31	25	13	
321	31	25	13	
322	31	25	13	
323	31	25	13	
324	31	25	13	
325	31	25	13	
326	16	11	23	
327	16	11	23	
328	16	11	23	
329	16	11	23	
330	16	10	13	
331	16	10	13	
332	28	10	24	
333	24	35	32	
334	24	34	31	
335	24	34	31	
336	24	34	31	
337	24	34	31	
338	36	29	34	
339	36	29	34	
340	36	29	34	
341	36	29	34	
342	36	29	34	
343	36	29	34	
344	36	29	34	
345	36	29	34	
346	36	29	34	
347	36	29	34	
348	36	29	34	
349	36	29	34	
350	15	16	21	
351	15	16	21	
352	35	48	16	
353	35	48	16	
354	35	48	16	
355	35	48	16	
356	35	48	16	
357	35	48	16	
358	35	48	16	
359	35	48	16	
360	35	48	16	
361	35	48	16	
362	35	48	16	
363	35	48	16	
364	35	48	16	
365	35	48	16	
366	35	48	16	
367	35	48	16	
368	35	48	16	
369	35	48	16	
370	35	48	16	
371	35	48	16	
372	35	48	16	
373	35	48	16	
374	35	48	16	
375	35	48	16	
376	35	48	16	
377	35	48	16	
378	35	48	16	
379	35	48	16	
380	35	48	16	
381	35	48	16	
382	30	13	11	
383	30	13	11	
384	30	13	11	
385	30	13	11	
386	30	13	11	
387	30	13	11	
388	24	23	18	
389	24	23	18	
390	24	23	18	
391	24	23	18	
392	24	23	18	
393	24	23	18	
394	24	23	18	
395	24	23	18	
396	24	23	18	
397	24	23	18	
398	24	23	18	
399	24	23	18	
400	24	23	18	
401	24	23	18	
402	24	23	18	
403	24	23	18	
404	24	23	18	
405	24	23	18	
406	24	23	18	
407	24	23	18	
408	24	23	18	
409	24	23	18	
410	24	23	18	
411	24	23	18	
412	24	23	18	
413	24	23	18	
414	24	23	18	
415	24	23	18	
416	24	23	18	
417	24	23	18	
418	60	23	25	
419	60	23	25	
420	60	23	25	
421	60	23	25	
422	26	14	21	
423	26	14	21	
424	26	14	21	
425	18	15	19	
426	15	16	18	
427	15	16	18	
428	15	16	18	
429	15	16	18	
430	15	16	18	
431	15	16	18	
432	15	16	18	
433	15	16	18	
434	15	16	18	
435	15	16	18	
436	15	16	18	
437	15	16	18	
438	15	16	18	
439	15	16	18	
440	15	16	18	
441	15	16	18	
442	15	16	18	
443	15	16	18	
444	14	25	29	
445	15	23	25	
446	12	25	26	
447	12	25	26	
448	12	25	26	
449	12	16	41	
450	12	16	41	
451	36	29	34	
452	36	29	34	
453	36	29	34	
454	36	29	34	
455	36	29	34	
456	36	29	34	
457	36	29	34	
458	36	29	34	
459	36	29	34	
460	36	29	34	
461	36	29	34	
462	36	29	34	
463	15	16	21	
464	15	16	21	
465	35	48	16	
466	35	48	16	
467	35	48	16	
468	35	48	16	
469	35	48	16	
470	35	48	16	
471	35	48	16	
472	35	48	16	
473	35	48	16	
474	35	48	16	
475	35	48	16	
476	35	48	16	
477	35	48	16	
478	35	48	16	
479	35	48	16	
480	35	48	16	
481	35	48	16	
482	35	48	16	
483	35	48	16	
484	35	48	16	
485	35	48	16	
486	35	48	16	
487	35	48	16	
488	35	48	16	
489	35	48	16	
490	35	48	16	
491	35	48	16	
492	35	48	16	
493	35	48	16	
494	35	48	16	
495	30	13	11	
496	30	13	11	
497	30	13	11	
498	30	13	11	
499	30	13	11	
500	30	13	11	
501	24	23	18	
502	24	23	18	
503	24	23	18	
504	24	23	18	
505	24	23	18	
506	24	23	18	
507	24	23	18	
508	24	23	18	
509	24	23	18	
510	24	23	18	
511	24	23	18	
512	24	23	18	
513	24	23	18	
514	24	23	18	
515	24	23	18	
516	24	23	18	
517	24	23	18	
518	24	23	18	
519	24	23	18	
520	24	23	18	
521	24	23	18	
522	24	23	18	
523	24	23	18	
524	24	23	18	
525	24	23	18	
526	24	23	18	
527	24	23	18	
528	24	23	18	
529	24	23	18	
530	24	23	18	
531	60	23	25	
532	60	23	25	
533	60	23	25	
534	60	23	25	
535	26	14	21	
536	26	14	21	
537	26	14	21	
538	18	15	19	
539	15	16	18	
540	15	16	18	
541	15	16	18	
542	15	16	18	
543	15	16	18	
544	15	16	18	
545	15	16	18	
546	15	16	18	
547	15	16	18	
548	15	16	18	
549	15	16	18	
550	15	16	18	
551	15	16	18	
552	15	16	18	
553	15	16	18	
554	15	16	18	
555	15	16	18	
556	15	16	18	
557	14	25	29	
558	15	23	25	
559	12	25	26	
560	12	25	26	
561	12	25	26	
562	12	16	41	
563	12	16	41	
564	34	29	36	
565	34	29	36	
566	34	29	36	
567	34	29	36	
568	34	29	36	
569	34	29	36	
570	34	29	36	
571	34	29	36	
572	34	29	36	
573	34	29	36	
574	34	29	36	
575	34	29	36	
576	16	18	15	
577	16	18	15	
578	16	18	15	
579	16	18	15	
580	16	18	15	
581	16	18	15	
582	16	18	15	
583	16	18	15	
584	32	13	45	
585	32	13	45	
586	32	13	45	
587	32	13	45	
588	32	13	45	
589	32	13	45	
590	32	13	45	
591	32	13	45	
592	32	13	45	
593	30	13	25	
594	30	13	25	
595	30	13	25	
596	16	15	15	
597	16	15	15	
598	31	38	31	
599	31	38	31	
600	31	38	31	
601	31	38	31	
602	31	38	31	
603	31	38	31	
604	31	38	31	
605	31	38	31	
606	31	38	31	
607	31	38	31	
608	35	48	16	
609	35	48	16	
610	35	48	16	
611	35	48	16	
612	35	48	16	
613	35	48	16	
614	35	48	16	
615	35	48	16	
616	35	48	16	
617	35	48	16	
618	35	48	16	
619	35	48	16	
620	35	48	16	
621	35	48	16	
622	35	48	16	
623	35	48	16	
624	35	48	16	
625	35	48	16	
626	35	48	16	
627	35	48	16	
628	12	13	26	
629	12	13	26	
630	12	13	26	
631	12	13	26	
632	24	13	15	
633	24	13	15	
634	24	39	21	
635	24	39	21	
636	12	39	50	
637	12	39	50	
638	12	39	50	
639	12	39	50	
640	20	13	16	
641	20	13	16	
642	20	13	16	
643	11	13	22	
644	11	13	22	
645	11	13	22	
646	11	13	22	
647	16	48	35	
648	16	48	35	
649	16	48	35	
650	16	16	31	
651	16	16	31	
652	16	16	31	
653	14	27	24	
654	16	21	13	
655	18	39	56	
656	18	39	56	
657	18	39	56	
658	18	39	56	
659	18	39	56	
660	18	39	56	
661	18	39	56	
662	18	39	56	
663	18	39	56	
664	18	39	56	
665	18	39	56	
666	18	39	56	
667	15	19	18	
668	15	19	18	
669	15	19	18	
670	15	19	18	
671	15	19	18	
672	15	19	18	
673	15	19	18	
674	15	19	18	
675	15	19	18	
676	15	19	18	
677	15	19	18	
678	15	19	18	
679	15	19	18	
680	15	19	18	
681	32	13	45	
682	32	13	45	
683	32	13	45	
684	32	13	45	
685	32	13	45	
686	32	13	45	
687	32	13	45	
688	32	13	45	
689	32	13	45	
690	34	26	29	
691	34	26	29	
692	34	26	29	
693	35	48	16	
694	35	48	16	
695	35	48	16	
696	35	48	16	
697	35	48	16	
698	35	48	16	
699	35	48	16	
700	35	48	16	
701	35	48	16	
702	35	48	16	
703	35	48	16	
704	35	48	16	
705	35	48	16	
706	35	48	16	
707	35	48	16	
708	35	48	16	
709	35	48	16	
710	35	48	16	
711	35	48	16	
712	35	48	16	
713	35	48	16	
714	35	48	16	
715	35	48	16	
716	35	48	16	
717	35	48	16	
718	35	48	16	
719	35	48	16	
720	35	48	16	
721	35	48	16	
722	35	48	16	
723	30	11	13	
724	30	11	13	
725	30	11	13	
726	19	11	14	
727	19	11	14	
728	19	11	14	
729	19	11	14	
730	14	13	20	
731	14	13	20	
732	14	13	20	
733	13	11	16	
734	17	13	15	
735	17	13	15	
736	17	13	15	
737	13	11	30	
738	21	13	30	
739	21	13	30	
740	21	13	30	
741	21	13	30	
742	21	13	30	
743	15	16	18	
744	15	16	18	
745	15	16	18	
746	15	16	18	
747	15	16	18	
748	15	16	18	
749	15	16	18	
750	15	16	18	
751	15	16	18	
752	15	16	18	
753	15	16	18	
754	15	16	18	
755	15	16	18	
756	15	16	18	
757	15	16	18	
758	15	16	18	
759	15	16	18	
760	15	16	18	
761	13	31	25	
762	12	39	50	
763	12	39	50	
764	12	39	50	
765	2	2	3	
766	36	14	44	
767	36	14	44	
768	36	14	44	
769	36	14	44	
770	36	14	44	
771	36	14	44	
772	36	14	44	
773	36	14	44	
774	36	14	44	
775	36	14	44	
776	36	14	44	
777	36	14	44	
778	36	14	44	
779	36	14	44	
780	36	14	44	
781	36	14	44	
782	36	14	44	
783	36	14	44	
784	36	14	44	
785	36	14	44	
786	36	14	44	
787	26	24	28	
788	26	24	28	
789	26	24	28	
790	26	24	28	
791	48	35	16	
792	48	35	16	
793	48	35	16	
794	48	35	16	
795	48	35	16	
796	48	35	16	
797	48	35	16	
798	48	35	16	
799	48	35	16	
800	48	35	16	
801	48	35	16	
802	48	35	16	
803	48	35	16	
804	48	35	16	
805	48	35	16	
806	48	35	16	
807	48	35	16	
808	48	35	16	
809	48	35	16	
810	48	35	16	
811	34	29	37	
812	34	29	37	
813	34	29	37	
814	34	29	37	
815	34	29	37	
816	34	29	37	
817	34	29	37	
818	34	29	37	
819	19	22	11	
820	19	22	11	
821	19	22	11	
822	36	34	29	
823	36	34	29	
824	36	34	29	
825	36	34	29	
826	36	34	29	
827	36	34	29	
828	36	34	29	
829	36	34	29	
830	36	34	29	
831	36	34	29	
832	17	13	15	
833	17	13	15	
834	17	13	15	
835	17	13	15	
836	17	13	15	
837	17	13	15	
838	17	13	15	
839	17	13	15	
840	17	13	15	
841	17	13	15	
842	13	32	45	
843	13	32	45	
844	13	32	45	
845	13	31	25	
846	34	37	29	
847	34	37	29	
848	34	37	29	
849	34	37	29	
850	34	37	29	
851	34	37	29	
852	20	26	50	
853	20	26	50	
854	20	26	50	
855	20	26	50	
856	20	26	50	
857	20	26	50	
858	17	38	58	
859	17	38	58	
860	17	38	58	
861	17	38	58	
862	17	38	58	
863	17	38	58	
864	17	38	58	
865	17	38	58	
866	17	38	58	
867	17	38	58	
868	17	38	58	
869	17	38	58	
870	29	34	37	
871	29	34	37	
872	29	34	37	
873	29	34	37	
874	29	34	37	
875	29	34	37	
876	29	34	37	
877	29	34	37	
878	29	34	37	
879	20	15	19	
880	20	15	19	
881	20	15	19	
882	20	15	19	
883	20	15	19	
884	20	15	19	
885	20	15	19	
886	20	15	19	
887	20	19	15	
888	20	19	15	
889	20	19	15	
890	20	19	15	
891	20	19	15	
892	20	19	15	
893	20	19	15	
894	20	19	15	
895	20	19	15	
896	20	19	15	
897	29	22	37	
898	29	22	37	
899	29	22	37	
900	29	22	37	
901	29	22	37	
902	29	22	37	
903	29	22	37	
904	29	22	37	
905	23	16	11	
906	23	16	11	
907	15	18	19	
908	15	18	19	
909	15	18	19	
910	15	18	19	
911	15	18	19	
912	15	18	19	
913	15	18	19	
914	15	18	19	
915	15	18	19	
916	15	18	19	
917	15	18	19	
918	15	18	19	
919	19	25	24	
920	19	25	24	
921	19	25	24	
922	19	25	24	
923	19	25	24	
924	19	25	24	
925	19	22	11	
926	16	35	48	
927	16	35	48	
928	16	35	48	
929	16	35	48	
930	16	35	48	
931	16	35	48	
932	15	16	15	
933	15	16	15	
934	15	16	15	
935	15	16	15	
936	17	38	56	
937	17	38	56	
938	17	38	56	
939	17	38	56	
940	17	38	56	
941	17	38	56	
942	17	38	56	
943	17	38	56	
944	17	38	56	
945	17	38	56	
946	17	38	56	
947	17	38	56	
948	17	38	56	
949	17	38	56	
950	41	23	62	
951	41	23	62	
952	29	37	34	
953	29	37	34	
954	29	37	34	
955	29	37	34	
956	29	37	34	
957	29	37	34	
958	29	37	34	
959	29	37	34	
960	29	37	34	
961	29	37	34	
962	29	37	34	
963	29	37	34	
964	17	38	56	
965	17	38	56	
966	17	38	56	
967	17	38	56	
968	17	38	56	
969	17	38	56	
970	17	38	56	
971	22	23	24	
972	22	23	24	
973	22	23	24	
974	22	23	24	
975	23	18	24	
976	23	18	24	
977	23	18	24	
978	23	18	24	
979	60	23	25	
980	20	23	23	
981	20	23	23	
982	20	23	23	
983	25	23	46	
984	23	38	24	
985	23	38	24	
986	18	19	15	
987	18	19	15	
988	18	19	15	
989	18	19	15	
990	18	19	15	
991	18	19	15	
992	18	19	15	
993	18	19	15	
994	18	19	15	
995	18	19	15	
996	18	19	15	
997	18	19	15	
998	18	19	15	
999	18	19	15	
1000	18	19	15	
1001	18	19	15	
1002	15	19	18	
1003	15	19	18	
1004	15	19	18	
1005	15	19	18	
1006	15	19	18	
1007	15	19	18	
1008	38	24	22	
1009	26	23	45	
1010	34	24	25	
1011	33	24	41	
1012	26	22	24	
1013	26	22	24	
1014	26	22	24	
1015	23	38	18	
1016	48	34	16	
1017	48	34	16	
1018	48	34	16	
1019	14	21	14	
1020	14	21	14	
1021	14	21	14	
1022	14	21	14	
1023	14	21	14	
1024	14	21	14	
1025	14	21	14	
1026	14	21	14	
1027	14	21	14	
1028	14	21	14	
1029	14	21	14	
1030	14	21	14	
1031	18	39	56	
1032	18	39	56	
1033	18	39	56	
1034	18	39	56	
1035	18	39	56	
1036	18	39	56	
1037	18	39	56	
1038	18	39	56	
1039	18	39	56	
1040	18	39	56	
1041	18	39	56	
1042	18	39	56	
1043	22	20	25	
1044	19	18	15	
1045	19	18	15	
1046	19	18	15	
1047	19	18	15	
1048	19	18	15	
1049	19	18	15	
1050	19	18	15	
1051	19	18	15	
1052	19	18	15	
1053	19	18	15	
1054	19	18	15	
1055	19	18	15	
1056	19	18	15	
1057	19	18	15	
1058	19	18	15	
1059	29	22	37	
1060	29	22	37	
1061	21	19	19	
1062	21	19	19	
1063	21	19	19	
1064	21	19	20	
1065	18	17	19	
1066	18	17	19	
1067	18	17	19	
1068	18	17	19	
1069	18	17	19	
1070	18	16	15	
1071	18	16	15	
1072	18	16	15	
1073	18	16	15	
1074	18	16	15	
1075	32	13	45	
1076	32	13	45	
1077	16	13	20	
1078	16	13	20	
1079	23	16	14	
1080	23	16	14	
1081	30	27	49	
1082	30	27	49	
1083	30	27	49	
1084	30	25	20	
1085	30	25	20	
1086	30	25	20	
1087	15	19	18	
1088	15	19	18	
1089	15	19	18	
1090	15	19	18	
1091	15	19	18	
1092	15	19	18	
1093	15	19	18	
1094	15	19	18	
1095	15	19	18	
1096	15	19	18	
1097	15	19	18	
1098	15	19	18	
1099	15	19	18	
1100	15	19	18	
1101	15	19	18	
1102	15	19	18	
1103	15	19	18	
1104	15	19	18	
1105	15	19	18	
1106	15	19	18	
1107	15	19	18	
1108	15	19	18	
1109	15	19	18	
1110	15	19	18	
1111	15	19	18	
1112	15	19	18	
1113	15	19	18	
1114	15	19	18	
1115	15	19	18	
1116	15	19	18	
1117	20	19	15	
1118	20	19	15	
1119	20	19	15	
1120	20	19	15	
1121	20	19	15	
1122	20	19	15	
1123	20	19	15	
1124	17	15	14	
1125	17	15	14	
1126	36	34	29	
1127	36	34	29	
1128	36	34	29	
1129	36	34	29	
1130	36	34	29	
1131	36	34	29	
1132	36	34	29	
1133	36	34	29	
1134	36	34	29	
1135	36	34	29	
1136	18	19	15	
1137	18	19	15	
1138	18	19	15	
1139	18	19	15	
1140	16	15	15	
1141	16	15	15	
1142	16	15	15	
1143	13	32	44	
1144	16	15	18	
1145	17	15	14	
1146	17	15	14	
1147	17	15	14	
1148	21	14	14	
1149	12	39	50	
1150	12	39	50	
1151	12	39	50	
1152	48	34	16	
1153	48	34	16	
1154	48	34	16	
1155	14	21	14	
1156	14	21	14	
1157	14	21	14	
1158	14	21	14	
1159	14	21	14	
1160	14	21	14	
1161	14	21	14	
1162	14	21	14	
1163	14	21	14	
1164	14	21	14	
1165	14	21	14	
1166	14	21	14	
1167	18	39	56	
1168	18	39	56	
1169	18	39	56	
1170	18	39	56	
1171	18	39	56	
1172	18	39	56	
1173	18	39	56	
1174	18	39	56	
1175	18	39	56	
1176	18	39	56	
1177	18	39	56	
1178	18	39	56	
1179	22	20	25	
1180	19	18	15	
1181	19	18	15	
1182	19	18	15	
1183	19	18	15	
1184	19	18	15	
1185	19	18	15	
1186	19	18	15	
1187	19	18	15	
1188	19	18	15	
1189	19	18	15	
1190	19	18	15	
1191	19	18	15	
1192	19	18	15	
1193	19	18	15	
1194	19	18	15	
1195	29	22	37	
1196	29	22	37	
1197	21	19	19	
1198	21	19	19	
1199	21	19	19	
1200	21	19	20	
1201	18	17	19	
1202	18	17	19	
1203	18	17	19	
1204	18	17	19	
1205	18	17	19	
1206	18	16	15	
1207	18	16	15	
1208	18	16	15	
1209	18	16	15	
1210	18	16	15	
1211	32	13	45	
1212	32	13	45	
1213	16	13	20	
1214	16	13	20	
1215	23	16	14	
1216	23	16	14	
1217	30	27	49	
1218	30	27	49	
1219	30	27	49	
1220	30	25	20	
1221	30	25	20	
1222	30	25	20	
1223	15	19	18	
1224	15	19	18	
1225	15	19	18	
1226	15	19	18	
1227	15	19	18	
1228	15	19	18	
1229	15	19	18	
1230	15	19	18	
1231	15	19	18	
1232	15	19	18	
1233	15	19	18	
1234	15	19	18	
1235	15	19	18	
1236	15	19	18	
1237	15	19	18	
1238	15	19	18	
1239	15	19	18	
1240	15	19	18	
1241	15	19	18	
1242	15	19	18	
1243	15	19	18	
1244	15	19	18	
1245	15	19	18	
1246	15	19	18	
1247	15	19	18	
1248	15	19	18	
1249	15	19	18	
1250	15	19	18	
1251	15	19	18	
1252	15	19	18	
1253	20	19	15	
1254	20	19	15	
1255	20	19	15	
1256	20	19	15	
1257	20	19	15	
1258	20	19	15	
1259	20	19	15	
1260	17	15	14	
1261	17	15	14	
1262	36	34	29	
1263	36	34	29	
1264	36	34	29	
1265	36	34	29	
1266	36	34	29	
1267	36	34	29	
1268	36	34	29	
1269	36	34	29	
1270	36	34	29	
1271	36	34	29	
1272	18	19	15	
1273	18	19	15	
1274	18	19	15	
1275	18	19	15	
1276	16	15	15	
1277	16	15	15	
1278	16	15	15	
1279	13	32	44	
1280	16	15	18	
1281	17	15	14	
1282	17	15	14	
1283	17	15	14	
1284	21	14	14	
1285	12	39	50	
1286	12	39	50	
1287	12	39	50	
1288	22	18	23	
1289	22	18	23	
1290	22	18	23	
1291	22	18	23	
1292	22	18	23	
1293	22	18	23	
1294	22	18	23	
1295	22	18	23	
1296	22	18	23	
1297	22	18	23	
1298	22	18	23	
1299	22	18	23	
1300	22	18	23	
1301	22	18	23	
1302	22	18	23	
1303	17	38	56	
1304	17	38	56	
1305	17	38	56	
1306	17	38	56	
1307	17	38	56	
1308	17	38	56	
1309	17	38	56	
1310	17	38	56	
1311	17	38	56	
1312	17	38	56	
1313	17	38	56	
1314	17	38	56	
1315	17	38	56	
1316	17	38	56	
1317	38	17	58	
1318	38	17	58	
1319	17	38	56	
1320	17	38	56	
1321	17	38	56	
1322	17	38	56	
1323	17	38	56	
1324	17	38	56	
1325	17	38	56	
1326	17	38	56	
1327	17	38	56	
1328	17	38	56	
1329	17	38	56	
1330	17	38	56	
1331	17	38	56	
1332	17	38	56	
1333	26	17	33	
1334	58	38	17	
1335	58	38	17	
1336	58	38	17	
1337	58	38	17	
1338	58	38	17	
1339	58	38	17	
1340	58	38	17	
1341	58	38	17	
1342	44	36	14	
1343	44	36	14	
1344	44	36	14	
1345	44	36	14	
1346	21	17	16	
1347	21	17	16	
1348	17	17	31	
1349	17	17	31	
1350	17	17	31	
1351	17	17	31	
1352	18	14	28	
1353	26	21	14	
1354	26	21	14	
1355	14	20	14	
1356	14	20	14	
1357	20	14	14	
1358	16	13	20	
1359	17	58	38	
1360	17	58	38	
1361	17	58	38	
1362	17	58	38	
1363	17	58	38	
1364	17	58	38	
1365	17	58	38	
1366	17	58	38	
1367	17	58	38	
1368	17	58	38	
1369	17	58	38	
1370	17	58	38	
1371	17	58	38	
1372	17	58	38	
1373	17	58	38	
1374	17	58	38	
1375	17	58	38	
1376	17	58	38	
1377	17	58	38	
1378	17	58	38	
1379	17	58	38	
1380	17	39	58	
1381	17	39	58	
1382	17	39	58	
1383	17	39	58	
1384	17	39	58	
1385	17	39	58	
1386	17	39	58	
1387	17	39	58	
1388	33	39	37	
1389	33	39	37	
1390	26	33	45	
1391	32	25	44	
1392	26	33	45	
1393	20	25	22	
1394	20	25	22	
1395	49	29	35	
1396	49	29	35	
1397	52	40	16	
1398	16	40	54	
1399	16	40	54	
1400	16	40	54	
1401	18	47	27	
1402	16	20	13	
1403	48	35	16	
1404	16	21	12	
1405	29	34	37	
1406	29	34	37	
1407	19	15	18	
1408	19	15	18	
1409	19	15	18	
1410	19	15	18	
1411	19	20	15	
1412	19	20	15	
1413	19	20	15	
1414	19	20	15	
1415	14	20	14	
1416	56	38	17	
1417	56	38	17	
1418	56	38	17	
1419	56	38	17	
1420	56	38	17	
1421	56	38	17	
1422	56	38	17	
1423	56	38	17	
1424	56	38	17	
1425	56	38	17	
1426	56	38	17	
1427	56	38	17	
1428	56	38	17	
1429	56	38	17	
1430	56	38	17	
1431	56	38	17	
1432	56	38	17	
1433	56	38	17	
1434	56	38	17	
1435	56	38	17	
1436	56	38	17	
1437	56	38	17	
1438	56	38	17	
1439	56	38	17	
1440	56	38	17	
1441	56	38	17	
1442	56	38	17	
1443	20	24	29	
1444	20	24	29	
1445	40	11	60	
1446	40	11	60	
1447	20	19	16	
1448	20	19	16	
1449	40	16	54	
1450	27	24	25	
1451	27	24	25	
1452	27	24	24	
1453	27	23	39	
1454	27	23	39	
1455	31	38	31	
1456	31	38	31	
1457	58	38	17	
1458	58	38	17	
1459	56	38	17	
1460	56	38	17	
1461	56	38	17	
1462	56	38	17	
1463	56	38	17	
1464	25	24	19	
1465	25	20	19	
1466	25	20	19	
1467	25	20	19	
1468	19	20	26	
1469	19	20	16	
1470	18	20	17	
1471	27	23	39	
1472	27	23	39	
1473	27	21	17	
1474	27	21	17	
1475	26	16	16	
1476	26	16	16	
1477	26	16	16	
1478	17	38	56	
1479	17	38	56	
1480	14	36	44	
1481	38	56	17	
1482	38	56	17	
1483	38	56	17	
1484	38	56	17	
1485	38	56	17	
1486	38	56	17	
1487	38	56	17	
1488	38	56	17	
1489	38	56	17	
1490	38	56	17	
1491	38	56	17	
1492	38	56	17	
1493	38	56	17	
1494	38	56	17	
1495	38	56	17	
1496	38	56	17	
1497	38	56	17	
1498	38	56	17	
1499	38	56	17	
1500	38	56	17	
1501	38	56	17	
1502	38	56	17	
1503	38	56	17	
1504	38	56	17	
1505	38	56	17	
1506	38	56	17	
1507	38	56	17	
1508	17	38	56	
1509	17	38	56	
1510	17	38	56	
1511	17	38	56	
1512	17	38	56	
1513	17	38	56	
1514	17	38	56	
1515	17	38	56	
1516	17	38	56	
1517	17	38	56	
1518	17	38	56	
1519	17	38	56	
1520	29	37	34	
1521	56	18	39	
1522	56	18	39	
1523	17	30	17	
1524	16	30	22	
1525	32	32	25	
1526	32	32	25	
1527	50	35	39	
1528	39	25	30	
1529	41	23	62	
1530	29	20	41	
1531	27	20	34	
1532	27	20	34	
1533	16	22	30	
1534	49	29	35	
1535	49	30	27	
1536	40	11	60	
1537	39	17	58	
1538	32	32	25	
1539	32	32	25	
1540	50	35	39	
1541	39	25	30	
1542	41	23	62	
1543	29	20	41	
1544	27	20	34	
1545	27	20	34	
1546	16	22	30	
1547	49	29	35	
1548	49	30	27	
1549	40	11	60	
1550	39	17	58	
1551	32	32	25	
1552	32	32	25	
1553	50	35	39	
1554	39	25	30	
1555	41	23	62	
1556	29	20	41	
1557	27	20	34	
1558	27	20	34	
1559	16	22	30	
1560	49	29	35	
1561	49	30	27	
1562	40	11	60	
1563	39	17	58	
0	1	2	3	4	5	6	7	8	9	10	11	12	13	14	15	16	17	18	19	20	21	22	23	24	25	26	27	28	29	30	31	32	33	34	35	36	37	38	39	40	41	42	43	44	45	46	47	48	49	50	51	52	53	54	55	56	57	58	59	60	61	62	63	64	65	66	67	68	69	70	71	72	73	74	75	76	77	78	79	80	81	82	83	84	85	86	87	88	89	90	91	92	93	94	95	96	97	98	99	100	101	102	103	104	105	106	107	108	109	110	111	112	113	114	115	116	117	118	119	120	121	122	123	124	125	126	127	128	129	130	131	132	133	134	135	136	137	138	139	140	141	142	143	144	145	146	147	148	149	150	151	152	153	154	155	156	157	158	159	160	161	162	163	164	165	166	167	168	169	170	171	172	173	174	175	176	177	178	179	180	181	182	183	184	185	186	187	188	189	190	191	192	193	194	195	196	197	198	199	200	201	202	203	204	205	206	207	208	209	210	211	212	213	214	215	216	217	218	219	220	221	222	223	224	225	226	227	228	229	230	231	232	233	234	235	236	237	238	239	240	241	242	243	244	245	246	247	248	249	250	251	252	253	254	255	256	257	258	259	260	261	262	263	264	265	266	267	268	269	270	271	272	273	274	275	276	277	278	279	280	281	282	283	284	285	286	287	288	289	290	291	292	293	294	295	296	297	298	299	300	301	302	303	304	305	306	307	308	309	310	311	312	313	314	315	316	317	318	319	320	321	322	323	324	325	326	327	328	329	330	331	332	333	334	335	336	337	338	339	340	341	342	343	344	345	346	347	348	349	350	351	352	353	354	355	356	357	358	359	360	361	362	363	364	365	366	367	368	369	370	371	372	373	374	375	376	377	378	379	380	381	382	383	384	385	386	387	388	389	390	391	392	393	394	395	396	397	398	399	400	401	402	403	404	405	406	407	408	409	410	411	412	413	414	415	416	417	418	419	420	421	422	423	424	425	426	427	428	429	430	431	432	433	434	435	436	437	438	439	440	441	442	443	444	445	446	447	448	449	450	451	452	453	454	455	456	457	458	459	460	461	462	463	464	465	466	467	468	469	470	471	472	473	474	475	476	477	478	479	480	481	482	483	484	485	486	487	488	489	490	491	492	493	494	495	496	497	498	499	500	501	502	503	504	505	506	507	508	509	510	511	512	513	514	515	516	517	518	519	520	521	522	523	524	525	526	527	528	529	530	531	532	533	534	535	536	537	538	539	540	541	542	543	544	545	546	547	548	549	550	551	552	553	554	555	556	557	558	559	560	561	562	563	564	565	566	567	568	569	570	571	572	573	574	575	576	577	578	579	580	581	582	583	584	585	586	587	588	589	590	591	592	593	594	595	596	597	598	599	600	601	602	603	604	605	606	607	608	609	610	611	612	613	614	615	616	617	618	619	620	621	622	623	624	625	626	627	628	629	630	631	632	633	634	635	636	637	638	639	640	641	642	643	644	645	646	647	648	649	650	651	652	653	654	655	656	657	658	659	660	661	662	663	664	665	666	667	668	669	670	671	672	673	674	675	676	677	678	679	680	681	682	683	684	685	686	687	688	689	690	691	692	693	694	695	696	697	698	699	700	701	702	703	704	705	706	707	708	709	710	711	712	713	714	715	716	717	718	719	720	721	722	723	724	725	726	727	728	729	730	731	732	733	734	735	736	737	738	739	740	741	742	743	744	745	746	747	748	749	750	751	752	753	754	755	756	757	758	759	760	761	762	763	764	765	766	767	768	769	770	771	772	773	774	775	776	777	778	779	780	781	782	783	784	785	786	787	788	789	790	791	792	793	794	795	796	797	798	799	800	801	802	803	804	805	806	807	808	809	810	811	812	813	814	815	816	817	818	819	820	821	822	823	824	825	826	827	828	829	830	831	832	833	834	835	836	837	838	839	840	841	842	843	844	845	846	847	848	849	850	851	852	853	854	855	856	857	858	859	860	861	862	863	864	865	866	867	868	869	870	871	872	873	874	875	876	877	878	879	880	881	882	883	884	885	886	887	888	889	890	891	892	893	894	895	896	897	898	899	900	901	902	903	904	905	906	907	908	909	910	911	912	913	914	915	916	917	918	919	920	921	922	923	924	925	926	927	928	929	930	931	932	933	934	935	936	937	938	939	940	941	942	943	944	945	946	947	948	949	950	951	952	953	954	955	956	957	958	959	960	961	962	963	964	965	966	967	968	969	970	971	972	973	974	975	976	977	978	979	980	981	982	983	984	985	986	987	988	989	990	991	992	993	994	995	996	997	998	999	1000	1001	1002	1003	1004	1005	1006	1007	1008	1009	1010	1011	1012	1013	1014	1015	1016	1017	1018	1019	1020	1021	1022	1023	1024	1025	1026	1027	1028	1029	1030	1031	1032	1033	1034	1035	1036	1037	1038	1039	1040	1041	1042	1043	1044	1045	1046	1047	1048	1049	1050	1051	1052	1053	1054	1055	1056	1057	1058	1059	1060	1061	1062	1063	1064	1065	1066	1067	1068	1069	1070	1071	1072	1073	1074	1075	1076	1077	1078	1079	1080	1081	1082	1083	1084	1085	1086	1087	1088	1089	1090	1091	1092	1093	1094	1095	1096	1097	1098	1099	1100	1101	1102	1103	1104	1105	1106	1107	1108	1109	1110	1111	1112	1113	1114	1115	1116	1117	1118	1119	1120	1121	1122	1123	1124	1125	1126	1127	1128	1129	1130	1131	1132	1133	1134	1135	1136	1137	1138	1139	1140	1141	1142	1143	1144	1145	1146	1147	1148	1149	1150	1151	1152	1153	1154	1155	1156	1157	1158	1159	1160	1161	1162	1163	1164	1165	1166	1167	1168	1169	1170	1171	1172	1173	1174	1175	1176	1177	1178	1179	1180	1181	1182	1183	1184	1185	1186	1187	1188	1189	1190	1191	1192	1193	1194	1195	1196	1197	1198	1199	1200	1201	1202	1203	1204	1205	1206	1207	1208	1209	1210	1211	1212	1213	1214	1215	1216	1217	1218	1219	1220	1221	1222	1223	1224	1225	1226	1227	1228	1229	1230	1231	1232	1233	1234	1235	1236	1237	1238	1239	1240	1241	1242	1243	1244	1245	1246	1247	1248	1249	1250	1251	1252	1253	1254	1255	1256	1257	1258	1259	1260	1261	1262	1263	1264	1265	1266	1267	1268	1269	1270	1271	1272	1273	1274	1275	1276	1277	1278	1279	1280	1281	1282	1283	1284	1285	1286	1287	1288	1289	1290	1291	1292	1293	1294	1295	1296	1297	1298	1299	1300	1301	1302	1303	1304	1305	1306	1307	1308	1309	1310	1311	1312	1313	1314	1315	1316	1317	1318	1319	1320	1321	1322	1323	1324	1325	1326	1327	1328	1329	1330	1331	1332	1333	1334	1335	1336	1337	1338	1339	1340	1341	1342	1343	1344	1345	1346	1347	1348	1349	1350	1351	1352	1353	1354	1355	1356	1357	1358	1359	1360	1361	1362	1363	1364	1365	1366	1367	1368	1369	1370	1371	1372	1373	1374	1375	1376	1377	1378	1379	1380	1381	1382	1383	1384	1385	1386	1387	1388	1389	1390	1391	1392	1393	1394	1395	1396	1397	1398	1399	1400	1401	1402	1403	1404	1405	1406	1407	1408	1409	1410	1411	1412	1413	1414	1415	1416	1417	1418	1419	1420	1421	1422	1423	1424	1425	1426	1427	1428	1429	1430	1431	1432	1433	1434	1435	1436	1437	1438	1439	1440	1441	1442	1443	1444	1445	1446	1447	1448	1449	1450	1451	1452	1453	1454	1455	1456	1457	1458	1459	1460	1461	1462	1463	1464	1465	1466	1467	1468	1469	1470	1471	1472	1473	1474	1475	1476	1477	1478	1479	1480	1481	1482	1483	1484	1485	1486	1487	1488	1489	1490	1491	1492	1493	1494	1495	1496	1497	1498	1499	1500	1501	1502	1503	1504	1505	1506	1507	1508	1509	1510	1511	1512	1513	1514	1515	1516	1517	1518	1519	1520	1521	1522	1523	1524	1525	1526	1527	1528	1529	1530	1531	1532	1533	1534	1535	1536	1537	1538	1539	1540	1541	1542	1543	1544	1545	1546	1547	1548	1549	1550	1551	1552	1553	1554	1555	1556	1557	1558	1559	1560	1561	1562	1563	
