408
120	100	160
0	40	54	16	
1	40	54	16	
2	40	54	16	
3	40	54	16	
4	40	54	16	
5	40	54	16	
6	40	54	16	
7	40	54	16	
8	40	54	16	
9	40	54	16	
10	40	54	16	
11	40	54	16	
12	40	54	16	
13	40	54	16	
14	40	54	16	
15	40	54	16	
16	40	54	16	
17	40	54	16	
18	40	54	16	
19	40	54	16	
20	40	54	16	
21	40	54	16	
22	40	54	16	
23	40	54	16	
24	40	54	16	
25	40	54	16	
26	40	54	16	
27	40	54	16	
28	40	54	16	
29	40	54	16	
30	24	23	38	
31	24	23	38	
32	24	23	38	
33	24	23	38	
34	24	23	38	
35	24	23	38	
36	24	23	38	
37	24	23	38	
38	24	23	38	
39	24	23	38	
40	24	23	27	
41	24	23	27	
42	24	23	27	
43	24	23	27	
44	24	23	27	
45	24	23	27	
46	24	23	27	
47	24	23	27	
48	24	23	27	
49	24	23	27	
50	60	23	25	
51	60	23	25	
52	60	23	25	
53	60	23	25	
54	24	23	27	
55	24	23	27	
56	24	23	27	
57	24	23	27	
58	24	23	27	
59	24	23	27	
60	24	23	27	
61	24	23	27	
62	24	23	27	
63	24	23	27	
64	24	23	27	
65	24	23	27	
66	24	23	27	
67	24	23	27	
68	24	23	27	
69	24	23	27	
70	24	23	27	
71	24	23	27	
72	24	23	27	
73	24	23	27	
74	45	23	14	
75	45	23	14	
76	45	23	14	
77	45	23	14	
78	30	24	10	
79	24	22	14	
80	40	52	16	
81	40	52	16	
82	40	52	16	
83	34	48	16	
84	34	48	16	
85	34	48	16	
86	34	48	16	
87	34	48	16	
88	34	48	16	
89	34	48	16	
90	34	48	16	
91	34	48	16	
92	34	48	16	
93	34	48	16	
94	34	48	16	
95	34	48	16	
96	34	48	16	
97	34	48	16	
98	34	48	16	
99	34	48	16	
100	34	48	16	
101	34	48	16	
102	34	48	16	
103	34	48	16	
104	34	48	16	
105	34	48	16	
106	34	48	16	
107	34	48	16	
108	34	48	16	
109	34	48	16	
110	34	48	16	
111	34	48	16	
112	34	48	16	
113	40	52	16	
114	40	52	16	
115	40	52	16	
116	40	52	16	
117	40	52	16	
118	40	52	16	
119	40	52	16	
120	40	52	16	
121	40	52	16	
122	40	52	16	
123	40	52	16	
124	40	52	16	
125	40	52	16	
126	40	52	16	
127	40	52	16	
128	40	52	16	
129	40	52	16	
130	40	52	16	
131	40	52	16	
132	40	52	16	
133	40	52	16	
134	40	52	16	
135	40	52	16	
136	40	52	16	
137	30	22	16	
138	30	22	16	
139	30	22	16	
140	30	22	16	
141	30	22	16	
142	30	22	16	
143	30	22	16	
144	30	22	16	
145	18	23	24	
146	18	23	24	
147	18	23	24	
148	18	23	24	
149	18	23	24	
150	18	23	24	
151	18	23	24	
152	18	23	24	
153	18	23	24	
154	18	23	24	
155	18	23	24	
156	18	23	24	
157	16	21	15	
158	16	21	15	
159	24	34	31	
160	24	34	31	
161	24	34	31	
162	24	34	31	
163	24	34	31	
164	24	34	31	
165	24	34	31	
166	24	34	31	
167	24	34	31	
168	24	34	31	
169	24	34	31	
170	24	34	31	
171	24	34	31	
172	24	34	31	
173	24	34	31	
174	24	34	31	
175	24	34	31	
176	24	34	31	
177	24	34	31	
178	24	34	31	
179	24	34	31	
180	24	34	31	
181	24	34	31	
182	24	34	31	
183	24	34	31	
184	17	39	58	
185	17	39	58	
186	17	39	58	
187	17	39	58	
188	17	39	58	
189	17	39	58	
190	17	39	58	
191	17	39	58	
192	17	39	58	
193	17	39	58	
194	17	39	58	
195	17	39	58	
196	17	39	58	
197	17	39	58	
198	30	27	49	
199	30	27	49	
200	30	27	49	
201	30	27	49	
202	30	27	49	
203	30	27	49	
204	30	27	49	
205	30	27	49	
206	30	27	49	
207	30	27	49	
208	30	27	49	
209	30	27	49	
210	30	21	13	
211	30	21	13	
212	30	21	13	
213	30	21	13	
214	17	15	22	
215	17	15	22	
216	17	15	22	
217	17	15	22	
218	17	15	22	
219	17	15	22	
220	17	15	22	
221	17	15	22	
222	17	15	22	
223	17	15	22	
224	17	15	22	
225	17	15	22	
226	17	15	22	
227	17	15	22	
228	26	24	22	
229	26	24	22	
230	26	24	22	
231	26	24	22	
232	26	24	22	
233	26	24	22	
234	26	24	22	
235	26	24	22	
236	15	17	22	
237	15	17	22	
238	34	37	29	
239	34	37	29	
240	34	37	29	
241	34	37	29	
242	34	37	29	
243	34	37	29	
244	20	26	50	
245	20	26	50	
246	20	26	50	
247	20	26	50	
248	20	26	50	
249	20	26	50	
250	17	38	58	
251	17	38	58	
252	17	38	58	
253	17	38	58	
254	17	38	58	
255	17	38	58	
256	17	38	58	
257	17	38	58	
258	17	38	58	
259	17	38	58	
260	17	38	58	
261	17	38	58	
262	29	34	37	
263	29	34	37	
264	29	34	37	
265	29	34	37	
266	29	34	37	
267	29	34	37	
268	29	34	37	
269	29	34	37	
270	29	34	37	
271	20	15	19	
272	20	15	19	
273	20	15	19	
274	20	15	19	
275	20	15	19	
276	20	15	19	
277	20	15	19	
278	20	15	19	
279	20	19	15	
280	20	19	15	
281	20	19	15	
282	20	19	15	
283	20	19	15	
284	20	19	15	
285	20	19	15	
286	20	19	15	
287	20	19	15	
288	20	19	15	
289	29	22	37	
290	29	22	37	
291	29	22	37	
292	29	22	37	
293	29	22	37	
294	29	22	37	
295	29	22	37	
296	29	22	37	
297	23	16	11	
298	23	16	11	
299	15	18	19	
300	15	18	19	
301	15	18	19	
302	15	18	19	
303	15	18	19	
304	15	18	19	
305	15	18	19	
306	15	18	19	
307	15	18	19	
308	15	18	19	
309	15	18	19	
310	15	18	19	
311	19	25	24	
312	19	25	24	
313	19	25	24	
314	19	25	24	
315	19	25	24	
316	19	25	24	
317	19	22	11	
318	16	35	48	
319	16	35	48	
320	16	35	48	
321	16	35	48	
322	16	35	48	
323	16	35	48	
324	15	16	15	
325	15	16	15	
326	15	16	15	
327	15	16	15	
328	17	38	56	
329	17	38	56	
330	17	38	56	
331	17	38	56	
332	17	38	56	
333	17	38	56	
334	17	38	56	
335	17	38	56	
336	17	38	56	
337	17	38	56	
338	17	38	56	
339	17	38	56	
340	17	38	56	
341	17	38	56	
342	41	23	62	
343	41	23	62	
344	29	37	34	
345	29	37	34	
346	29	37	34	
347	29	37	34	
348	29	37	34	
349	29	37	34	
350	29	37	34	
351	29	37	34	
352	29	37	34	
353	29	37	34	
354	29	37	34	
355	29	37	34	
356	17	38	56	
357	17	38	56	
358	17	38	56	
359	17	38	56	
360	17	38	56	
361	17	38	56	
362	17	38	56	
363	22	23	24	
364	22	23	24	
365	22	23	24	
366	22	23	24	
367	23	18	24	
368	23	18	24	
369	23	18	24	
370	23	18	24	
371	60	23	25	
372	20	23	23	
373	20	23	23	
374	20	23	23	
375	25	23	46	
376	23	38	24	
377	23	38	24	
378	18	19	15	
379	18	19	15	
380	18	19	15	
381	18	19	15	
382	18	19	15	
383	18	19	15	
384	18	19	15	
385	18	19	15	
386	18	19	15	
387	18	19	15	
388	18	19	15	
389	18	19	15	
390	18	19	15	
391	18	19	15	
392	18	19	15	
393	18	19	15	
394	15	19	18	
395	15	19	18	
396	15	19	18	
397	15	19	18	
398	15	19	18	
399	15	19	18	
400	38	24	22	
401	26	23	45	
402	34	24	25	
403	33	24	41	
404	26	22	24	
405	26	22	24	
406	26	22	24	
407	23	38	18	
0	1	2	3	4	5	6	7	8	9	10	11	12	13	14	15	16	17	18	19	20	21	22	23	24	25	26	27	28	29	30	31	32	33	34	35	36	37	38	39	40	41	42	43	44	45	46	47	48	49	50	51	52	53	54	55	56	57	58	59	60	61	62	63	64	65	66	67	68	69	70	71	72	73	74	75	76	77	78	79	80	81	82	83	84	85	86	87	88	89	90	91	92	93	94	95	96	97	98	99	100	101	102	103	104	105	106	107	108	109	110	111	112	113	114	115	116	117	118	119	120	121	122	123	124	125	126	127	128	129	130	131	132	133	134	135	136	137	138	139	140	141	142	143	144	145	146	147	148	149	150	151	152	153	154	155	156	157	158	159	160	161	162	163	164	165	166	167	168	169	170	171	172	173	174	175	176	177	178	179	180	181	182	183	184	185	186	187	188	189	190	191	192	193	194	195	196	197	198	199	200	201	202	203	204	205	206	207	208	209	210	211	212	213	214	215	216	217	218	219	220	221	222	223	224	225	226	227	228	229	230	231	232	233	234	235	236	237	238	239	240	241	242	243	244	245	246	247	248	249	250	251	252	253	254	255	256	257	258	259	260	261	262	263	264	265	266	267	268	269	270	271	272	273	274	275	276	277	278	279	280	281	282	283	284	285	286	287	288	289	290	291	292	293	294	295	296	297	298	299	300	301	302	303	304	305	306	307	308	309	310	311	312	313	314	315	316	317	318	319	320	321	322	323	324	325	326	327	328	329	330	331	332	333	334	335	336	337	338	339	340	341	342	343	344	345	346	347	348	349	350	351	352	353	354	355	356	357	358	359	360	361	362	363	364	365	366	367	368	369	370	371	372	373	374	375	376	377	378	379	380	381	382	383	384	385	386	387	388	389	390	391	392	393	394	395	396	397	398	399	400	401	402	403	404	405	406	407	
