921
120	100	160
0	40	52	16	
1	40	52	16	
2	40	52	16	
3	40	52	16	
4	40	52	16	
5	40	52	16	
6	40	52	16	
7	40	52	16	
8	40	52	16	
9	40	52	16	
10	40	52	16	
11	40	52	16	
12	40	52	16	
13	40	52	16	
14	40	52	16	
15	40	52	16	
16	40	52	16	
17	40	52	16	
18	40	52	16	
19	40	52	16	
20	40	52	16	
21	40	52	16	
22	40	52	16	
23	40	52	16	
24	40	52	16	
25	40	52	16	
26	40	52	16	
27	40	52	16	
28	40	52	16	
29	40	52	16	
30	34	48	16	
31	34	48	16	
32	34	48	16	
33	34	48	16	
34	34	48	16	
35	34	48	16	
36	34	48	16	
37	34	48	16	
38	34	48	16	
39	34	48	16	
40	34	48	16	
41	34	48	16	
42	34	48	16	
43	34	48	16	
44	34	48	16	
45	34	48	16	
46	34	48	16	
47	34	48	16	
48	34	48	16	
49	34	48	16	
50	34	48	16	
51	34	48	16	
52	34	48	16	
53	34	48	16	
54	34	48	16	
55	34	48	16	
56	34	48	16	
57	34	48	16	
58	34	48	16	
59	34	48	16	
60	18	23	24	
61	18	23	24	
62	18	23	24	
63	18	23	24	
64	18	23	24	
65	18	23	24	
66	18	23	24	
67	18	23	24	
68	18	23	24	
69	18	23	24	
70	18	23	24	
71	18	23	24	
72	16	21	15	
73	16	21	15	
74	24	30	10	
75	24	30	10	
76	24	30	10	
77	24	30	10	
78	24	30	10	
79	24	30	10	
80	24	30	10	
81	24	30	10	
82	24	30	10	
83	24	30	10	
84	24	30	10	
85	24	30	10	
86	24	30	10	
87	24	30	10	
88	24	30	10	
89	24	30	10	
90	24	30	10	
91	24	30	10	
92	24	30	10	
93	24	30	10	
94	24	30	10	
95	24	30	10	
96	24	30	10	
97	24	30	10	
98	24	30	10	
99	24	30	10	
100	24	30	10	
101	24	30	10	
102	24	30	10	
103	24	30	10	
104	24	30	10	
105	24	30	10	
106	24	30	10	
107	24	30	10	
108	24	30	10	
109	24	30	10	
110	24	30	10	
111	24	30	10	
112	24	30	10	
113	24	30	10	
114	24	30	10	
115	24	30	10	
116	24	30	10	
117	24	30	10	
118	24	30	10	
119	24	30	10	
120	24	30	10	
121	24	30	10	
122	24	30	10	
123	24	30	10	
124	24	30	10	
125	24	30	10	
126	24	30	10	
127	24	30	10	
128	24	30	10	
129	24	30	10	
130	24	30	10	
131	24	30	10	
132	24	30	10	
133	24	30	10	
134	24	30	10	
135	24	30	10	
136	24	30	10	
137	24	30	10	
138	24	30	10	
139	24	30	10	
140	24	30	10	
141	24	30	10	
142	24	30	10	
143	24	30	10	
144	24	30	10	
145	24	30	10	
146	24	30	10	
147	24	30	10	
148	24	30	10	
149	24	30	10	
150	24	30	10	
151	24	30	10	
152	24	30	10	
153	24	30	10	
154	48	35	16	
155	48	35	16	
156	48	35	16	
157	48	35	16	
158	48	35	16	
159	48	35	16	
160	48	35	16	
161	48	35	16	
162	48	35	16	
163	48	35	16	
164	48	35	16	
165	48	35	16	
166	48	35	16	
167	48	35	16	
168	48	35	16	
169	48	35	16	
170	48	35	16	
171	48	35	16	
172	48	35	16	
173	48	35	16	
174	48	35	16	
175	48	35	16	
176	48	35	16	
177	48	35	16	
178	48	35	16	
179	48	35	16	
180	48	35	16	
181	48	35	16	
182	48	35	16	
183	48	35	16	
184	48	35	16	
185	48	35	16	
186	48	35	16	
187	48	35	16	
188	48	35	16	
189	48	35	16	
190	48	35	16	
191	48	35	16	
192	48	35	16	
193	48	35	16	
194	24	30	10	
195	24	30	10	
196	24	30	10	
197	24	30	10	
198	24	30	10	
199	24	30	10	
200	24	30	10	
201	24	30	10	
202	24	30	10	
203	24	30	10	
204	24	30	10	
205	24	30	10	
206	24	30	10	
207	24	30	10	
208	24	30	10	
209	24	30	10	
210	24	40	60	
211	24	40	60	
212	24	40	33	
213	24	34	31	
214	24	34	31	
215	24	34	31	
216	24	34	31	
217	24	34	31	
218	24	34	31	
219	24	34	31	
220	24	34	31	
221	24	34	31	
222	24	34	31	
223	24	34	31	
224	24	34	31	
225	24	34	31	
226	24	34	31	
227	24	34	31	
228	24	34	31	
229	24	34	31	
230	24	34	31	
231	24	34	31	
232	24	34	31	
233	24	34	31	
234	24	34	31	
235	24	34	31	
236	24	34	31	
237	24	34	31	
238	17	39	58	
239	17	39	58	
240	17	39	58	
241	17	39	58	
242	17	39	58	
243	17	39	58	
244	17	39	58	
245	17	39	58	
246	17	39	58	
247	17	39	58	
248	17	39	58	
249	17	39	58	
250	17	39	58	
251	17	39	58	
252	30	27	49	
253	30	27	49	
254	30	27	49	
255	30	27	49	
256	30	27	49	
257	30	27	49	
258	30	27	49	
259	30	27	49	
260	30	27	49	
261	30	27	49	
262	30	27	49	
263	30	27	49	
264	30	21	13	
265	30	21	13	
266	30	21	13	
267	30	21	13	
268	17	15	22	
269	17	15	22	
270	17	15	22	
271	17	15	22	
272	17	15	22	
273	17	15	22	
274	17	15	22	
275	17	15	22	
276	17	15	22	
277	17	15	22	
278	17	15	22	
279	17	15	22	
280	17	15	22	
281	17	15	22	
282	26	24	22	
283	26	24	22	
284	26	24	22	
285	26	24	22	
286	26	24	22	
287	26	24	22	
288	26	24	22	
289	26	24	22	
290	15	17	22	
291	15	17	22	
292	24	31	34	
293	24	31	34	
294	24	31	34	
295	24	31	34	
296	24	31	34	
297	24	31	34	
298	24	31	34	
299	24	31	34	
300	24	31	34	
301	24	31	34	
302	24	31	34	
303	24	31	34	
304	24	31	34	
305	24	31	34	
306	24	31	34	
307	24	31	34	
308	24	31	34	
309	24	31	34	
310	24	31	34	
311	24	31	34	
312	28	10	24	
313	28	10	24	
314	28	10	24	
315	28	10	24	
316	28	10	24	
317	28	10	24	
318	28	10	24	
319	28	10	24	
320	28	10	24	
321	30	22	16	
322	30	22	16	
323	30	22	16	
324	30	22	16	
325	30	22	16	
326	30	22	16	
327	30	22	16	
328	30	22	16	
329	30	22	16	
330	30	22	16	
331	30	22	16	
332	30	22	16	
333	30	22	16	
334	30	22	16	
335	30	22	16	
336	30	22	16	
337	30	22	16	
338	30	22	16	
339	30	22	16	
340	30	22	16	
341	30	22	16	
342	30	22	16	
343	30	22	16	
344	30	22	16	
345	30	22	16	
346	30	22	16	
347	30	22	16	
348	30	22	16	
349	26	28	24	
350	48	35	16	
351	48	35	16	
352	48	35	16	
353	48	35	16	
354	48	35	16	
355	48	35	16	
356	48	35	16	
357	48	35	16	
358	48	35	16	
359	48	35	16	
360	48	35	16	
361	48	35	16	
362	48	35	16	
363	48	35	16	
364	48	35	16	
365	48	35	16	
366	48	35	16	
367	48	35	16	
368	48	35	16	
369	48	35	16	
370	22	21	44	
371	22	21	44	
372	22	21	44	
373	22	21	44	
374	22	21	44	
375	39	12	50	
376	39	12	50	
377	39	12	50	
378	39	12	50	
379	39	12	50	
380	39	12	50	
381	39	12	50	
382	39	12	50	
383	39	12	50	
384	3	4	6	
385	10	28	24	
386	24	34	31	
387	24	34	31	
388	24	34	31	
389	24	34	31	
390	24	34	31	
391	10	17	14	
392	35	48	16	
393	35	48	16	
394	35	48	16	
395	35	48	16	
396	35	48	16	
397	35	48	16	
398	35	48	16	
399	35	48	16	
400	35	48	16	
401	35	48	16	
402	35	48	16	
403	35	48	16	
404	35	48	16	
405	35	48	16	
406	35	48	16	
407	35	48	16	
408	35	48	16	
409	35	48	16	
410	35	48	16	
411	35	48	16	
412	35	48	16	
413	35	48	16	
414	35	48	16	
415	35	48	16	
416	35	48	16	
417	35	48	16	
418	35	48	16	
419	35	48	16	
420	35	48	16	
421	35	48	16	
422	31	34	24	
423	31	34	24	
424	31	34	24	
425	31	34	24	
426	31	34	24	
427	31	34	24	
428	31	34	24	
429	31	34	24	
430	31	34	24	
431	31	34	24	
432	31	34	24	
433	31	34	24	
434	31	34	24	
435	31	34	24	
436	31	34	24	
437	31	34	24	
438	31	34	24	
439	31	34	24	
440	23	18	24	
441	23	18	24	
442	23	18	24	
443	23	18	24	
444	23	18	24	
445	23	18	24	
446	23	18	24	
447	23	18	24	
448	23	18	24	
449	23	18	24	
450	23	18	24	
451	23	18	24	
452	23	18	24	
453	23	18	24	
454	23	18	24	
455	23	18	24	
456	23	18	24	
457	23	18	24	
458	23	18	24	
459	23	18	24	
460	23	18	24	
461	23	18	24	
462	23	18	24	
463	23	18	24	
464	23	18	24	
465	23	18	24	
466	23	18	24	
467	23	18	24	
468	23	18	24	
469	23	18	24	
470	21	17	16	
471	21	17	16	
472	21	17	16	
473	21	17	16	
474	21	17	16	
475	21	17	16	
476	21	17	16	
477	21	17	16	
478	28	17	15	
479	28	17	15	
480	28	17	15	
481	28	17	15	
482	27	34	20	
483	27	34	20	
484	27	34	20	
485	27	34	20	
486	27	34	20	
487	27	34	20	
488	27	34	20	
489	27	34	20	
490	15	16	18	
491	15	16	18	
492	15	16	18	
493	15	16	18	
494	15	16	18	
495	15	16	18	
496	15	16	18	
497	15	16	18	
498	15	16	18	
499	15	16	18	
500	15	16	18	
501	15	16	18	
502	15	16	18	
503	15	16	18	
504	15	16	18	
505	15	16	18	
506	15	16	18	
507	15	16	18	
508	13	48	34	
509	17	38	58	
510	17	38	58	
511	17	38	58	
512	17	38	58	
513	17	38	58	
514	17	38	58	
515	17	38	58	
516	17	38	58	
517	17	38	58	
518	17	38	58	
519	17	38	58	
520	17	38	58	
521	17	38	58	
522	17	38	58	
523	17	58	38	
524	17	58	38	
525	17	58	38	
526	17	58	38	
527	17	58	38	
528	17	58	38	
529	17	58	38	
530	17	58	38	
531	17	58	38	
532	17	58	38	
533	17	58	38	
534	17	58	38	
535	17	58	38	
536	17	58	38	
537	20	19	26	
538	20	19	26	
539	20	19	26	
540	20	23	25	
541	20	23	25	
542	20	23	25	
543	20	23	25	
544	20	23	25	
545	20	23	25	
546	17	18	20	
547	17	18	20	
548	17	18	20	
549	17	18	20	
550	17	18	20	
551	17	18	20	
552	17	18	20	
553	17	18	19	
554	17	18	19	
555	17	18	19	
556	17	18	19	
557	17	18	19	
558	17	18	19	
559	17	18	19	
560	30	29	26	
561	30	29	26	
562	26	23	45	
563	26	23	45	
564	26	23	45	
565	39	18	56	
566	39	18	56	
567	39	18	56	
568	23	23	17	
569	23	23	17	
570	23	23	17	
571	23	23	17	
572	23	23	17	
573	23	23	17	
574	23	23	17	
575	23	23	17	
576	23	23	17	
577	23	23	17	
578	23	23	17	
579	23	23	17	
580	23	23	17	
581	23	23	17	
582	23	23	17	
583	23	23	17	
584	23	23	17	
585	23	23	17	
586	23	23	17	
587	23	23	17	
588	23	23	17	
589	23	23	17	
590	23	23	17	
591	23	23	17	
592	23	23	17	
593	23	23	17	
594	23	23	17	
595	23	23	17	
596	45	23	14	
597	20	19	26	
598	20	19	26	
599	20	19	26	
600	14	19	26	
601	14	19	26	
602	14	19	26	
603	45	23	14	
604	33	45	26	
605	12	13	26	
606	22	11	13	
607	22	11	13	
608	48	34	16	
609	48	34	16	
610	48	34	16	
611	14	21	14	
612	14	21	14	
613	14	21	14	
614	14	21	14	
615	14	21	14	
616	14	21	14	
617	14	21	14	
618	14	21	14	
619	14	21	14	
620	14	21	14	
621	14	21	14	
622	14	21	14	
623	18	39	56	
624	18	39	56	
625	18	39	56	
626	18	39	56	
627	18	39	56	
628	18	39	56	
629	18	39	56	
630	18	39	56	
631	18	39	56	
632	18	39	56	
633	18	39	56	
634	18	39	56	
635	22	20	25	
636	19	18	15	
637	19	18	15	
638	19	18	15	
639	19	18	15	
640	19	18	15	
641	19	18	15	
642	19	18	15	
643	19	18	15	
644	19	18	15	
645	19	18	15	
646	19	18	15	
647	19	18	15	
648	19	18	15	
649	19	18	15	
650	19	18	15	
651	29	22	37	
652	29	22	37	
653	21	19	19	
654	21	19	19	
655	21	19	19	
656	21	19	20	
657	18	17	19	
658	18	17	19	
659	18	17	19	
660	18	17	19	
661	18	17	19	
662	18	16	15	
663	18	16	15	
664	18	16	15	
665	18	16	15	
666	18	16	15	
667	32	13	45	
668	32	13	45	
669	16	13	20	
670	16	13	20	
671	23	16	14	
672	23	16	14	
673	30	27	49	
674	30	27	49	
675	30	27	49	
676	30	25	20	
677	30	25	20	
678	30	25	20	
679	15	19	18	
680	15	19	18	
681	15	19	18	
682	15	19	18	
683	15	19	18	
684	15	19	18	
685	15	19	18	
686	15	19	18	
687	15	19	18	
688	15	19	18	
689	15	19	18	
690	15	19	18	
691	15	19	18	
692	15	19	18	
693	15	19	18	
694	15	19	18	
695	15	19	18	
696	15	19	18	
697	15	19	18	
698	15	19	18	
699	15	19	18	
700	15	19	18	
701	15	19	18	
702	15	19	18	
703	15	19	18	
704	15	19	18	
705	15	19	18	
706	15	19	18	
707	15	19	18	
708	15	19	18	
709	20	19	15	
710	20	19	15	
711	20	19	15	
712	20	19	15	
713	20	19	15	
714	20	19	15	
715	20	19	15	
716	17	15	14	
717	17	15	14	
718	36	34	29	
719	36	34	29	
720	36	34	29	
721	36	34	29	
722	36	34	29	
723	36	34	29	
724	36	34	29	
725	36	34	29	
726	36	34	29	
727	36	34	29	
728	18	19	15	
729	18	19	15	
730	18	19	15	
731	18	19	15	
732	16	15	15	
733	16	15	15	
734	16	15	15	
735	13	32	44	
736	16	15	18	
737	17	15	14	
738	17	15	14	
739	17	15	14	
740	21	14	14	
741	12	39	50	
742	12	39	50	
743	12	39	50	
744	17	58	38	
745	17	58	38	
746	17	58	38	
747	17	58	38	
748	17	58	38	
749	17	58	38	
750	17	58	38	
751	17	58	38	
752	17	58	38	
753	17	58	38	
754	17	58	38	
755	17	58	38	
756	17	58	38	
757	17	58	38	
758	17	58	38	
759	17	58	38	
760	17	58	38	
761	17	58	38	
762	17	58	38	
763	17	58	38	
764	17	58	38	
765	17	39	58	
766	17	39	58	
767	17	39	58	
768	17	39	58	
769	17	39	58	
770	17	39	58	
771	17	39	58	
772	17	39	58	
773	33	39	37	
774	33	39	37	
775	26	33	45	
776	32	25	44	
777	26	33	45	
778	20	25	22	
779	20	25	22	
780	49	29	35	
781	49	29	35	
782	52	40	16	
783	16	40	54	
784	16	40	54	
785	16	40	54	
786	18	47	27	
787	16	20	13	
788	48	35	16	
789	16	21	12	
790	29	34	37	
791	29	34	37	
792	19	15	18	
793	19	15	18	
794	19	15	18	
795	19	15	18	
796	19	20	15	
797	19	20	15	
798	19	20	15	
799	19	20	15	
800	14	20	14	
801	22	24	26	
802	22	24	26	
803	22	24	26	
804	22	24	14	
805	21	24	33	
806	17	38	56	
807	17	38	56	
808	17	38	56	
809	17	38	56	
810	17	38	56	
811	17	38	56	
812	17	38	56	
813	17	38	56	
814	17	38	56	
815	17	38	56	
816	17	38	56	
817	17	38	56	
818	17	38	56	
819	17	38	56	
820	17	38	56	
821	17	38	56	
822	17	38	56	
823	17	38	56	
824	17	38	56	
825	17	38	56	
826	17	38	56	
827	17	38	56	
828	17	38	56	
829	17	38	56	
830	17	38	56	
831	17	38	56	
832	17	38	56	
833	17	38	56	
834	21	33	24	
835	21	33	24	
836	21	33	24	
837	21	33	24	
838	56	38	17	
839	56	38	17	
840	56	38	17	
841	56	38	17	
842	25	20	14	
843	25	20	14	
844	45	23	14	
845	14	20	14	
846	19	11	14	
847	25	24	27	
848	25	24	27	
849	25	24	27	
850	30	24	24	
851	30	24	24	
852	27	24	23	
853	30	21	13	
854	33	21	24	
855	33	21	24	
856	25	24	24	
857	29	23	43	
858	30	22	16	
859	30	22	16	
860	30	22	16	
861	23	23	20	
862	22	21	44	
863	39	33	37	
864	15	22	29	
865	15	20	19	
866	15	18	16	
867	15	17	13	
868	12	16	18	
869	12	18	16	
870	23	23	17	
871	23	23	17	
872	23	22	18	
873	23	18	38	
874	17	38	56	
875	17	38	56	
876	14	36	44	
877	38	56	17	
878	38	56	17	
879	38	56	17	
880	38	56	17	
881	38	56	17	
882	38	56	17	
883	38	56	17	
884	38	56	17	
885	38	56	17	
886	38	56	17	
887	38	56	17	
888	38	56	17	
889	38	56	17	
890	38	56	17	
891	38	56	17	
892	38	56	17	
893	38	56	17	
894	38	56	17	
895	38	56	17	
896	38	56	17	
897	38	56	17	
898	38	56	17	
899	38	56	17	
900	38	56	17	
901	38	56	17	
902	38	56	17	
903	38	56	17	
904	17	38	56	
905	17	38	56	
906	17	38	56	
907	17	38	56	
908	17	38	56	
909	17	38	56	
910	17	38	56	
911	17	38	56	
912	17	38	56	
913	17	38	56	
914	17	38	56	
915	17	38	56	
916	29	37	34	
917	56	18	39	
918	56	18	39	
919	17	30	17	
920	16	30	22	
0	1	2	3	4	5	6	7	8	9	10	11	12	13	14	15	16	17	18	19	20	21	22	23	24	25	26	27	28	29	30	31	32	33	34	35	36	37	38	39	40	41	42	43	44	45	46	47	48	49	50	51	52	53	54	55	56	57	58	59	60	61	62	63	64	65	66	67	68	69	70	71	72	73	74	75	76	77	78	79	80	81	82	83	84	85	86	87	88	89	90	91	92	93	94	95	96	97	98	99	100	101	102	103	104	105	106	107	108	109	110	111	112	113	114	115	116	117	118	119	120	121	122	123	124	125	126	127	128	129	130	131	132	133	134	135	136	137	138	139	140	141	142	143	144	145	146	147	148	149	150	151	152	153	154	155	156	157	158	159	160	161	162	163	164	165	166	167	168	169	170	171	172	173	174	175	176	177	178	179	180	181	182	183	184	185	186	187	188	189	190	191	192	193	194	195	196	197	198	199	200	201	202	203	204	205	206	207	208	209	210	211	212	213	214	215	216	217	218	219	220	221	222	223	224	225	226	227	228	229	230	231	232	233	234	235	236	237	238	239	240	241	242	243	244	245	246	247	248	249	250	251	252	253	254	255	256	257	258	259	260	261	262	263	264	265	266	267	268	269	270	271	272	273	274	275	276	277	278	279	280	281	282	283	284	285	286	287	288	289	290	291	292	293	294	295	296	297	298	299	300	301	302	303	304	305	306	307	308	309	310	311	312	313	314	315	316	317	318	319	320	321	322	323	324	325	326	327	328	329	330	331	332	333	334	335	336	337	338	339	340	341	342	343	344	345	346	347	348	349	350	351	352	353	354	355	356	357	358	359	360	361	362	363	364	365	366	367	368	369	370	371	372	373	374	375	376	377	378	379	380	381	382	383	384	385	386	387	388	389	390	391	392	393	394	395	396	397	398	399	400	401	402	403	404	405	406	407	408	409	410	411	412	413	414	415	416	417	418	419	420	421	422	423	424	425	426	427	428	429	430	431	432	433	434	435	436	437	438	439	440	441	442	443	444	445	446	447	448	449	450	451	452	453	454	455	456	457	458	459	460	461	462	463	464	465	466	467	468	469	470	471	472	473	474	475	476	477	478	479	480	481	482	483	484	485	486	487	488	489	490	491	492	493	494	495	496	497	498	499	500	501	502	503	504	505	506	507	508	509	510	511	512	513	514	515	516	517	518	519	520	521	522	523	524	525	526	527	528	529	530	531	532	533	534	535	536	537	538	539	540	541	542	543	544	545	546	547	548	549	550	551	552	553	554	555	556	557	558	559	560	561	562	563	564	565	566	567	568	569	570	571	572	573	574	575	576	577	578	579	580	581	582	583	584	585	586	587	588	589	590	591	592	593	594	595	596	597	598	599	600	601	602	603	604	605	606	607	608	609	610	611	612	613	614	615	616	617	618	619	620	621	622	623	624	625	626	627	628	629	630	631	632	633	634	635	636	637	638	639	640	641	642	643	644	645	646	647	648	649	650	651	652	653	654	655	656	657	658	659	660	661	662	663	664	665	666	667	668	669	670	671	672	673	674	675	676	677	678	679	680	681	682	683	684	685	686	687	688	689	690	691	692	693	694	695	696	697	698	699	700	701	702	703	704	705	706	707	708	709	710	711	712	713	714	715	716	717	718	719	720	721	722	723	724	725	726	727	728	729	730	731	732	733	734	735	736	737	738	739	740	741	742	743	744	745	746	747	748	749	750	751	752	753	754	755	756	757	758	759	760	761	762	763	764	765	766	767	768	769	770	771	772	773	774	775	776	777	778	779	780	781	782	783	784	785	786	787	788	789	790	791	792	793	794	795	796	797	798	799	800	801	802	803	804	805	806	807	808	809	810	811	812	813	814	815	816	817	818	819	820	821	822	823	824	825	826	827	828	829	830	831	832	833	834	835	836	837	838	839	840	841	842	843	844	845	846	847	848	849	850	851	852	853	854	855	856	857	858	859	860	861	862	863	864	865	866	867	868	869	870	871	872	873	874	875	876	877	878	879	880	881	882	883	884	885	886	887	888	889	890	891	892	893	894	895	896	897	898	899	900	901	902	903	904	905	906	907	908	909	910	911	912	913	914	915	916	917	918	919	920	
