1775
120	100	160
0	40	52	16	
1	40	52	16	
2	40	52	16	
3	40	52	16	
4	40	52	16	
5	40	52	16	
6	40	52	16	
7	40	52	16	
8	40	52	16	
9	40	52	16	
10	40	52	16	
11	40	52	16	
12	40	52	16	
13	40	52	16	
14	40	52	16	
15	40	52	16	
16	40	52	16	
17	40	52	16	
18	40	52	16	
19	40	52	16	
20	40	52	16	
21	40	52	16	
22	40	52	16	
23	40	52	16	
24	40	52	16	
25	40	52	16	
26	40	52	16	
27	40	52	16	
28	40	52	16	
29	40	52	16	
30	34	48	16	
31	34	48	16	
32	34	48	16	
33	34	48	16	
34	34	48	16	
35	34	48	16	
36	34	48	16	
37	34	48	16	
38	34	48	16	
39	34	48	16	
40	34	48	16	
41	34	48	16	
42	34	48	16	
43	34	48	16	
44	34	48	16	
45	34	48	16	
46	34	48	16	
47	34	48	16	
48	34	48	16	
49	34	48	16	
50	34	48	16	
51	34	48	16	
52	34	48	16	
53	34	48	16	
54	34	48	16	
55	34	48	16	
56	34	48	16	
57	34	48	16	
58	34	48	16	
59	34	48	16	
60	18	23	24	
61	18	23	24	
62	18	23	24	
63	18	23	24	
64	18	23	24	
65	18	23	24	
66	18	23	24	
67	18	23	24	
68	18	23	24	
69	18	23	24	
70	18	23	24	
71	18	23	24	
72	16	21	15	
73	16	21	15	
74	40	52	16	
75	40	52	16	
76	40	52	16	
77	40	52	16	
78	40	52	16	
79	40	52	16	
80	40	52	16	
81	40	52	16	
82	40	52	16	
83	40	52	16	
84	40	52	16	
85	40	52	16	
86	40	52	16	
87	40	52	16	
88	40	52	16	
89	40	52	16	
90	40	52	16	
91	40	52	16	
92	40	52	16	
93	40	52	16	
94	40	52	16	
95	40	52	16	
96	40	52	16	
97	40	52	16	
98	40	52	16	
99	40	52	16	
100	40	52	16	
101	40	52	16	
102	40	52	16	
103	40	52	16	
104	34	48	16	
105	34	48	16	
106	34	48	16	
107	34	48	16	
108	34	48	16	
109	34	48	16	
110	34	48	16	
111	34	48	16	
112	34	48	16	
113	34	48	16	
114	34	48	16	
115	34	48	16	
116	34	48	16	
117	34	48	16	
118	34	48	16	
119	34	48	16	
120	34	48	16	
121	34	48	16	
122	34	48	16	
123	34	48	16	
124	34	48	16	
125	34	48	16	
126	34	48	16	
127	34	48	16	
128	34	48	16	
129	34	48	16	
130	34	48	16	
131	34	48	16	
132	34	48	16	
133	34	48	16	
134	18	23	24	
135	18	23	24	
136	18	23	24	
137	18	23	24	
138	18	23	24	
139	18	23	24	
140	18	23	24	
141	18	23	24	
142	18	23	24	
143	18	23	24	
144	18	23	24	
145	18	23	24	
146	16	21	15	
147	16	21	15	
148	40	52	16	
149	40	52	16	
150	40	52	16	
151	34	48	16	
152	34	48	16	
153	34	48	16	
154	34	48	16	
155	34	48	16	
156	34	48	16	
157	34	48	16	
158	34	48	16	
159	34	48	16	
160	34	48	16	
161	34	48	16	
162	34	48	16	
163	34	48	16	
164	34	48	16	
165	34	48	16	
166	34	48	16	
167	34	48	16	
168	34	48	16	
169	34	48	16	
170	34	48	16	
171	34	48	16	
172	34	48	16	
173	34	48	16	
174	34	48	16	
175	34	48	16	
176	34	48	16	
177	34	48	16	
178	34	48	16	
179	34	48	16	
180	34	48	16	
181	40	52	16	
182	40	52	16	
183	40	52	16	
184	40	52	16	
185	40	52	16	
186	40	52	16	
187	40	52	16	
188	40	52	16	
189	40	52	16	
190	40	52	16	
191	40	52	16	
192	40	52	16	
193	40	52	16	
194	40	52	16	
195	40	52	16	
196	40	52	16	
197	40	52	16	
198	40	52	16	
199	40	52	16	
200	40	52	16	
201	40	52	16	
202	40	52	16	
203	40	52	16	
204	40	52	16	
205	30	22	16	
206	30	22	16	
207	30	22	16	
208	30	22	16	
209	30	22	16	
210	30	22	16	
211	30	22	16	
212	30	22	16	
213	18	23	24	
214	18	23	24	
215	18	23	24	
216	18	23	24	
217	18	23	24	
218	18	23	24	
219	18	23	24	
220	18	23	24	
221	18	23	24	
222	18	23	24	
223	18	23	24	
224	18	23	24	
225	16	21	15	
226	16	21	15	
227	24	31	34	
228	24	31	34	
229	24	31	34	
230	24	31	34	
231	24	31	34	
232	24	31	34	
233	24	31	34	
234	24	31	34	
235	24	31	34	
236	24	31	34	
237	24	31	34	
238	24	31	34	
239	24	31	34	
240	24	31	34	
241	24	31	34	
242	24	31	34	
243	24	31	34	
244	24	31	34	
245	24	31	34	
246	24	31	34	
247	28	10	24	
248	28	10	24	
249	28	10	24	
250	28	10	24	
251	28	10	24	
252	28	10	24	
253	28	10	24	
254	28	10	24	
255	28	10	24	
256	30	22	16	
257	30	22	16	
258	30	22	16	
259	30	22	16	
260	30	22	16	
261	30	22	16	
262	30	22	16	
263	30	22	16	
264	30	22	16	
265	30	22	16	
266	30	22	16	
267	30	22	16	
268	30	22	16	
269	30	22	16	
270	30	22	16	
271	30	22	16	
272	30	22	16	
273	30	22	16	
274	30	22	16	
275	30	22	16	
276	30	22	16	
277	30	22	16	
278	30	22	16	
279	30	22	16	
280	30	22	16	
281	30	22	16	
282	30	22	16	
283	30	22	16	
284	26	28	24	
285	48	35	16	
286	48	35	16	
287	48	35	16	
288	48	35	16	
289	48	35	16	
290	48	35	16	
291	48	35	16	
292	48	35	16	
293	48	35	16	
294	48	35	16	
295	48	35	16	
296	48	35	16	
297	48	35	16	
298	48	35	16	
299	48	35	16	
300	48	35	16	
301	48	35	16	
302	48	35	16	
303	48	35	16	
304	48	35	16	
305	22	21	44	
306	22	21	44	
307	22	21	44	
308	22	21	44	
309	22	21	44	
310	39	12	50	
311	39	12	50	
312	39	12	50	
313	39	12	50	
314	39	12	50	
315	39	12	50	
316	39	12	50	
317	39	12	50	
318	39	12	50	
319	3	4	6	
320	10	28	24	
321	24	34	31	
322	24	34	31	
323	24	34	31	
324	24	34	31	
325	24	34	31	
326	10	17	14	
327	35	48	16	
328	35	48	16	
329	35	48	16	
330	35	48	16	
331	35	48	16	
332	35	48	16	
333	35	48	16	
334	35	48	16	
335	35	48	16	
336	35	48	16	
337	35	48	16	
338	35	48	16	
339	35	48	16	
340	35	48	16	
341	35	48	16	
342	35	48	16	
343	35	48	16	
344	35	48	16	
345	35	48	16	
346	35	48	16	
347	35	48	16	
348	35	48	16	
349	35	48	16	
350	35	48	16	
351	35	48	16	
352	35	48	16	
353	35	48	16	
354	35	48	16	
355	35	48	16	
356	35	48	16	
357	31	34	24	
358	31	34	24	
359	31	34	24	
360	31	34	24	
361	31	34	24	
362	31	34	24	
363	31	34	24	
364	31	34	24	
365	31	34	24	
366	31	34	24	
367	31	34	24	
368	31	34	24	
369	31	34	24	
370	31	34	24	
371	31	34	24	
372	31	34	24	
373	31	34	24	
374	31	34	24	
375	23	18	24	
376	23	18	24	
377	23	18	24	
378	23	18	24	
379	23	18	24	
380	23	18	24	
381	23	18	24	
382	23	18	24	
383	23	18	24	
384	23	18	24	
385	23	18	24	
386	23	18	24	
387	23	18	24	
388	23	18	24	
389	23	18	24	
390	23	18	24	
391	23	18	24	
392	23	18	24	
393	23	18	24	
394	23	18	24	
395	23	18	24	
396	23	18	24	
397	23	18	24	
398	23	18	24	
399	23	18	24	
400	23	18	24	
401	23	18	24	
402	23	18	24	
403	23	18	24	
404	23	18	24	
405	21	17	16	
406	21	17	16	
407	21	17	16	
408	21	17	16	
409	21	17	16	
410	21	17	16	
411	21	17	16	
412	21	17	16	
413	28	17	15	
414	28	17	15	
415	28	17	15	
416	28	17	15	
417	27	34	20	
418	27	34	20	
419	27	34	20	
420	27	34	20	
421	27	34	20	
422	27	34	20	
423	27	34	20	
424	27	34	20	
425	15	16	18	
426	15	16	18	
427	15	16	18	
428	15	16	18	
429	15	16	18	
430	15	16	18	
431	15	16	18	
432	15	16	18	
433	15	16	18	
434	15	16	18	
435	15	16	18	
436	15	16	18	
437	15	16	18	
438	15	16	18	
439	15	16	18	
440	15	16	18	
441	15	16	18	
442	15	16	18	
443	13	48	34	
444	25	20	30	
445	25	20	30	
446	25	20	30	
447	25	20	30	
448	25	20	30	
449	25	20	30	
450	25	20	30	
451	25	20	30	
452	25	20	30	
453	25	20	30	
454	25	20	30	
455	25	20	30	
456	25	20	30	
457	25	20	30	
458	25	20	30	
459	25	20	30	
460	25	20	30	
461	25	20	30	
462	25	20	30	
463	25	20	30	
464	37	33	39	
465	37	33	39	
466	37	33	39	
467	37	33	39	
468	37	33	39	
469	37	33	39	
470	37	33	39	
471	37	33	39	
472	37	33	39	
473	25	26	12	
474	25	26	12	
475	25	26	12	
476	29	20	11	
477	11	22	13	
478	11	22	13	
479	11	22	13	
480	7	19	13	
481	39	58	17	
482	39	58	17	
483	39	58	17	
484	39	58	17	
485	39	58	17	
486	39	58	17	
487	39	58	17	
488	13	22	11	
489	13	22	11	
490	13	22	11	
491	13	22	11	
492	13	22	11	
493	13	22	11	
494	19	14	11	
495	17	42	26	
496	17	42	26	
497	17	42	26	
498	17	42	26	
499	17	42	26	
500	17	42	26	
501	17	42	26	
502	17	42	26	
503	17	42	26	
504	17	42	26	
505	19	14	11	
506	29	37	26	
507	29	37	26	
508	29	37	26	
509	29	37	26	
510	29	37	26	
511	24	21	39	
512	24	21	39	
513	24	21	39	
514	24	21	39	
515	24	21	39	
516	24	21	39	
517	24	21	39	
518	24	21	39	
519	24	21	39	
520	16	21	13	
521	16	21	13	
522	16	21	13	
523	20	25	30	
524	20	25	30	
525	20	25	30	
526	20	25	30	
527	20	25	30	
528	20	25	30	
529	20	25	30	
530	20	25	30	
531	20	25	30	
532	20	25	30	
533	20	25	30	
534	20	25	30	
535	20	25	30	
536	20	25	30	
537	20	25	30	
538	20	25	30	
539	14	25	20	
540	14	25	20	
541	14	25	20	
542	14	25	20	
543	14	25	20	
544	14	25	20	
545	14	25	20	
546	14	25	20	
547	39	56	18	
548	39	56	18	
549	39	56	18	
550	39	56	18	
551	39	56	18	
552	39	56	18	
553	39	56	18	
554	39	56	18	
555	39	56	18	
556	39	56	18	
557	39	56	18	
558	39	56	18	
559	39	56	18	
560	39	56	18	
561	39	56	18	
562	39	56	18	
563	39	56	18	
564	39	56	18	
565	39	56	18	
566	39	56	18	
567	39	56	18	
568	39	56	18	
569	39	56	18	
570	39	56	18	
571	30	22	16	
572	30	22	16	
573	30	22	16	
574	30	22	16	
575	30	22	16	
576	30	22	16	
577	30	22	16	
578	30	22	16	
579	21	28	16	
580	21	28	16	
581	21	28	16	
582	21	28	16	
583	15	18	16	
584	15	18	16	
585	15	18	16	
586	15	18	16	
587	15	18	16	
588	15	18	16	
589	15	18	16	
590	15	18	16	
591	15	18	16	
592	15	18	16	
593	15	18	16	
594	15	18	16	
595	15	18	16	
596	15	18	16	
597	15	18	16	
598	30	22	16	
599	30	22	16	
600	30	22	16	
601	30	22	16	
602	30	22	16	
603	30	22	16	
604	30	22	16	
605	30	22	16	
606	30	22	16	
607	30	22	16	
608	30	22	16	
609	30	22	16	
610	30	22	16	
611	30	22	16	
612	30	22	16	
613	30	22	16	
614	30	22	16	
615	30	22	16	
616	30	22	16	
617	30	22	16	
618	30	22	16	
619	30	22	16	
620	30	22	16	
621	30	22	16	
622	30	22	16	
623	30	22	16	
624	30	22	16	
625	30	22	16	
626	30	22	16	
627	30	22	16	
628	30	22	16	
629	30	22	16	
630	13	44	32	
631	13	44	32	
632	13	44	32	
633	13	44	32	
634	13	44	32	
635	13	44	32	
636	13	44	32	
637	13	44	32	
638	13	44	32	
639	13	11	22	
640	13	11	22	
641	13	11	22	
642	13	11	22	
643	13	11	22	
644	13	11	22	
645	13	11	22	
646	13	11	22	
647	13	11	22	
648	13	11	22	
649	13	11	22	
650	13	11	22	
651	13	11	22	
652	13	11	22	
653	13	11	22	
654	13	11	22	
655	13	11	22	
656	13	11	22	
657	13	11	22	
658	13	11	22	
659	13	11	22	
660	13	11	22	
661	13	11	22	
662	13	11	22	
663	13	11	22	
664	13	11	22	
665	13	11	22	
666	13	11	22	
667	13	11	22	
668	13	11	22	
669	13	11	22	
670	13	11	22	
671	13	11	22	
672	13	11	22	
673	13	11	22	
674	13	11	22	
675	32	44	25	
676	28	24	26	
677	28	24	26	
678	28	24	26	
679	50	20	26	
680	22	20	25	
681	13	20	16	
682	36	29	34	
683	36	29	34	
684	36	29	34	
685	36	29	34	
686	36	29	34	
687	36	29	34	
688	36	29	34	
689	36	29	34	
690	36	29	34	
691	36	29	34	
692	36	29	34	
693	36	29	34	
694	15	16	21	
695	15	16	21	
696	35	48	16	
697	35	48	16	
698	35	48	16	
699	35	48	16	
700	35	48	16	
701	35	48	16	
702	35	48	16	
703	35	48	16	
704	35	48	16	
705	35	48	16	
706	35	48	16	
707	35	48	16	
708	35	48	16	
709	35	48	16	
710	35	48	16	
711	35	48	16	
712	35	48	16	
713	35	48	16	
714	35	48	16	
715	35	48	16	
716	35	48	16	
717	35	48	16	
718	35	48	16	
719	35	48	16	
720	35	48	16	
721	35	48	16	
722	35	48	16	
723	35	48	16	
724	35	48	16	
725	35	48	16	
726	30	13	11	
727	30	13	11	
728	30	13	11	
729	30	13	11	
730	30	13	11	
731	30	13	11	
732	24	23	18	
733	24	23	18	
734	24	23	18	
735	24	23	18	
736	24	23	18	
737	24	23	18	
738	24	23	18	
739	24	23	18	
740	24	23	18	
741	24	23	18	
742	24	23	18	
743	24	23	18	
744	24	23	18	
745	24	23	18	
746	24	23	18	
747	24	23	18	
748	24	23	18	
749	24	23	18	
750	24	23	18	
751	24	23	18	
752	24	23	18	
753	24	23	18	
754	24	23	18	
755	24	23	18	
756	24	23	18	
757	24	23	18	
758	24	23	18	
759	24	23	18	
760	24	23	18	
761	24	23	18	
762	60	23	25	
763	60	23	25	
764	60	23	25	
765	60	23	25	
766	26	14	21	
767	26	14	21	
768	26	14	21	
769	18	15	19	
770	15	16	18	
771	15	16	18	
772	15	16	18	
773	15	16	18	
774	15	16	18	
775	15	16	18	
776	15	16	18	
777	15	16	18	
778	15	16	18	
779	15	16	18	
780	15	16	18	
781	15	16	18	
782	15	16	18	
783	15	16	18	
784	15	16	18	
785	15	16	18	
786	15	16	18	
787	15	16	18	
788	14	25	29	
789	15	23	25	
790	12	25	26	
791	12	25	26	
792	12	25	26	
793	12	16	41	
794	12	16	41	
795	36	29	34	
796	36	29	34	
797	36	29	34	
798	36	29	34	
799	36	29	34	
800	36	29	34	
801	36	29	34	
802	36	29	34	
803	36	29	34	
804	36	29	34	
805	36	29	34	
806	36	29	34	
807	15	16	21	
808	15	16	21	
809	35	48	16	
810	35	48	16	
811	35	48	16	
812	35	48	16	
813	35	48	16	
814	35	48	16	
815	35	48	16	
816	35	48	16	
817	35	48	16	
818	35	48	16	
819	35	48	16	
820	35	48	16	
821	35	48	16	
822	35	48	16	
823	35	48	16	
824	35	48	16	
825	35	48	16	
826	35	48	16	
827	35	48	16	
828	35	48	16	
829	35	48	16	
830	35	48	16	
831	35	48	16	
832	35	48	16	
833	35	48	16	
834	35	48	16	
835	35	48	16	
836	35	48	16	
837	35	48	16	
838	35	48	16	
839	30	13	11	
840	30	13	11	
841	30	13	11	
842	30	13	11	
843	30	13	11	
844	30	13	11	
845	24	23	18	
846	24	23	18	
847	24	23	18	
848	24	23	18	
849	24	23	18	
850	24	23	18	
851	24	23	18	
852	24	23	18	
853	24	23	18	
854	24	23	18	
855	24	23	18	
856	24	23	18	
857	24	23	18	
858	24	23	18	
859	24	23	18	
860	24	23	18	
861	24	23	18	
862	24	23	18	
863	24	23	18	
864	24	23	18	
865	24	23	18	
866	24	23	18	
867	24	23	18	
868	24	23	18	
869	24	23	18	
870	24	23	18	
871	24	23	18	
872	24	23	18	
873	24	23	18	
874	24	23	18	
875	60	23	25	
876	60	23	25	
877	60	23	25	
878	60	23	25	
879	26	14	21	
880	26	14	21	
881	26	14	21	
882	18	15	19	
883	15	16	18	
884	15	16	18	
885	15	16	18	
886	15	16	18	
887	15	16	18	
888	15	16	18	
889	15	16	18	
890	15	16	18	
891	15	16	18	
892	15	16	18	
893	15	16	18	
894	15	16	18	
895	15	16	18	
896	15	16	18	
897	15	16	18	
898	15	16	18	
899	15	16	18	
900	15	16	18	
901	14	25	29	
902	15	23	25	
903	12	25	26	
904	12	25	26	
905	12	25	26	
906	12	16	41	
907	12	16	41	
908	34	29	36	
909	34	29	36	
910	34	29	36	
911	34	29	36	
912	34	29	36	
913	34	29	36	
914	34	29	36	
915	34	29	36	
916	34	29	36	
917	34	29	36	
918	34	29	36	
919	34	29	36	
920	16	18	15	
921	16	18	15	
922	16	18	15	
923	16	18	15	
924	16	18	15	
925	16	18	15	
926	16	18	15	
927	16	18	15	
928	32	13	45	
929	32	13	45	
930	32	13	45	
931	32	13	45	
932	32	13	45	
933	32	13	45	
934	32	13	45	
935	32	13	45	
936	32	13	45	
937	30	13	25	
938	30	13	25	
939	30	13	25	
940	16	15	15	
941	16	15	15	
942	31	38	31	
943	31	38	31	
944	31	38	31	
945	31	38	31	
946	31	38	31	
947	31	38	31	
948	31	38	31	
949	31	38	31	
950	31	38	31	
951	31	38	31	
952	35	48	16	
953	35	48	16	
954	35	48	16	
955	35	48	16	
956	35	48	16	
957	35	48	16	
958	35	48	16	
959	35	48	16	
960	35	48	16	
961	35	48	16	
962	35	48	16	
963	35	48	16	
964	35	48	16	
965	35	48	16	
966	35	48	16	
967	35	48	16	
968	35	48	16	
969	35	48	16	
970	35	48	16	
971	35	48	16	
972	12	13	26	
973	12	13	26	
974	12	13	26	
975	12	13	26	
976	24	13	15	
977	24	13	15	
978	24	39	21	
979	24	39	21	
980	12	39	50	
981	12	39	50	
982	12	39	50	
983	12	39	50	
984	20	13	16	
985	20	13	16	
986	20	13	16	
987	11	13	22	
988	11	13	22	
989	11	13	22	
990	11	13	22	
991	16	48	35	
992	16	48	35	
993	16	48	35	
994	16	16	31	
995	16	16	31	
996	16	16	31	
997	14	27	24	
998	16	21	13	
999	39	12	50	
1000	39	12	50	
1001	39	12	50	
1002	39	12	50	
1003	39	12	50	
1004	39	12	50	
1005	39	12	50	
1006	39	12	50	
1007	39	12	50	
1008	39	56	18	
1009	39	56	18	
1010	39	56	18	
1011	39	56	18	
1012	39	56	18	
1013	39	56	18	
1014	39	56	18	
1015	39	56	18	
1016	39	56	18	
1017	39	56	18	
1018	39	56	18	
1019	39	56	18	
1020	39	56	18	
1021	39	56	18	
1022	39	56	18	
1023	39	56	18	
1024	39	56	18	
1025	39	56	18	
1026	39	56	18	
1027	39	56	18	
1028	39	56	18	
1029	39	56	18	
1030	39	56	18	
1031	39	56	18	
1032	40	16	54	
1033	40	16	54	
1034	40	16	54	
1035	40	16	54	
1036	40	16	54	
1037	40	16	54	
1038	10	14	16	
1039	10	14	16	
1040	10	14	16	
1041	10	14	16	
1042	15	16	18	
1043	15	16	18	
1044	15	16	18	
1045	15	16	18	
1046	15	16	18	
1047	15	16	18	
1048	15	16	18	
1049	15	16	18	
1050	15	16	18	
1051	15	16	18	
1052	15	16	18	
1053	15	16	18	
1054	15	16	18	
1055	15	16	18	
1056	15	16	18	
1057	15	16	18	
1058	13	32	44	
1059	13	32	44	
1060	13	32	44	
1061	13	32	44	
1062	13	32	44	
1063	13	32	44	
1064	13	32	44	
1065	13	32	44	
1066	15	18	16	
1067	15	18	16	
1068	15	18	16	
1069	15	18	16	
1070	15	18	16	
1071	15	18	16	
1072	15	18	16	
1073	15	18	16	
1074	15	18	16	
1075	15	18	16	
1076	15	18	16	
1077	15	18	16	
1078	15	18	16	
1079	15	18	16	
1080	15	18	16	
1081	15	18	16	
1082	15	18	16	
1083	15	18	16	
1084	15	18	16	
1085	15	18	16	
1086	15	18	16	
1087	34	31	24	
1088	34	31	24	
1089	34	31	24	
1090	34	31	24	
1091	34	31	24	
1092	34	31	24	
1093	16	31	16	
1094	26	16	16	
1095	26	16	16	
1096	15	15	16	
1097	15	15	16	
1098	15	15	16	
1099	18	39	56	
1100	18	39	56	
1101	18	39	56	
1102	18	39	56	
1103	18	39	56	
1104	18	39	56	
1105	18	39	56	
1106	18	39	56	
1107	18	39	56	
1108	18	39	56	
1109	18	39	56	
1110	18	39	56	
1111	15	19	18	
1112	15	19	18	
1113	15	19	18	
1114	15	19	18	
1115	15	19	18	
1116	15	19	18	
1117	15	19	18	
1118	15	19	18	
1119	15	19	18	
1120	15	19	18	
1121	15	19	18	
1122	15	19	18	
1123	15	19	18	
1124	15	19	18	
1125	32	13	45	
1126	32	13	45	
1127	32	13	45	
1128	32	13	45	
1129	32	13	45	
1130	32	13	45	
1131	32	13	45	
1132	32	13	45	
1133	32	13	45	
1134	34	26	29	
1135	34	26	29	
1136	34	26	29	
1137	35	48	16	
1138	35	48	16	
1139	35	48	16	
1140	35	48	16	
1141	35	48	16	
1142	35	48	16	
1143	35	48	16	
1144	35	48	16	
1145	35	48	16	
1146	35	48	16	
1147	35	48	16	
1148	35	48	16	
1149	35	48	16	
1150	35	48	16	
1151	35	48	16	
1152	35	48	16	
1153	35	48	16	
1154	35	48	16	
1155	35	48	16	
1156	35	48	16	
1157	35	48	16	
1158	35	48	16	
1159	35	48	16	
1160	35	48	16	
1161	35	48	16	
1162	35	48	16	
1163	35	48	16	
1164	35	48	16	
1165	35	48	16	
1166	35	48	16	
1167	30	11	13	
1168	30	11	13	
1169	30	11	13	
1170	19	11	14	
1171	19	11	14	
1172	19	11	14	
1173	19	11	14	
1174	14	13	20	
1175	14	13	20	
1176	14	13	20	
1177	13	11	16	
1178	17	13	15	
1179	17	13	15	
1180	17	13	15	
1181	13	11	30	
1182	21	13	30	
1183	21	13	30	
1184	21	13	30	
1185	21	13	30	
1186	21	13	30	
1187	15	16	18	
1188	15	16	18	
1189	15	16	18	
1190	15	16	18	
1191	15	16	18	
1192	15	16	18	
1193	15	16	18	
1194	15	16	18	
1195	15	16	18	
1196	15	16	18	
1197	15	16	18	
1198	15	16	18	
1199	15	16	18	
1200	15	16	18	
1201	15	16	18	
1202	15	16	18	
1203	15	16	18	
1204	15	16	18	
1205	13	31	25	
1206	12	39	50	
1207	12	39	50	
1208	12	39	50	
1209	2	2	3	
1210	36	14	44	
1211	36	14	44	
1212	36	14	44	
1213	36	14	44	
1214	36	14	44	
1215	36	14	44	
1216	36	14	44	
1217	36	14	44	
1218	36	14	44	
1219	36	14	44	
1220	36	14	44	
1221	36	14	44	
1222	36	14	44	
1223	36	14	44	
1224	36	14	44	
1225	36	14	44	
1226	36	14	44	
1227	36	14	44	
1228	36	14	44	
1229	36	14	44	
1230	36	14	44	
1231	26	24	28	
1232	26	24	28	
1233	26	24	28	
1234	26	24	28	
1235	48	35	16	
1236	48	35	16	
1237	48	35	16	
1238	48	35	16	
1239	48	35	16	
1240	48	35	16	
1241	48	35	16	
1242	48	35	16	
1243	48	35	16	
1244	48	35	16	
1245	48	35	16	
1246	48	35	16	
1247	48	35	16	
1248	48	35	16	
1249	48	35	16	
1250	48	35	16	
1251	48	35	16	
1252	48	35	16	
1253	48	35	16	
1254	48	35	16	
1255	34	29	37	
1256	34	29	37	
1257	34	29	37	
1258	34	29	37	
1259	34	29	37	
1260	34	29	37	
1261	34	29	37	
1262	34	29	37	
1263	19	22	11	
1264	19	22	11	
1265	19	22	11	
1266	36	34	29	
1267	36	34	29	
1268	36	34	29	
1269	36	34	29	
1270	36	34	29	
1271	36	34	29	
1272	36	34	29	
1273	36	34	29	
1274	36	34	29	
1275	36	34	29	
1276	17	13	15	
1277	17	13	15	
1278	17	13	15	
1279	17	13	15	
1280	17	13	15	
1281	17	13	15	
1282	17	13	15	
1283	17	13	15	
1284	17	13	15	
1285	17	13	15	
1286	13	32	45	
1287	13	32	45	
1288	13	32	45	
1289	13	31	25	
1290	17	38	56	
1291	17	38	56	
1292	17	38	56	
1293	17	38	56	
1294	17	38	56	
1295	17	38	56	
1296	17	38	56	
1297	17	38	56	
1298	17	38	56	
1299	17	38	56	
1300	17	38	56	
1301	17	38	56	
1302	17	38	56	
1303	17	38	56	
1304	41	23	62	
1305	41	23	62	
1306	29	37	34	
1307	29	37	34	
1308	29	37	34	
1309	29	37	34	
1310	29	37	34	
1311	29	37	34	
1312	29	37	34	
1313	29	37	34	
1314	29	37	34	
1315	29	37	34	
1316	29	37	34	
1317	29	37	34	
1318	17	38	56	
1319	17	38	56	
1320	17	38	56	
1321	17	38	56	
1322	17	38	56	
1323	17	38	56	
1324	17	38	56	
1325	22	23	24	
1326	22	23	24	
1327	22	23	24	
1328	22	23	24	
1329	23	18	24	
1330	23	18	24	
1331	23	18	24	
1332	23	18	24	
1333	60	23	25	
1334	20	23	23	
1335	20	23	23	
1336	20	23	23	
1337	25	23	46	
1338	23	38	24	
1339	23	38	24	
1340	18	19	15	
1341	18	19	15	
1342	18	19	15	
1343	18	19	15	
1344	18	19	15	
1345	18	19	15	
1346	18	19	15	
1347	18	19	15	
1348	18	19	15	
1349	18	19	15	
1350	18	19	15	
1351	18	19	15	
1352	18	19	15	
1353	18	19	15	
1354	18	19	15	
1355	18	19	15	
1356	15	19	18	
1357	15	19	18	
1358	15	19	18	
1359	15	19	18	
1360	15	19	18	
1361	15	19	18	
1362	38	24	22	
1363	26	23	45	
1364	34	24	25	
1365	33	24	41	
1366	26	22	24	
1367	26	22	24	
1368	26	22	24	
1369	23	38	18	
1370	17	38	56	
1371	17	38	56	
1372	17	38	56	
1373	17	38	56	
1374	17	38	56	
1375	17	38	56	
1376	17	38	56	
1377	17	38	56	
1378	17	38	56	
1379	17	38	56	
1380	17	38	56	
1381	17	38	56	
1382	17	38	56	
1383	17	38	56	
1384	41	23	62	
1385	41	23	62	
1386	29	37	34	
1387	29	37	34	
1388	29	37	34	
1389	29	37	34	
1390	29	37	34	
1391	29	37	34	
1392	29	37	34	
1393	29	37	34	
1394	29	37	34	
1395	29	37	34	
1396	29	37	34	
1397	29	37	34	
1398	17	38	56	
1399	17	38	56	
1400	17	38	56	
1401	17	38	56	
1402	17	38	56	
1403	17	38	56	
1404	17	38	56	
1405	22	23	24	
1406	22	23	24	
1407	22	23	24	
1408	22	23	24	
1409	23	18	24	
1410	23	18	24	
1411	23	18	24	
1412	23	18	24	
1413	60	23	25	
1414	20	23	23	
1415	20	23	23	
1416	20	23	23	
1417	25	23	46	
1418	23	38	24	
1419	23	38	24	
1420	18	19	15	
1421	18	19	15	
1422	18	19	15	
1423	18	19	15	
1424	18	19	15	
1425	18	19	15	
1426	18	19	15	
1427	18	19	15	
1428	18	19	15	
1429	18	19	15	
1430	18	19	15	
1431	18	19	15	
1432	18	19	15	
1433	18	19	15	
1434	18	19	15	
1435	18	19	15	
1436	15	19	18	
1437	15	19	18	
1438	15	19	18	
1439	15	19	18	
1440	15	19	18	
1441	15	19	18	
1442	38	24	22	
1443	26	23	45	
1444	34	24	25	
1445	33	24	41	
1446	26	22	24	
1447	26	22	24	
1448	26	22	24	
1449	23	38	18	
1450	48	34	16	
1451	48	34	16	
1452	48	34	16	
1453	14	21	14	
1454	14	21	14	
1455	14	21	14	
1456	14	21	14	
1457	14	21	14	
1458	14	21	14	
1459	14	21	14	
1460	14	21	14	
1461	14	21	14	
1462	14	21	14	
1463	14	21	14	
1464	14	21	14	
1465	18	39	56	
1466	18	39	56	
1467	18	39	56	
1468	18	39	56	
1469	18	39	56	
1470	18	39	56	
1471	18	39	56	
1472	18	39	56	
1473	18	39	56	
1474	18	39	56	
1475	18	39	56	
1476	18	39	56	
1477	22	20	25	
1478	19	18	15	
1479	19	18	15	
1480	19	18	15	
1481	19	18	15	
1482	19	18	15	
1483	19	18	15	
1484	19	18	15	
1485	19	18	15	
1486	19	18	15	
1487	19	18	15	
1488	19	18	15	
1489	19	18	15	
1490	19	18	15	
1491	19	18	15	
1492	19	18	15	
1493	29	22	37	
1494	29	22	37	
1495	21	19	19	
1496	21	19	19	
1497	21	19	19	
1498	21	19	20	
1499	18	17	19	
1500	18	17	19	
1501	18	17	19	
1502	18	17	19	
1503	18	17	19	
1504	18	16	15	
1505	18	16	15	
1506	18	16	15	
1507	18	16	15	
1508	18	16	15	
1509	32	13	45	
1510	32	13	45	
1511	16	13	20	
1512	16	13	20	
1513	23	16	14	
1514	23	16	14	
1515	30	27	49	
1516	30	27	49	
1517	30	27	49	
1518	30	25	20	
1519	30	25	20	
1520	30	25	20	
1521	15	19	18	
1522	15	19	18	
1523	15	19	18	
1524	15	19	18	
1525	15	19	18	
1526	15	19	18	
1527	15	19	18	
1528	15	19	18	
1529	15	19	18	
1530	15	19	18	
1531	15	19	18	
1532	15	19	18	
1533	15	19	18	
1534	15	19	18	
1535	15	19	18	
1536	15	19	18	
1537	15	19	18	
1538	15	19	18	
1539	15	19	18	
1540	15	19	18	
1541	15	19	18	
1542	15	19	18	
1543	15	19	18	
1544	15	19	18	
1545	15	19	18	
1546	15	19	18	
1547	15	19	18	
1548	15	19	18	
1549	15	19	18	
1550	15	19	18	
1551	20	19	15	
1552	20	19	15	
1553	20	19	15	
1554	20	19	15	
1555	20	19	15	
1556	20	19	15	
1557	20	19	15	
1558	17	15	14	
1559	17	15	14	
1560	36	34	29	
1561	36	34	29	
1562	36	34	29	
1563	36	34	29	
1564	36	34	29	
1565	36	34	29	
1566	36	34	29	
1567	36	34	29	
1568	36	34	29	
1569	36	34	29	
1570	18	19	15	
1571	18	19	15	
1572	18	19	15	
1573	18	19	15	
1574	16	15	15	
1575	16	15	15	
1576	16	15	15	
1577	13	32	44	
1578	16	15	18	
1579	17	15	14	
1580	17	15	14	
1581	17	15	14	
1582	21	14	14	
1583	12	39	50	
1584	12	39	50	
1585	12	39	50	
1586	17	58	38	
1587	17	58	38	
1588	17	58	38	
1589	17	58	38	
1590	17	58	38	
1591	17	58	38	
1592	17	58	38	
1593	17	58	38	
1594	17	58	38	
1595	17	58	38	
1596	17	58	38	
1597	17	58	38	
1598	17	58	38	
1599	17	58	38	
1600	17	58	38	
1601	17	58	38	
1602	17	58	38	
1603	17	58	38	
1604	17	58	38	
1605	17	58	38	
1606	17	58	38	
1607	17	39	58	
1608	17	39	58	
1609	17	39	58	
1610	17	39	58	
1611	17	39	58	
1612	17	39	58	
1613	17	39	58	
1614	17	39	58	
1615	33	39	37	
1616	33	39	37	
1617	26	33	45	
1618	32	25	44	
1619	26	33	45	
1620	20	25	22	
1621	20	25	22	
1622	49	29	35	
1623	49	29	35	
1624	52	40	16	
1625	16	40	54	
1626	16	40	54	
1627	16	40	54	
1628	18	47	27	
1629	16	20	13	
1630	48	35	16	
1631	16	21	12	
1632	29	34	37	
1633	29	34	37	
1634	19	15	18	
1635	19	15	18	
1636	19	15	18	
1637	19	15	18	
1638	19	20	15	
1639	19	20	15	
1640	19	20	15	
1641	19	20	15	
1642	14	20	14	
1643	17	58	38	
1644	17	58	38	
1645	17	58	38	
1646	17	58	38	
1647	17	58	38	
1648	17	58	38	
1649	17	58	38	
1650	17	58	38	
1651	17	58	38	
1652	17	58	38	
1653	17	58	38	
1654	17	58	38	
1655	17	58	38	
1656	17	58	38	
1657	17	58	38	
1658	17	58	38	
1659	17	58	38	
1660	17	58	38	
1661	17	58	38	
1662	17	58	38	
1663	17	58	38	
1664	17	39	58	
1665	17	39	58	
1666	17	39	58	
1667	17	39	58	
1668	17	39	58	
1669	17	39	58	
1670	17	39	58	
1671	17	39	58	
1672	33	39	37	
1673	33	39	37	
1674	26	33	45	
1675	32	25	44	
1676	26	33	45	
1677	20	25	22	
1678	20	25	22	
1679	49	29	35	
1680	49	29	35	
1681	52	40	16	
1682	16	40	54	
1683	16	40	54	
1684	16	40	54	
1685	18	47	27	
1686	16	20	13	
1687	48	35	16	
1688	16	21	12	
1689	29	34	37	
1690	29	34	37	
1691	19	15	18	
1692	19	15	18	
1693	19	15	18	
1694	19	15	18	
1695	19	20	15	
1696	19	20	15	
1697	19	20	15	
1698	19	20	15	
1699	14	20	14	
1700	56	38	17	
1701	56	38	17	
1702	56	38	17	
1703	56	38	17	
1704	56	38	17	
1705	56	38	17	
1706	56	38	17	
1707	56	38	17	
1708	56	38	17	
1709	56	38	17	
1710	56	38	17	
1711	56	38	17	
1712	56	38	17	
1713	56	38	17	
1714	56	38	17	
1715	56	38	17	
1716	56	38	17	
1717	56	38	17	
1718	56	38	17	
1719	56	38	17	
1720	56	38	17	
1721	56	38	17	
1722	56	38	17	
1723	56	38	17	
1724	56	38	17	
1725	56	38	17	
1726	56	38	17	
1727	20	24	29	
1728	20	24	29	
1729	40	11	60	
1730	40	11	60	
1731	20	19	16	
1732	20	19	16	
1733	40	16	54	
1734	27	24	25	
1735	27	24	25	
1736	27	24	24	
1737	27	23	39	
1738	27	23	39	
1739	31	38	31	
1740	31	38	31	
1741	58	38	17	
1742	58	38	17	
1743	56	38	17	
1744	56	38	17	
1745	56	38	17	
1746	56	38	17	
1747	56	38	17	
1748	25	24	19	
1749	25	20	19	
1750	25	20	19	
1751	25	20	19	
1752	19	20	26	
1753	19	20	16	
1754	18	20	17	
1755	27	23	39	
1756	27	23	39	
1757	27	21	17	
1758	27	21	17	
1759	26	16	16	
1760	26	16	16	
1761	26	16	16	
1762	32	32	25	
1763	32	32	25	
1764	50	35	39	
1765	39	25	30	
1766	41	23	62	
1767	29	20	41	
1768	27	20	34	
1769	27	20	34	
1770	16	22	30	
1771	49	29	35	
1772	49	30	27	
1773	40	11	60	
1774	39	17	58	
0	1	2	3	4	5	6	7	8	9	10	11	12	13	14	15	16	17	18	19	20	21	22	23	24	25	26	27	28	29	30	31	32	33	34	35	36	37	38	39	40	41	42	43	44	45	46	47	48	49	50	51	52	53	54	55	56	57	58	59	60	61	62	63	64	65	66	67	68	69	70	71	72	73	74	75	76	77	78	79	80	81	82	83	84	85	86	87	88	89	90	91	92	93	94	95	96	97	98	99	100	101	102	103	104	105	106	107	108	109	110	111	112	113	114	115	116	117	118	119	120	121	122	123	124	125	126	127	128	129	130	131	132	133	134	135	136	137	138	139	140	141	142	143	144	145	146	147	148	149	150	151	152	153	154	155	156	157	158	159	160	161	162	163	164	165	166	167	168	169	170	171	172	173	174	175	176	177	178	179	180	181	182	183	184	185	186	187	188	189	190	191	192	193	194	195	196	197	198	199	200	201	202	203	204	205	206	207	208	209	210	211	212	213	214	215	216	217	218	219	220	221	222	223	224	225	226	227	228	229	230	231	232	233	234	235	236	237	238	239	240	241	242	243	244	245	246	247	248	249	250	251	252	253	254	255	256	257	258	259	260	261	262	263	264	265	266	267	268	269	270	271	272	273	274	275	276	277	278	279	280	281	282	283	284	285	286	287	288	289	290	291	292	293	294	295	296	297	298	299	300	301	302	303	304	305	306	307	308	309	310	311	312	313	314	315	316	317	318	319	320	321	322	323	324	325	326	327	328	329	330	331	332	333	334	335	336	337	338	339	340	341	342	343	344	345	346	347	348	349	350	351	352	353	354	355	356	357	358	359	360	361	362	363	364	365	366	367	368	369	370	371	372	373	374	375	376	377	378	379	380	381	382	383	384	385	386	387	388	389	390	391	392	393	394	395	396	397	398	399	400	401	402	403	404	405	406	407	408	409	410	411	412	413	414	415	416	417	418	419	420	421	422	423	424	425	426	427	428	429	430	431	432	433	434	435	436	437	438	439	440	441	442	443	444	445	446	447	448	449	450	451	452	453	454	455	456	457	458	459	460	461	462	463	464	465	466	467	468	469	470	471	472	473	474	475	476	477	478	479	480	481	482	483	484	485	486	487	488	489	490	491	492	493	494	495	496	497	498	499	500	501	502	503	504	505	506	507	508	509	510	511	512	513	514	515	516	517	518	519	520	521	522	523	524	525	526	527	528	529	530	531	532	533	534	535	536	537	538	539	540	541	542	543	544	545	546	547	548	549	550	551	552	553	554	555	556	557	558	559	560	561	562	563	564	565	566	567	568	569	570	571	572	573	574	575	576	577	578	579	580	581	582	583	584	585	586	587	588	589	590	591	592	593	594	595	596	597	598	599	600	601	602	603	604	605	606	607	608	609	610	611	612	613	614	615	616	617	618	619	620	621	622	623	624	625	626	627	628	629	630	631	632	633	634	635	636	637	638	639	640	641	642	643	644	645	646	647	648	649	650	651	652	653	654	655	656	657	658	659	660	661	662	663	664	665	666	667	668	669	670	671	672	673	674	675	676	677	678	679	680	681	682	683	684	685	686	687	688	689	690	691	692	693	694	695	696	697	698	699	700	701	702	703	704	705	706	707	708	709	710	711	712	713	714	715	716	717	718	719	720	721	722	723	724	725	726	727	728	729	730	731	732	733	734	735	736	737	738	739	740	741	742	743	744	745	746	747	748	749	750	751	752	753	754	755	756	757	758	759	760	761	762	763	764	765	766	767	768	769	770	771	772	773	774	775	776	777	778	779	780	781	782	783	784	785	786	787	788	789	790	791	792	793	794	795	796	797	798	799	800	801	802	803	804	805	806	807	808	809	810	811	812	813	814	815	816	817	818	819	820	821	822	823	824	825	826	827	828	829	830	831	832	833	834	835	836	837	838	839	840	841	842	843	844	845	846	847	848	849	850	851	852	853	854	855	856	857	858	859	860	861	862	863	864	865	866	867	868	869	870	871	872	873	874	875	876	877	878	879	880	881	882	883	884	885	886	887	888	889	890	891	892	893	894	895	896	897	898	899	900	901	902	903	904	905	906	907	908	909	910	911	912	913	914	915	916	917	918	919	920	921	922	923	924	925	926	927	928	929	930	931	932	933	934	935	936	937	938	939	940	941	942	943	944	945	946	947	948	949	950	951	952	953	954	955	956	957	958	959	960	961	962	963	964	965	966	967	968	969	970	971	972	973	974	975	976	977	978	979	980	981	982	983	984	985	986	987	988	989	990	991	992	993	994	995	996	997	998	999	1000	1001	1002	1003	1004	1005	1006	1007	1008	1009	1010	1011	1012	1013	1014	1015	1016	1017	1018	1019	1020	1021	1022	1023	1024	1025	1026	1027	1028	1029	1030	1031	1032	1033	1034	1035	1036	1037	1038	1039	1040	1041	1042	1043	1044	1045	1046	1047	1048	1049	1050	1051	1052	1053	1054	1055	1056	1057	1058	1059	1060	1061	1062	1063	1064	1065	1066	1067	1068	1069	1070	1071	1072	1073	1074	1075	1076	1077	1078	1079	1080	1081	1082	1083	1084	1085	1086	1087	1088	1089	1090	1091	1092	1093	1094	1095	1096	1097	1098	1099	1100	1101	1102	1103	1104	1105	1106	1107	1108	1109	1110	1111	1112	1113	1114	1115	1116	1117	1118	1119	1120	1121	1122	1123	1124	1125	1126	1127	1128	1129	1130	1131	1132	1133	1134	1135	1136	1137	1138	1139	1140	1141	1142	1143	1144	1145	1146	1147	1148	1149	1150	1151	1152	1153	1154	1155	1156	1157	1158	1159	1160	1161	1162	1163	1164	1165	1166	1167	1168	1169	1170	1171	1172	1173	1174	1175	1176	1177	1178	1179	1180	1181	1182	1183	1184	1185	1186	1187	1188	1189	1190	1191	1192	1193	1194	1195	1196	1197	1198	1199	1200	1201	1202	1203	1204	1205	1206	1207	1208	1209	1210	1211	1212	1213	1214	1215	1216	1217	1218	1219	1220	1221	1222	1223	1224	1225	1226	1227	1228	1229	1230	1231	1232	1233	1234	1235	1236	1237	1238	1239	1240	1241	1242	1243	1244	1245	1246	1247	1248	1249	1250	1251	1252	1253	1254	1255	1256	1257	1258	1259	1260	1261	1262	1263	1264	1265	1266	1267	1268	1269	1270	1271	1272	1273	1274	1275	1276	1277	1278	1279	1280	1281	1282	1283	1284	1285	1286	1287	1288	1289	1290	1291	1292	1293	1294	1295	1296	1297	1298	1299	1300	1301	1302	1303	1304	1305	1306	1307	1308	1309	1310	1311	1312	1313	1314	1315	1316	1317	1318	1319	1320	1321	1322	1323	1324	1325	1326	1327	1328	1329	1330	1331	1332	1333	1334	1335	1336	1337	1338	1339	1340	1341	1342	1343	1344	1345	1346	1347	1348	1349	1350	1351	1352	1353	1354	1355	1356	1357	1358	1359	1360	1361	1362	1363	1364	1365	1366	1367	1368	1369	1370	1371	1372	1373	1374	1375	1376	1377	1378	1379	1380	1381	1382	1383	1384	1385	1386	1387	1388	1389	1390	1391	1392	1393	1394	1395	1396	1397	1398	1399	1400	1401	1402	1403	1404	1405	1406	1407	1408	1409	1410	1411	1412	1413	1414	1415	1416	1417	1418	1419	1420	1421	1422	1423	1424	1425	1426	1427	1428	1429	1430	1431	1432	1433	1434	1435	1436	1437	1438	1439	1440	1441	1442	1443	1444	1445	1446	1447	1448	1449	1450	1451	1452	1453	1454	1455	1456	1457	1458	1459	1460	1461	1462	1463	1464	1465	1466	1467	1468	1469	1470	1471	1472	1473	1474	1475	1476	1477	1478	1479	1480	1481	1482	1483	1484	1485	1486	1487	1488	1489	1490	1491	1492	1493	1494	1495	1496	1497	1498	1499	1500	1501	1502	1503	1504	1505	1506	1507	1508	1509	1510	1511	1512	1513	1514	1515	1516	1517	1518	1519	1520	1521	1522	1523	1524	1525	1526	1527	1528	1529	1530	1531	1532	1533	1534	1535	1536	1537	1538	1539	1540	1541	1542	1543	1544	1545	1546	1547	1548	1549	1550	1551	1552	1553	1554	1555	1556	1557	1558	1559	1560	1561	1562	1563	1564	1565	1566	1567	1568	1569	1570	1571	1572	1573	1574	1575	1576	1577	1578	1579	1580	1581	1582	1583	1584	1585	1586	1587	1588	1589	1590	1591	1592	1593	1594	1595	1596	1597	1598	1599	1600	1601	1602	1603	1604	1605	1606	1607	1608	1609	1610	1611	1612	1613	1614	1615	1616	1617	1618	1619	1620	1621	1622	1623	1624	1625	1626	1627	1628	1629	1630	1631	1632	1633	1634	1635	1636	1637	1638	1639	1640	1641	1642	1643	1644	1645	1646	1647	1648	1649	1650	1651	1652	1653	1654	1655	1656	1657	1658	1659	1660	1661	1662	1663	1664	1665	1666	1667	1668	1669	1670	1671	1672	1673	1674	1675	1676	1677	1678	1679	1680	1681	1682	1683	1684	1685	1686	1687	1688	1689	1690	1691	1692	1693	1694	1695	1696	1697	1698	1699	1700	1701	1702	1703	1704	1705	1706	1707	1708	1709	1710	1711	1712	1713	1714	1715	1716	1717	1718	1719	1720	1721	1722	1723	1724	1725	1726	1727	1728	1729	1730	1731	1732	1733	1734	1735	1736	1737	1738	1739	1740	1741	1742	1743	1744	1745	1746	1747	1748	1749	1750	1751	1752	1753	1754	1755	1756	1757	1758	1759	1760	1761	1762	1763	1764	1765	1766	1767	1768	1769	1770	1771	1772	1773	1774	
