1756
120	100	160
0	24	30	10	
1	24	30	10	
2	24	30	10	
3	24	30	10	
4	24	30	10	
5	24	30	10	
6	24	30	10	
7	24	30	10	
8	24	30	10	
9	24	30	10	
10	24	30	10	
11	24	30	10	
12	24	30	10	
13	24	30	10	
14	24	30	10	
15	24	30	10	
16	24	30	10	
17	24	30	10	
18	24	30	10	
19	24	30	10	
20	24	30	10	
21	24	30	10	
22	24	30	10	
23	24	30	10	
24	24	30	10	
25	24	30	10	
26	24	30	10	
27	24	30	10	
28	24	30	10	
29	24	30	10	
30	24	30	10	
31	24	30	10	
32	24	30	10	
33	24	30	10	
34	24	30	10	
35	24	30	10	
36	24	30	10	
37	24	30	10	
38	24	30	10	
39	24	30	10	
40	24	30	10	
41	24	30	10	
42	24	30	10	
43	24	30	10	
44	24	30	10	
45	24	30	10	
46	24	30	10	
47	24	30	10	
48	24	30	10	
49	24	30	10	
50	24	30	10	
51	24	30	10	
52	24	30	10	
53	24	30	10	
54	24	30	10	
55	24	30	10	
56	24	30	10	
57	24	30	10	
58	24	30	10	
59	24	30	10	
60	24	30	10	
61	24	30	10	
62	24	30	10	
63	24	30	10	
64	24	30	10	
65	24	30	10	
66	24	30	10	
67	24	30	10	
68	24	30	10	
69	24	30	10	
70	24	30	10	
71	24	30	10	
72	24	30	10	
73	24	30	10	
74	24	30	10	
75	24	30	10	
76	24	30	10	
77	24	30	10	
78	24	30	10	
79	24	30	10	
80	48	35	16	
81	48	35	16	
82	48	35	16	
83	48	35	16	
84	48	35	16	
85	48	35	16	
86	48	35	16	
87	48	35	16	
88	48	35	16	
89	48	35	16	
90	48	35	16	
91	48	35	16	
92	48	35	16	
93	48	35	16	
94	48	35	16	
95	48	35	16	
96	48	35	16	
97	48	35	16	
98	48	35	16	
99	48	35	16	
100	48	35	16	
101	48	35	16	
102	48	35	16	
103	48	35	16	
104	48	35	16	
105	48	35	16	
106	48	35	16	
107	48	35	16	
108	48	35	16	
109	48	35	16	
110	48	35	16	
111	48	35	16	
112	48	35	16	
113	48	35	16	
114	48	35	16	
115	48	35	16	
116	48	35	16	
117	48	35	16	
118	48	35	16	
119	48	35	16	
120	24	30	10	
121	24	30	10	
122	24	30	10	
123	24	30	10	
124	24	30	10	
125	24	30	10	
126	24	30	10	
127	24	30	10	
128	24	30	10	
129	24	30	10	
130	24	30	10	
131	24	30	10	
132	24	30	10	
133	24	30	10	
134	24	30	10	
135	24	30	10	
136	24	40	60	
137	24	40	60	
138	24	40	33	
139	24	31	34	
140	24	31	34	
141	24	31	34	
142	24	31	34	
143	24	31	34	
144	24	31	34	
145	24	31	34	
146	24	31	34	
147	24	31	34	
148	24	31	34	
149	24	31	34	
150	24	31	34	
151	24	31	34	
152	24	31	34	
153	24	31	34	
154	24	31	34	
155	24	31	34	
156	24	31	34	
157	24	31	34	
158	24	31	34	
159	28	10	24	
160	28	10	24	
161	28	10	24	
162	28	10	24	
163	28	10	24	
164	28	10	24	
165	28	10	24	
166	28	10	24	
167	28	10	24	
168	30	22	16	
169	30	22	16	
170	30	22	16	
171	30	22	16	
172	30	22	16	
173	30	22	16	
174	30	22	16	
175	30	22	16	
176	30	22	16	
177	30	22	16	
178	30	22	16	
179	30	22	16	
180	30	22	16	
181	30	22	16	
182	30	22	16	
183	30	22	16	
184	30	22	16	
185	30	22	16	
186	30	22	16	
187	30	22	16	
188	30	22	16	
189	30	22	16	
190	30	22	16	
191	30	22	16	
192	30	22	16	
193	30	22	16	
194	30	22	16	
195	30	22	16	
196	26	28	24	
197	48	35	16	
198	48	35	16	
199	48	35	16	
200	48	35	16	
201	48	35	16	
202	48	35	16	
203	48	35	16	
204	48	35	16	
205	48	35	16	
206	48	35	16	
207	48	35	16	
208	48	35	16	
209	48	35	16	
210	48	35	16	
211	48	35	16	
212	48	35	16	
213	48	35	16	
214	48	35	16	
215	48	35	16	
216	48	35	16	
217	22	21	44	
218	22	21	44	
219	22	21	44	
220	22	21	44	
221	22	21	44	
222	39	12	50	
223	39	12	50	
224	39	12	50	
225	39	12	50	
226	39	12	50	
227	39	12	50	
228	39	12	50	
229	39	12	50	
230	39	12	50	
231	3	4	6	
232	10	28	24	
233	24	34	31	
234	24	34	31	
235	24	34	31	
236	24	34	31	
237	24	34	31	
238	10	17	14	
239	24	31	34	
240	24	31	34	
241	24	31	34	
242	24	31	34	
243	24	31	34	
244	24	31	34	
245	24	31	34	
246	24	31	34	
247	24	31	34	
248	24	31	34	
249	24	31	34	
250	24	31	34	
251	24	31	34	
252	24	31	34	
253	24	31	34	
254	24	31	34	
255	24	31	34	
256	24	31	34	
257	24	31	34	
258	24	31	34	
259	28	10	24	
260	28	10	24	
261	28	10	24	
262	28	10	24	
263	28	10	24	
264	28	10	24	
265	28	10	24	
266	28	10	24	
267	28	10	24	
268	30	22	16	
269	30	22	16	
270	30	22	16	
271	30	22	16	
272	30	22	16	
273	30	22	16	
274	30	22	16	
275	30	22	16	
276	30	22	16	
277	30	22	16	
278	30	22	16	
279	30	22	16	
280	30	22	16	
281	30	22	16	
282	30	22	16	
283	30	22	16	
284	30	22	16	
285	30	22	16	
286	30	22	16	
287	30	22	16	
288	30	22	16	
289	30	22	16	
290	30	22	16	
291	30	22	16	
292	30	22	16	
293	30	22	16	
294	30	22	16	
295	30	22	16	
296	26	28	24	
297	48	35	16	
298	48	35	16	
299	48	35	16	
300	48	35	16	
301	48	35	16	
302	48	35	16	
303	48	35	16	
304	48	35	16	
305	48	35	16	
306	48	35	16	
307	48	35	16	
308	48	35	16	
309	48	35	16	
310	48	35	16	
311	48	35	16	
312	48	35	16	
313	48	35	16	
314	48	35	16	
315	48	35	16	
316	48	35	16	
317	22	21	44	
318	22	21	44	
319	22	21	44	
320	22	21	44	
321	22	21	44	
322	39	12	50	
323	39	12	50	
324	39	12	50	
325	39	12	50	
326	39	12	50	
327	39	12	50	
328	39	12	50	
329	39	12	50	
330	39	12	50	
331	3	4	6	
332	10	28	24	
333	24	34	31	
334	24	34	31	
335	24	34	31	
336	24	34	31	
337	24	34	31	
338	10	17	14	
339	25	20	30	
340	25	20	30	
341	25	20	30	
342	25	20	30	
343	25	20	30	
344	25	20	30	
345	25	20	30	
346	25	20	30	
347	25	20	30	
348	25	20	30	
349	25	20	30	
350	25	20	30	
351	25	20	30	
352	25	20	30	
353	25	20	30	
354	25	20	30	
355	25	20	30	
356	25	20	30	
357	25	20	30	
358	25	20	30	
359	37	33	39	
360	37	33	39	
361	37	33	39	
362	37	33	39	
363	37	33	39	
364	37	33	39	
365	37	33	39	
366	37	33	39	
367	37	33	39	
368	25	26	12	
369	25	26	12	
370	25	26	12	
371	29	20	11	
372	11	22	13	
373	11	22	13	
374	11	22	13	
375	7	19	13	
376	39	58	17	
377	39	58	17	
378	39	58	17	
379	39	58	17	
380	39	58	17	
381	39	58	17	
382	39	58	17	
383	13	22	11	
384	13	22	11	
385	13	22	11	
386	13	22	11	
387	13	22	11	
388	13	22	11	
389	19	14	11	
390	17	42	26	
391	17	42	26	
392	17	42	26	
393	17	42	26	
394	17	42	26	
395	17	42	26	
396	17	42	26	
397	17	42	26	
398	17	42	26	
399	17	42	26	
400	19	14	11	
401	29	37	26	
402	29	37	26	
403	29	37	26	
404	29	37	26	
405	29	37	26	
406	24	21	39	
407	24	21	39	
408	24	21	39	
409	24	21	39	
410	24	21	39	
411	24	21	39	
412	24	21	39	
413	24	21	39	
414	24	21	39	
415	16	21	13	
416	16	21	13	
417	16	21	13	
418	20	25	30	
419	20	25	30	
420	20	25	30	
421	20	25	30	
422	20	25	30	
423	20	25	30	
424	20	25	30	
425	20	25	30	
426	20	25	30	
427	20	25	30	
428	20	25	30	
429	20	25	30	
430	20	25	30	
431	20	25	30	
432	20	25	30	
433	20	25	30	
434	14	25	20	
435	14	25	20	
436	14	25	20	
437	14	25	20	
438	14	25	20	
439	14	25	20	
440	14	25	20	
441	14	25	20	
442	48	35	16	
443	48	35	16	
444	48	35	16	
445	48	35	16	
446	48	35	16	
447	48	35	16	
448	48	35	16	
449	48	35	16	
450	48	35	16	
451	48	35	16	
452	48	35	16	
453	48	35	16	
454	48	35	16	
455	48	35	16	
456	48	35	16	
457	48	35	16	
458	48	35	16	
459	48	35	16	
460	48	35	16	
461	48	35	16	
462	29	36	34	
463	29	36	34	
464	29	36	34	
465	29	36	34	
466	29	36	34	
467	29	36	34	
468	29	36	34	
469	29	36	34	
470	29	36	34	
471	29	36	34	
472	29	36	34	
473	29	36	34	
474	29	18	20	
475	29	18	20	
476	29	18	20	
477	29	18	20	
478	29	18	20	
479	29	18	20	
480	30	29	26	
481	30	29	26	
482	30	29	26	
483	30	29	26	
484	20	29	18	
485	20	29	18	
486	20	29	18	
487	20	29	18	
488	20	29	18	
489	20	29	18	
490	30	29	26	
491	30	29	26	
492	30	29	26	
493	30	29	26	
494	20	29	24	
495	20	29	24	
496	20	29	24	
497	20	29	24	
498	20	29	24	
499	20	29	24	
500	15	29	22	
501	15	29	22	
502	15	29	22	
503	15	29	22	
504	15	29	22	
505	15	29	22	
506	15	29	22	
507	15	29	22	
508	20	29	11	
509	20	29	11	
510	20	29	11	
511	20	29	11	
512	25	29	17	
513	25	29	17	
514	25	29	17	
515	25	29	17	
516	48	29	27	
517	48	29	27	
518	16	18	15	
519	16	18	15	
520	16	18	15	
521	16	18	15	
522	16	18	15	
523	16	18	15	
524	16	18	15	
525	16	18	15	
526	31	25	13	
527	31	25	13	
528	31	25	13	
529	31	25	13	
530	31	25	13	
531	31	25	13	
532	31	25	13	
533	31	25	13	
534	31	25	13	
535	31	25	13	
536	16	11	23	
537	16	11	23	
538	16	11	23	
539	16	11	23	
540	16	10	13	
541	16	10	13	
542	28	10	24	
543	24	35	32	
544	24	34	31	
545	24	34	31	
546	24	34	31	
547	24	34	31	
548	34	29	36	
549	34	29	36	
550	34	29	36	
551	34	29	36	
552	34	29	36	
553	34	29	36	
554	34	29	36	
555	34	29	36	
556	34	29	36	
557	34	29	36	
558	34	29	36	
559	34	29	36	
560	16	18	15	
561	16	18	15	
562	16	18	15	
563	16	18	15	
564	16	18	15	
565	16	18	15	
566	16	18	15	
567	16	18	15	
568	32	13	45	
569	32	13	45	
570	32	13	45	
571	32	13	45	
572	32	13	45	
573	32	13	45	
574	32	13	45	
575	32	13	45	
576	32	13	45	
577	30	13	25	
578	30	13	25	
579	30	13	25	
580	16	15	15	
581	16	15	15	
582	31	38	31	
583	31	38	31	
584	31	38	31	
585	31	38	31	
586	31	38	31	
587	31	38	31	
588	31	38	31	
589	31	38	31	
590	31	38	31	
591	31	38	31	
592	35	48	16	
593	35	48	16	
594	35	48	16	
595	35	48	16	
596	35	48	16	
597	35	48	16	
598	35	48	16	
599	35	48	16	
600	35	48	16	
601	35	48	16	
602	35	48	16	
603	35	48	16	
604	35	48	16	
605	35	48	16	
606	35	48	16	
607	35	48	16	
608	35	48	16	
609	35	48	16	
610	35	48	16	
611	35	48	16	
612	12	13	26	
613	12	13	26	
614	12	13	26	
615	12	13	26	
616	24	13	15	
617	24	13	15	
618	24	39	21	
619	24	39	21	
620	12	39	50	
621	12	39	50	
622	12	39	50	
623	12	39	50	
624	20	13	16	
625	20	13	16	
626	20	13	16	
627	11	13	22	
628	11	13	22	
629	11	13	22	
630	11	13	22	
631	16	48	35	
632	16	48	35	
633	16	48	35	
634	16	16	31	
635	16	16	31	
636	16	16	31	
637	14	27	24	
638	16	21	13	
639	34	29	36	
640	34	29	36	
641	34	29	36	
642	34	29	36	
643	34	29	36	
644	34	29	36	
645	34	29	36	
646	34	29	36	
647	34	29	36	
648	34	29	36	
649	34	29	36	
650	34	29	36	
651	16	18	15	
652	16	18	15	
653	16	18	15	
654	16	18	15	
655	16	18	15	
656	16	18	15	
657	16	18	15	
658	16	18	15	
659	32	13	45	
660	32	13	45	
661	32	13	45	
662	32	13	45	
663	32	13	45	
664	32	13	45	
665	32	13	45	
666	32	13	45	
667	32	13	45	
668	30	13	25	
669	30	13	25	
670	30	13	25	
671	16	15	15	
672	16	15	15	
673	31	38	31	
674	31	38	31	
675	31	38	31	
676	31	38	31	
677	31	38	31	
678	31	38	31	
679	31	38	31	
680	31	38	31	
681	31	38	31	
682	31	38	31	
683	35	48	16	
684	35	48	16	
685	35	48	16	
686	35	48	16	
687	35	48	16	
688	35	48	16	
689	35	48	16	
690	35	48	16	
691	35	48	16	
692	35	48	16	
693	35	48	16	
694	35	48	16	
695	35	48	16	
696	35	48	16	
697	35	48	16	
698	35	48	16	
699	35	48	16	
700	35	48	16	
701	35	48	16	
702	35	48	16	
703	12	13	26	
704	12	13	26	
705	12	13	26	
706	12	13	26	
707	24	13	15	
708	24	13	15	
709	24	39	21	
710	24	39	21	
711	12	39	50	
712	12	39	50	
713	12	39	50	
714	12	39	50	
715	20	13	16	
716	20	13	16	
717	20	13	16	
718	11	13	22	
719	11	13	22	
720	11	13	22	
721	11	13	22	
722	16	48	35	
723	16	48	35	
724	16	48	35	
725	16	16	31	
726	16	16	31	
727	16	16	31	
728	14	27	24	
729	16	21	13	
730	39	12	50	
731	39	12	50	
732	39	12	50	
733	39	12	50	
734	39	12	50	
735	39	12	50	
736	39	12	50	
737	39	12	50	
738	39	12	50	
739	39	56	18	
740	39	56	18	
741	39	56	18	
742	39	56	18	
743	39	56	18	
744	39	56	18	
745	39	56	18	
746	39	56	18	
747	39	56	18	
748	39	56	18	
749	39	56	18	
750	39	56	18	
751	39	56	18	
752	39	56	18	
753	39	56	18	
754	39	56	18	
755	39	56	18	
756	39	56	18	
757	39	56	18	
758	39	56	18	
759	39	56	18	
760	39	56	18	
761	39	56	18	
762	39	56	18	
763	40	16	54	
764	40	16	54	
765	40	16	54	
766	40	16	54	
767	40	16	54	
768	40	16	54	
769	10	14	16	
770	10	14	16	
771	10	14	16	
772	10	14	16	
773	15	16	18	
774	15	16	18	
775	15	16	18	
776	15	16	18	
777	15	16	18	
778	15	16	18	
779	15	16	18	
780	15	16	18	
781	15	16	18	
782	15	16	18	
783	15	16	18	
784	15	16	18	
785	15	16	18	
786	15	16	18	
787	15	16	18	
788	15	16	18	
789	13	32	44	
790	13	32	44	
791	13	32	44	
792	13	32	44	
793	13	32	44	
794	13	32	44	
795	13	32	44	
796	13	32	44	
797	15	18	16	
798	15	18	16	
799	15	18	16	
800	15	18	16	
801	15	18	16	
802	15	18	16	
803	15	18	16	
804	15	18	16	
805	15	18	16	
806	15	18	16	
807	15	18	16	
808	15	18	16	
809	15	18	16	
810	15	18	16	
811	15	18	16	
812	15	18	16	
813	15	18	16	
814	15	18	16	
815	15	18	16	
816	15	18	16	
817	15	18	16	
818	34	31	24	
819	34	31	24	
820	34	31	24	
821	34	31	24	
822	34	31	24	
823	34	31	24	
824	16	31	16	
825	26	16	16	
826	26	16	16	
827	15	15	16	
828	15	15	16	
829	15	15	16	
830	18	39	56	
831	18	39	56	
832	18	39	56	
833	18	39	56	
834	18	39	56	
835	18	39	56	
836	18	39	56	
837	18	39	56	
838	18	39	56	
839	18	39	56	
840	18	39	56	
841	18	39	56	
842	15	19	18	
843	15	19	18	
844	15	19	18	
845	15	19	18	
846	15	19	18	
847	15	19	18	
848	15	19	18	
849	15	19	18	
850	15	19	18	
851	15	19	18	
852	15	19	18	
853	15	19	18	
854	15	19	18	
855	15	19	18	
856	32	13	45	
857	32	13	45	
858	32	13	45	
859	32	13	45	
860	32	13	45	
861	32	13	45	
862	32	13	45	
863	32	13	45	
864	32	13	45	
865	34	26	29	
866	34	26	29	
867	34	26	29	
868	35	48	16	
869	35	48	16	
870	35	48	16	
871	35	48	16	
872	35	48	16	
873	35	48	16	
874	35	48	16	
875	35	48	16	
876	35	48	16	
877	35	48	16	
878	35	48	16	
879	35	48	16	
880	35	48	16	
881	35	48	16	
882	35	48	16	
883	35	48	16	
884	35	48	16	
885	35	48	16	
886	35	48	16	
887	35	48	16	
888	35	48	16	
889	35	48	16	
890	35	48	16	
891	35	48	16	
892	35	48	16	
893	35	48	16	
894	35	48	16	
895	35	48	16	
896	35	48	16	
897	35	48	16	
898	30	11	13	
899	30	11	13	
900	30	11	13	
901	19	11	14	
902	19	11	14	
903	19	11	14	
904	19	11	14	
905	14	13	20	
906	14	13	20	
907	14	13	20	
908	13	11	16	
909	17	13	15	
910	17	13	15	
911	17	13	15	
912	13	11	30	
913	21	13	30	
914	21	13	30	
915	21	13	30	
916	21	13	30	
917	21	13	30	
918	15	16	18	
919	15	16	18	
920	15	16	18	
921	15	16	18	
922	15	16	18	
923	15	16	18	
924	15	16	18	
925	15	16	18	
926	15	16	18	
927	15	16	18	
928	15	16	18	
929	15	16	18	
930	15	16	18	
931	15	16	18	
932	15	16	18	
933	15	16	18	
934	15	16	18	
935	15	16	18	
936	13	31	25	
937	12	39	50	
938	12	39	50	
939	12	39	50	
940	2	2	3	
941	18	39	56	
942	18	39	56	
943	18	39	56	
944	18	39	56	
945	18	39	56	
946	18	39	56	
947	18	39	56	
948	18	39	56	
949	18	39	56	
950	18	39	56	
951	18	39	56	
952	18	39	56	
953	15	19	18	
954	15	19	18	
955	15	19	18	
956	15	19	18	
957	15	19	18	
958	15	19	18	
959	15	19	18	
960	15	19	18	
961	15	19	18	
962	15	19	18	
963	15	19	18	
964	15	19	18	
965	15	19	18	
966	15	19	18	
967	32	13	45	
968	32	13	45	
969	32	13	45	
970	32	13	45	
971	32	13	45	
972	32	13	45	
973	32	13	45	
974	32	13	45	
975	32	13	45	
976	34	26	29	
977	34	26	29	
978	34	26	29	
979	35	48	16	
980	35	48	16	
981	35	48	16	
982	35	48	16	
983	35	48	16	
984	35	48	16	
985	35	48	16	
986	35	48	16	
987	35	48	16	
988	35	48	16	
989	35	48	16	
990	35	48	16	
991	35	48	16	
992	35	48	16	
993	35	48	16	
994	35	48	16	
995	35	48	16	
996	35	48	16	
997	35	48	16	
998	35	48	16	
999	35	48	16	
1000	35	48	16	
1001	35	48	16	
1002	35	48	16	
1003	35	48	16	
1004	35	48	16	
1005	35	48	16	
1006	35	48	16	
1007	35	48	16	
1008	35	48	16	
1009	30	11	13	
1010	30	11	13	
1011	30	11	13	
1012	19	11	14	
1013	19	11	14	
1014	19	11	14	
1015	19	11	14	
1016	14	13	20	
1017	14	13	20	
1018	14	13	20	
1019	13	11	16	
1020	17	13	15	
1021	17	13	15	
1022	17	13	15	
1023	13	11	30	
1024	21	13	30	
1025	21	13	30	
1026	21	13	30	
1027	21	13	30	
1028	21	13	30	
1029	15	16	18	
1030	15	16	18	
1031	15	16	18	
1032	15	16	18	
1033	15	16	18	
1034	15	16	18	
1035	15	16	18	
1036	15	16	18	
1037	15	16	18	
1038	15	16	18	
1039	15	16	18	
1040	15	16	18	
1041	15	16	18	
1042	15	16	18	
1043	15	16	18	
1044	15	16	18	
1045	15	16	18	
1046	15	16	18	
1047	13	31	25	
1048	12	39	50	
1049	12	39	50	
1050	12	39	50	
1051	2	2	3	
1052	36	14	44	
1053	36	14	44	
1054	36	14	44	
1055	36	14	44	
1056	36	14	44	
1057	36	14	44	
1058	36	14	44	
1059	36	14	44	
1060	36	14	44	
1061	36	14	44	
1062	36	14	44	
1063	36	14	44	
1064	36	14	44	
1065	36	14	44	
1066	36	14	44	
1067	36	14	44	
1068	36	14	44	
1069	36	14	44	
1070	36	14	44	
1071	36	14	44	
1072	36	14	44	
1073	26	24	28	
1074	26	24	28	
1075	26	24	28	
1076	26	24	28	
1077	48	35	16	
1078	48	35	16	
1079	48	35	16	
1080	48	35	16	
1081	48	35	16	
1082	48	35	16	
1083	48	35	16	
1084	48	35	16	
1085	48	35	16	
1086	48	35	16	
1087	48	35	16	
1088	48	35	16	
1089	48	35	16	
1090	48	35	16	
1091	48	35	16	
1092	48	35	16	
1093	48	35	16	
1094	48	35	16	
1095	48	35	16	
1096	48	35	16	
1097	34	29	37	
1098	34	29	37	
1099	34	29	37	
1100	34	29	37	
1101	34	29	37	
1102	34	29	37	
1103	34	29	37	
1104	34	29	37	
1105	19	22	11	
1106	19	22	11	
1107	19	22	11	
1108	36	34	29	
1109	36	34	29	
1110	36	34	29	
1111	36	34	29	
1112	36	34	29	
1113	36	34	29	
1114	36	34	29	
1115	36	34	29	
1116	36	34	29	
1117	36	34	29	
1118	17	13	15	
1119	17	13	15	
1120	17	13	15	
1121	17	13	15	
1122	17	13	15	
1123	17	13	15	
1124	17	13	15	
1125	17	13	15	
1126	17	13	15	
1127	17	13	15	
1128	13	32	45	
1129	13	32	45	
1130	13	32	45	
1131	13	31	25	
1132	34	37	29	
1133	34	37	29	
1134	34	37	29	
1135	34	37	29	
1136	34	37	29	
1137	34	37	29	
1138	20	26	50	
1139	20	26	50	
1140	20	26	50	
1141	20	26	50	
1142	20	26	50	
1143	20	26	50	
1144	17	38	58	
1145	17	38	58	
1146	17	38	58	
1147	17	38	58	
1148	17	38	58	
1149	17	38	58	
1150	17	38	58	
1151	17	38	58	
1152	17	38	58	
1153	17	38	58	
1154	17	38	58	
1155	17	38	58	
1156	29	34	37	
1157	29	34	37	
1158	29	34	37	
1159	29	34	37	
1160	29	34	37	
1161	29	34	37	
1162	29	34	37	
1163	29	34	37	
1164	29	34	37	
1165	20	15	19	
1166	20	15	19	
1167	20	15	19	
1168	20	15	19	
1169	20	15	19	
1170	20	15	19	
1171	20	15	19	
1172	20	15	19	
1173	20	19	15	
1174	20	19	15	
1175	20	19	15	
1176	20	19	15	
1177	20	19	15	
1178	20	19	15	
1179	20	19	15	
1180	20	19	15	
1181	20	19	15	
1182	20	19	15	
1183	29	22	37	
1184	29	22	37	
1185	29	22	37	
1186	29	22	37	
1187	29	22	37	
1188	29	22	37	
1189	29	22	37	
1190	29	22	37	
1191	23	16	11	
1192	23	16	11	
1193	15	18	19	
1194	15	18	19	
1195	15	18	19	
1196	15	18	19	
1197	15	18	19	
1198	15	18	19	
1199	15	18	19	
1200	15	18	19	
1201	15	18	19	
1202	15	18	19	
1203	15	18	19	
1204	15	18	19	
1205	19	25	24	
1206	19	25	24	
1207	19	25	24	
1208	19	25	24	
1209	19	25	24	
1210	19	25	24	
1211	19	22	11	
1212	16	35	48	
1213	16	35	48	
1214	16	35	48	
1215	16	35	48	
1216	16	35	48	
1217	16	35	48	
1218	15	16	15	
1219	15	16	15	
1220	15	16	15	
1221	15	16	15	
1222	34	37	29	
1223	34	37	29	
1224	34	37	29	
1225	34	37	29	
1226	34	37	29	
1227	34	37	29	
1228	20	26	50	
1229	20	26	50	
1230	20	26	50	
1231	20	26	50	
1232	20	26	50	
1233	20	26	50	
1234	17	38	58	
1235	17	38	58	
1236	17	38	58	
1237	17	38	58	
1238	17	38	58	
1239	17	38	58	
1240	17	38	58	
1241	17	38	58	
1242	17	38	58	
1243	17	38	58	
1244	17	38	58	
1245	17	38	58	
1246	29	34	37	
1247	29	34	37	
1248	29	34	37	
1249	29	34	37	
1250	29	34	37	
1251	29	34	37	
1252	29	34	37	
1253	29	34	37	
1254	29	34	37	
1255	20	15	19	
1256	20	15	19	
1257	20	15	19	
1258	20	15	19	
1259	20	15	19	
1260	20	15	19	
1261	20	15	19	
1262	20	15	19	
1263	20	19	15	
1264	20	19	15	
1265	20	19	15	
1266	20	19	15	
1267	20	19	15	
1268	20	19	15	
1269	20	19	15	
1270	20	19	15	
1271	20	19	15	
1272	20	19	15	
1273	29	22	37	
1274	29	22	37	
1275	29	22	37	
1276	29	22	37	
1277	29	22	37	
1278	29	22	37	
1279	29	22	37	
1280	29	22	37	
1281	23	16	11	
1282	23	16	11	
1283	15	18	19	
1284	15	18	19	
1285	15	18	19	
1286	15	18	19	
1287	15	18	19	
1288	15	18	19	
1289	15	18	19	
1290	15	18	19	
1291	15	18	19	
1292	15	18	19	
1293	15	18	19	
1294	15	18	19	
1295	19	25	24	
1296	19	25	24	
1297	19	25	24	
1298	19	25	24	
1299	19	25	24	
1300	19	25	24	
1301	19	22	11	
1302	16	35	48	
1303	16	35	48	
1304	16	35	48	
1305	16	35	48	
1306	16	35	48	
1307	16	35	48	
1308	15	16	15	
1309	15	16	15	
1310	15	16	15	
1311	15	16	15	
1312	34	37	29	
1313	34	37	29	
1314	34	37	29	
1315	34	37	29	
1316	34	37	29	
1317	34	37	29	
1318	20	26	50	
1319	20	26	50	
1320	20	26	50	
1321	20	26	50	
1322	20	26	50	
1323	20	26	50	
1324	17	38	58	
1325	17	38	58	
1326	17	38	58	
1327	17	38	58	
1328	17	38	58	
1329	17	38	58	
1330	17	38	58	
1331	17	38	58	
1332	17	38	58	
1333	17	38	58	
1334	17	38	58	
1335	17	38	58	
1336	29	34	37	
1337	29	34	37	
1338	29	34	37	
1339	29	34	37	
1340	29	34	37	
1341	29	34	37	
1342	29	34	37	
1343	29	34	37	
1344	29	34	37	
1345	20	15	19	
1346	20	15	19	
1347	20	15	19	
1348	20	15	19	
1349	20	15	19	
1350	20	15	19	
1351	20	15	19	
1352	20	15	19	
1353	20	19	15	
1354	20	19	15	
1355	20	19	15	
1356	20	19	15	
1357	20	19	15	
1358	20	19	15	
1359	20	19	15	
1360	20	19	15	
1361	20	19	15	
1362	20	19	15	
1363	29	22	37	
1364	29	22	37	
1365	29	22	37	
1366	29	22	37	
1367	29	22	37	
1368	29	22	37	
1369	29	22	37	
1370	29	22	37	
1371	23	16	11	
1372	23	16	11	
1373	15	18	19	
1374	15	18	19	
1375	15	18	19	
1376	15	18	19	
1377	15	18	19	
1378	15	18	19	
1379	15	18	19	
1380	15	18	19	
1381	15	18	19	
1382	15	18	19	
1383	15	18	19	
1384	15	18	19	
1385	19	25	24	
1386	19	25	24	
1387	19	25	24	
1388	19	25	24	
1389	19	25	24	
1390	19	25	24	
1391	19	22	11	
1392	16	35	48	
1393	16	35	48	
1394	16	35	48	
1395	16	35	48	
1396	16	35	48	
1397	16	35	48	
1398	15	16	15	
1399	15	16	15	
1400	15	16	15	
1401	15	16	15	
1402	48	34	16	
1403	48	34	16	
1404	48	34	16	
1405	14	21	14	
1406	14	21	14	
1407	14	21	14	
1408	14	21	14	
1409	14	21	14	
1410	14	21	14	
1411	14	21	14	
1412	14	21	14	
1413	14	21	14	
1414	14	21	14	
1415	14	21	14	
1416	14	21	14	
1417	18	39	56	
1418	18	39	56	
1419	18	39	56	
1420	18	39	56	
1421	18	39	56	
1422	18	39	56	
1423	18	39	56	
1424	18	39	56	
1425	18	39	56	
1426	18	39	56	
1427	18	39	56	
1428	18	39	56	
1429	22	20	25	
1430	19	18	15	
1431	19	18	15	
1432	19	18	15	
1433	19	18	15	
1434	19	18	15	
1435	19	18	15	
1436	19	18	15	
1437	19	18	15	
1438	19	18	15	
1439	19	18	15	
1440	19	18	15	
1441	19	18	15	
1442	19	18	15	
1443	19	18	15	
1444	19	18	15	
1445	29	22	37	
1446	29	22	37	
1447	21	19	19	
1448	21	19	19	
1449	21	19	19	
1450	21	19	20	
1451	18	17	19	
1452	18	17	19	
1453	18	17	19	
1454	18	17	19	
1455	18	17	19	
1456	18	16	15	
1457	18	16	15	
1458	18	16	15	
1459	18	16	15	
1460	18	16	15	
1461	32	13	45	
1462	32	13	45	
1463	16	13	20	
1464	16	13	20	
1465	23	16	14	
1466	23	16	14	
1467	30	27	49	
1468	30	27	49	
1469	30	27	49	
1470	30	25	20	
1471	30	25	20	
1472	30	25	20	
1473	15	19	18	
1474	15	19	18	
1475	15	19	18	
1476	15	19	18	
1477	15	19	18	
1478	15	19	18	
1479	15	19	18	
1480	15	19	18	
1481	15	19	18	
1482	15	19	18	
1483	15	19	18	
1484	15	19	18	
1485	15	19	18	
1486	15	19	18	
1487	15	19	18	
1488	15	19	18	
1489	15	19	18	
1490	15	19	18	
1491	15	19	18	
1492	15	19	18	
1493	15	19	18	
1494	15	19	18	
1495	15	19	18	
1496	15	19	18	
1497	15	19	18	
1498	15	19	18	
1499	15	19	18	
1500	15	19	18	
1501	15	19	18	
1502	15	19	18	
1503	20	19	15	
1504	20	19	15	
1505	20	19	15	
1506	20	19	15	
1507	20	19	15	
1508	20	19	15	
1509	20	19	15	
1510	17	15	14	
1511	17	15	14	
1512	36	34	29	
1513	36	34	29	
1514	36	34	29	
1515	36	34	29	
1516	36	34	29	
1517	36	34	29	
1518	36	34	29	
1519	36	34	29	
1520	36	34	29	
1521	36	34	29	
1522	18	19	15	
1523	18	19	15	
1524	18	19	15	
1525	18	19	15	
1526	16	15	15	
1527	16	15	15	
1528	16	15	15	
1529	13	32	44	
1530	16	15	18	
1531	17	15	14	
1532	17	15	14	
1533	17	15	14	
1534	21	14	14	
1535	12	39	50	
1536	12	39	50	
1537	12	39	50	
1538	17	58	38	
1539	17	58	38	
1540	17	58	38	
1541	17	58	38	
1542	17	58	38	
1543	17	58	38	
1544	17	58	38	
1545	17	58	38	
1546	17	58	38	
1547	17	58	38	
1548	17	58	38	
1549	17	58	38	
1550	17	58	38	
1551	17	58	38	
1552	17	58	38	
1553	17	58	38	
1554	17	58	38	
1555	17	58	38	
1556	17	58	38	
1557	17	58	38	
1558	17	58	38	
1559	17	39	58	
1560	17	39	58	
1561	17	39	58	
1562	17	39	58	
1563	17	39	58	
1564	17	39	58	
1565	17	39	58	
1566	17	39	58	
1567	33	39	37	
1568	33	39	37	
1569	26	33	45	
1570	32	25	44	
1571	26	33	45	
1572	20	25	22	
1573	20	25	22	
1574	49	29	35	
1575	49	29	35	
1576	52	40	16	
1577	16	40	54	
1578	16	40	54	
1579	16	40	54	
1580	18	47	27	
1581	16	20	13	
1582	48	35	16	
1583	16	21	12	
1584	29	34	37	
1585	29	34	37	
1586	19	15	18	
1587	19	15	18	
1588	19	15	18	
1589	19	15	18	
1590	19	20	15	
1591	19	20	15	
1592	19	20	15	
1593	19	20	15	
1594	14	20	14	
1595	22	24	26	
1596	22	24	26	
1597	22	24	26	
1598	22	24	14	
1599	21	24	33	
1600	17	38	56	
1601	17	38	56	
1602	17	38	56	
1603	17	38	56	
1604	17	38	56	
1605	17	38	56	
1606	17	38	56	
1607	17	38	56	
1608	17	38	56	
1609	17	38	56	
1610	17	38	56	
1611	17	38	56	
1612	17	38	56	
1613	17	38	56	
1614	17	38	56	
1615	17	38	56	
1616	17	38	56	
1617	17	38	56	
1618	17	38	56	
1619	17	38	56	
1620	17	38	56	
1621	17	38	56	
1622	17	38	56	
1623	17	38	56	
1624	17	38	56	
1625	17	38	56	
1626	17	38	56	
1627	17	38	56	
1628	21	33	24	
1629	21	33	24	
1630	21	33	24	
1631	21	33	24	
1632	56	38	17	
1633	56	38	17	
1634	56	38	17	
1635	56	38	17	
1636	25	20	14	
1637	25	20	14	
1638	45	23	14	
1639	14	20	14	
1640	19	11	14	
1641	25	24	27	
1642	25	24	27	
1643	25	24	27	
1644	30	24	24	
1645	30	24	24	
1646	27	24	23	
1647	30	21	13	
1648	33	21	24	
1649	33	21	24	
1650	25	24	24	
1651	29	23	43	
1652	30	22	16	
1653	30	22	16	
1654	30	22	16	
1655	23	23	20	
1656	22	21	44	
1657	39	33	37	
1658	15	22	29	
1659	15	20	19	
1660	15	18	16	
1661	15	17	13	
1662	12	16	18	
1663	12	18	16	
1664	23	23	17	
1665	23	23	17	
1666	23	22	18	
1667	23	18	38	
1668	56	38	17	
1669	56	38	17	
1670	56	38	17	
1671	56	38	17	
1672	56	38	17	
1673	56	38	17	
1674	56	38	17	
1675	56	38	17	
1676	56	38	17	
1677	56	38	17	
1678	56	38	17	
1679	56	38	17	
1680	56	38	17	
1681	56	38	17	
1682	56	38	17	
1683	56	38	17	
1684	56	38	17	
1685	56	38	17	
1686	56	38	17	
1687	56	38	17	
1688	56	38	17	
1689	56	38	17	
1690	56	38	17	
1691	56	38	17	
1692	56	38	17	
1693	56	38	17	
1694	56	38	17	
1695	20	24	29	
1696	20	24	29	
1697	40	11	60	
1698	40	11	60	
1699	20	19	16	
1700	20	19	16	
1701	40	16	54	
1702	27	24	25	
1703	27	24	25	
1704	27	24	24	
1705	27	23	39	
1706	27	23	39	
1707	31	38	31	
1708	31	38	31	
1709	58	38	17	
1710	58	38	17	
1711	56	38	17	
1712	56	38	17	
1713	56	38	17	
1714	56	38	17	
1715	56	38	17	
1716	25	24	19	
1717	25	20	19	
1718	25	20	19	
1719	25	20	19	
1720	19	20	26	
1721	19	20	16	
1722	18	20	17	
1723	27	23	39	
1724	27	23	39	
1725	27	21	17	
1726	27	21	17	
1727	26	16	16	
1728	26	16	16	
1729	26	16	16	
1730	32	32	25	
1731	32	32	25	
1732	50	35	39	
1733	39	25	30	
1734	41	23	62	
1735	29	20	41	
1736	27	20	34	
1737	27	20	34	
1738	16	22	30	
1739	49	29	35	
1740	49	30	27	
1741	40	11	60	
1742	39	17	58	
1743	32	32	25	
1744	32	32	25	
1745	50	35	39	
1746	39	25	30	
1747	41	23	62	
1748	29	20	41	
1749	27	20	34	
1750	27	20	34	
1751	16	22	30	
1752	49	29	35	
1753	49	30	27	
1754	40	11	60	
1755	39	17	58	
0	1	2	3	4	5	6	7	8	9	10	11	12	13	14	15	16	17	18	19	20	21	22	23	24	25	26	27	28	29	30	31	32	33	34	35	36	37	38	39	40	41	42	43	44	45	46	47	48	49	50	51	52	53	54	55	56	57	58	59	60	61	62	63	64	65	66	67	68	69	70	71	72	73	74	75	76	77	78	79	80	81	82	83	84	85	86	87	88	89	90	91	92	93	94	95	96	97	98	99	100	101	102	103	104	105	106	107	108	109	110	111	112	113	114	115	116	117	118	119	120	121	122	123	124	125	126	127	128	129	130	131	132	133	134	135	136	137	138	139	140	141	142	143	144	145	146	147	148	149	150	151	152	153	154	155	156	157	158	159	160	161	162	163	164	165	166	167	168	169	170	171	172	173	174	175	176	177	178	179	180	181	182	183	184	185	186	187	188	189	190	191	192	193	194	195	196	197	198	199	200	201	202	203	204	205	206	207	208	209	210	211	212	213	214	215	216	217	218	219	220	221	222	223	224	225	226	227	228	229	230	231	232	233	234	235	236	237	238	239	240	241	242	243	244	245	246	247	248	249	250	251	252	253	254	255	256	257	258	259	260	261	262	263	264	265	266	267	268	269	270	271	272	273	274	275	276	277	278	279	280	281	282	283	284	285	286	287	288	289	290	291	292	293	294	295	296	297	298	299	300	301	302	303	304	305	306	307	308	309	310	311	312	313	314	315	316	317	318	319	320	321	322	323	324	325	326	327	328	329	330	331	332	333	334	335	336	337	338	339	340	341	342	343	344	345	346	347	348	349	350	351	352	353	354	355	356	357	358	359	360	361	362	363	364	365	366	367	368	369	370	371	372	373	374	375	376	377	378	379	380	381	382	383	384	385	386	387	388	389	390	391	392	393	394	395	396	397	398	399	400	401	402	403	404	405	406	407	408	409	410	411	412	413	414	415	416	417	418	419	420	421	422	423	424	425	426	427	428	429	430	431	432	433	434	435	436	437	438	439	440	441	442	443	444	445	446	447	448	449	450	451	452	453	454	455	456	457	458	459	460	461	462	463	464	465	466	467	468	469	470	471	472	473	474	475	476	477	478	479	480	481	482	483	484	485	486	487	488	489	490	491	492	493	494	495	496	497	498	499	500	501	502	503	504	505	506	507	508	509	510	511	512	513	514	515	516	517	518	519	520	521	522	523	524	525	526	527	528	529	530	531	532	533	534	535	536	537	538	539	540	541	542	543	544	545	546	547	548	549	550	551	552	553	554	555	556	557	558	559	560	561	562	563	564	565	566	567	568	569	570	571	572	573	574	575	576	577	578	579	580	581	582	583	584	585	586	587	588	589	590	591	592	593	594	595	596	597	598	599	600	601	602	603	604	605	606	607	608	609	610	611	612	613	614	615	616	617	618	619	620	621	622	623	624	625	626	627	628	629	630	631	632	633	634	635	636	637	638	639	640	641	642	643	644	645	646	647	648	649	650	651	652	653	654	655	656	657	658	659	660	661	662	663	664	665	666	667	668	669	670	671	672	673	674	675	676	677	678	679	680	681	682	683	684	685	686	687	688	689	690	691	692	693	694	695	696	697	698	699	700	701	702	703	704	705	706	707	708	709	710	711	712	713	714	715	716	717	718	719	720	721	722	723	724	725	726	727	728	729	730	731	732	733	734	735	736	737	738	739	740	741	742	743	744	745	746	747	748	749	750	751	752	753	754	755	756	757	758	759	760	761	762	763	764	765	766	767	768	769	770	771	772	773	774	775	776	777	778	779	780	781	782	783	784	785	786	787	788	789	790	791	792	793	794	795	796	797	798	799	800	801	802	803	804	805	806	807	808	809	810	811	812	813	814	815	816	817	818	819	820	821	822	823	824	825	826	827	828	829	830	831	832	833	834	835	836	837	838	839	840	841	842	843	844	845	846	847	848	849	850	851	852	853	854	855	856	857	858	859	860	861	862	863	864	865	866	867	868	869	870	871	872	873	874	875	876	877	878	879	880	881	882	883	884	885	886	887	888	889	890	891	892	893	894	895	896	897	898	899	900	901	902	903	904	905	906	907	908	909	910	911	912	913	914	915	916	917	918	919	920	921	922	923	924	925	926	927	928	929	930	931	932	933	934	935	936	937	938	939	940	941	942	943	944	945	946	947	948	949	950	951	952	953	954	955	956	957	958	959	960	961	962	963	964	965	966	967	968	969	970	971	972	973	974	975	976	977	978	979	980	981	982	983	984	985	986	987	988	989	990	991	992	993	994	995	996	997	998	999	1000	1001	1002	1003	1004	1005	1006	1007	1008	1009	1010	1011	1012	1013	1014	1015	1016	1017	1018	1019	1020	1021	1022	1023	1024	1025	1026	1027	1028	1029	1030	1031	1032	1033	1034	1035	1036	1037	1038	1039	1040	1041	1042	1043	1044	1045	1046	1047	1048	1049	1050	1051	1052	1053	1054	1055	1056	1057	1058	1059	1060	1061	1062	1063	1064	1065	1066	1067	1068	1069	1070	1071	1072	1073	1074	1075	1076	1077	1078	1079	1080	1081	1082	1083	1084	1085	1086	1087	1088	1089	1090	1091	1092	1093	1094	1095	1096	1097	1098	1099	1100	1101	1102	1103	1104	1105	1106	1107	1108	1109	1110	1111	1112	1113	1114	1115	1116	1117	1118	1119	1120	1121	1122	1123	1124	1125	1126	1127	1128	1129	1130	1131	1132	1133	1134	1135	1136	1137	1138	1139	1140	1141	1142	1143	1144	1145	1146	1147	1148	1149	1150	1151	1152	1153	1154	1155	1156	1157	1158	1159	1160	1161	1162	1163	1164	1165	1166	1167	1168	1169	1170	1171	1172	1173	1174	1175	1176	1177	1178	1179	1180	1181	1182	1183	1184	1185	1186	1187	1188	1189	1190	1191	1192	1193	1194	1195	1196	1197	1198	1199	1200	1201	1202	1203	1204	1205	1206	1207	1208	1209	1210	1211	1212	1213	1214	1215	1216	1217	1218	1219	1220	1221	1222	1223	1224	1225	1226	1227	1228	1229	1230	1231	1232	1233	1234	1235	1236	1237	1238	1239	1240	1241	1242	1243	1244	1245	1246	1247	1248	1249	1250	1251	1252	1253	1254	1255	1256	1257	1258	1259	1260	1261	1262	1263	1264	1265	1266	1267	1268	1269	1270	1271	1272	1273	1274	1275	1276	1277	1278	1279	1280	1281	1282	1283	1284	1285	1286	1287	1288	1289	1290	1291	1292	1293	1294	1295	1296	1297	1298	1299	1300	1301	1302	1303	1304	1305	1306	1307	1308	1309	1310	1311	1312	1313	1314	1315	1316	1317	1318	1319	1320	1321	1322	1323	1324	1325	1326	1327	1328	1329	1330	1331	1332	1333	1334	1335	1336	1337	1338	1339	1340	1341	1342	1343	1344	1345	1346	1347	1348	1349	1350	1351	1352	1353	1354	1355	1356	1357	1358	1359	1360	1361	1362	1363	1364	1365	1366	1367	1368	1369	1370	1371	1372	1373	1374	1375	1376	1377	1378	1379	1380	1381	1382	1383	1384	1385	1386	1387	1388	1389	1390	1391	1392	1393	1394	1395	1396	1397	1398	1399	1400	1401	1402	1403	1404	1405	1406	1407	1408	1409	1410	1411	1412	1413	1414	1415	1416	1417	1418	1419	1420	1421	1422	1423	1424	1425	1426	1427	1428	1429	1430	1431	1432	1433	1434	1435	1436	1437	1438	1439	1440	1441	1442	1443	1444	1445	1446	1447	1448	1449	1450	1451	1452	1453	1454	1455	1456	1457	1458	1459	1460	1461	1462	1463	1464	1465	1466	1467	1468	1469	1470	1471	1472	1473	1474	1475	1476	1477	1478	1479	1480	1481	1482	1483	1484	1485	1486	1487	1488	1489	1490	1491	1492	1493	1494	1495	1496	1497	1498	1499	1500	1501	1502	1503	1504	1505	1506	1507	1508	1509	1510	1511	1512	1513	1514	1515	1516	1517	1518	1519	1520	1521	1522	1523	1524	1525	1526	1527	1528	1529	1530	1531	1532	1533	1534	1535	1536	1537	1538	1539	1540	1541	1542	1543	1544	1545	1546	1547	1548	1549	1550	1551	1552	1553	1554	1555	1556	1557	1558	1559	1560	1561	1562	1563	1564	1565	1566	1567	1568	1569	1570	1571	1572	1573	1574	1575	1576	1577	1578	1579	1580	1581	1582	1583	1584	1585	1586	1587	1588	1589	1590	1591	1592	1593	1594	1595	1596	1597	1598	1599	1600	1601	1602	1603	1604	1605	1606	1607	1608	1609	1610	1611	1612	1613	1614	1615	1616	1617	1618	1619	1620	1621	1622	1623	1624	1625	1626	1627	1628	1629	1630	1631	1632	1633	1634	1635	1636	1637	1638	1639	1640	1641	1642	1643	1644	1645	1646	1647	1648	1649	1650	1651	1652	1653	1654	1655	1656	1657	1658	1659	1660	1661	1662	1663	1664	1665	1666	1667	1668	1669	1670	1671	1672	1673	1674	1675	1676	1677	1678	1679	1680	1681	1682	1683	1684	1685	1686	1687	1688	1689	1690	1691	1692	1693	1694	1695	1696	1697	1698	1699	1700	1701	1702	1703	1704	1705	1706	1707	1708	1709	1710	1711	1712	1713	1714	1715	1716	1717	1718	1719	1720	1721	1722	1723	1724	1725	1726	1727	1728	1729	1730	1731	1732	1733	1734	1735	1736	1737	1738	1739	1740	1741	1742	1743	1744	1745	1746	1747	1748	1749	1750	1751	1752	1753	1754	1755	
