916
120	100	160
0	35	48	16	
1	35	48	16	
2	35	48	16	
3	35	48	16	
4	35	48	16	
5	35	48	16	
6	35	48	16	
7	35	48	16	
8	35	48	16	
9	35	48	16	
10	35	48	16	
11	35	48	16	
12	35	48	16	
13	35	48	16	
14	35	48	16	
15	35	48	16	
16	35	48	16	
17	35	48	16	
18	35	48	16	
19	35	48	16	
20	35	48	16	
21	35	48	16	
22	35	48	16	
23	35	48	16	
24	35	48	16	
25	35	48	16	
26	35	48	16	
27	35	48	16	
28	35	48	16	
29	35	48	16	
30	31	34	24	
31	31	34	24	
32	31	34	24	
33	31	34	24	
34	31	34	24	
35	31	34	24	
36	31	34	24	
37	31	34	24	
38	31	34	24	
39	31	34	24	
40	31	34	24	
41	31	34	24	
42	31	34	24	
43	31	34	24	
44	31	34	24	
45	31	34	24	
46	31	34	24	
47	31	34	24	
48	23	18	24	
49	23	18	24	
50	23	18	24	
51	23	18	24	
52	23	18	24	
53	23	18	24	
54	23	18	24	
55	23	18	24	
56	23	18	24	
57	23	18	24	
58	23	18	24	
59	23	18	24	
60	23	18	24	
61	23	18	24	
62	23	18	24	
63	23	18	24	
64	23	18	24	
65	23	18	24	
66	23	18	24	
67	23	18	24	
68	23	18	24	
69	23	18	24	
70	23	18	24	
71	23	18	24	
72	23	18	24	
73	23	18	24	
74	23	18	24	
75	23	18	24	
76	23	18	24	
77	23	18	24	
78	21	17	16	
79	21	17	16	
80	21	17	16	
81	21	17	16	
82	21	17	16	
83	21	17	16	
84	21	17	16	
85	21	17	16	
86	28	17	15	
87	28	17	15	
88	28	17	15	
89	28	17	15	
90	27	34	20	
91	27	34	20	
92	27	34	20	
93	27	34	20	
94	27	34	20	
95	27	34	20	
96	27	34	20	
97	27	34	20	
98	15	16	18	
99	15	16	18	
100	15	16	18	
101	15	16	18	
102	15	16	18	
103	15	16	18	
104	15	16	18	
105	15	16	18	
106	15	16	18	
107	15	16	18	
108	15	16	18	
109	15	16	18	
110	15	16	18	
111	15	16	18	
112	15	16	18	
113	15	16	18	
114	15	16	18	
115	15	16	18	
116	13	48	34	
117	36	29	34	
118	36	29	34	
119	36	29	34	
120	36	29	34	
121	36	29	34	
122	36	29	34	
123	36	29	34	
124	36	29	34	
125	36	29	34	
126	36	29	34	
127	36	29	34	
128	36	29	34	
129	15	16	21	
130	15	16	21	
131	35	48	16	
132	35	48	16	
133	35	48	16	
134	35	48	16	
135	35	48	16	
136	35	48	16	
137	35	48	16	
138	35	48	16	
139	35	48	16	
140	35	48	16	
141	35	48	16	
142	35	48	16	
143	35	48	16	
144	35	48	16	
145	35	48	16	
146	35	48	16	
147	35	48	16	
148	35	48	16	
149	35	48	16	
150	35	48	16	
151	35	48	16	
152	35	48	16	
153	35	48	16	
154	35	48	16	
155	35	48	16	
156	35	48	16	
157	35	48	16	
158	35	48	16	
159	35	48	16	
160	35	48	16	
161	30	13	11	
162	30	13	11	
163	30	13	11	
164	30	13	11	
165	30	13	11	
166	30	13	11	
167	24	23	18	
168	24	23	18	
169	24	23	18	
170	24	23	18	
171	24	23	18	
172	24	23	18	
173	24	23	18	
174	24	23	18	
175	24	23	18	
176	24	23	18	
177	24	23	18	
178	24	23	18	
179	24	23	18	
180	24	23	18	
181	24	23	18	
182	24	23	18	
183	24	23	18	
184	24	23	18	
185	24	23	18	
186	24	23	18	
187	24	23	18	
188	24	23	18	
189	24	23	18	
190	24	23	18	
191	24	23	18	
192	24	23	18	
193	24	23	18	
194	24	23	18	
195	24	23	18	
196	24	23	18	
197	60	23	25	
198	60	23	25	
199	60	23	25	
200	60	23	25	
201	26	14	21	
202	26	14	21	
203	26	14	21	
204	18	15	19	
205	15	16	18	
206	15	16	18	
207	15	16	18	
208	15	16	18	
209	15	16	18	
210	15	16	18	
211	15	16	18	
212	15	16	18	
213	15	16	18	
214	15	16	18	
215	15	16	18	
216	15	16	18	
217	15	16	18	
218	15	16	18	
219	15	16	18	
220	15	16	18	
221	15	16	18	
222	15	16	18	
223	14	25	29	
224	15	23	25	
225	12	25	26	
226	12	25	26	
227	12	25	26	
228	12	16	41	
229	12	16	41	
230	18	39	56	
231	18	39	56	
232	18	39	56	
233	18	39	56	
234	18	39	56	
235	18	39	56	
236	18	39	56	
237	18	39	56	
238	18	39	56	
239	18	39	56	
240	18	39	56	
241	18	39	56	
242	15	19	18	
243	15	19	18	
244	15	19	18	
245	15	19	18	
246	15	19	18	
247	15	19	18	
248	15	19	18	
249	15	19	18	
250	15	19	18	
251	15	19	18	
252	15	19	18	
253	15	19	18	
254	15	19	18	
255	15	19	18	
256	32	13	45	
257	32	13	45	
258	32	13	45	
259	32	13	45	
260	32	13	45	
261	32	13	45	
262	32	13	45	
263	32	13	45	
264	32	13	45	
265	34	26	29	
266	34	26	29	
267	34	26	29	
268	35	48	16	
269	35	48	16	
270	35	48	16	
271	35	48	16	
272	35	48	16	
273	35	48	16	
274	35	48	16	
275	35	48	16	
276	35	48	16	
277	35	48	16	
278	35	48	16	
279	35	48	16	
280	35	48	16	
281	35	48	16	
282	35	48	16	
283	35	48	16	
284	35	48	16	
285	35	48	16	
286	35	48	16	
287	35	48	16	
288	35	48	16	
289	35	48	16	
290	35	48	16	
291	35	48	16	
292	35	48	16	
293	35	48	16	
294	35	48	16	
295	35	48	16	
296	35	48	16	
297	35	48	16	
298	30	11	13	
299	30	11	13	
300	30	11	13	
301	19	11	14	
302	19	11	14	
303	19	11	14	
304	19	11	14	
305	14	13	20	
306	14	13	20	
307	14	13	20	
308	13	11	16	
309	17	13	15	
310	17	13	15	
311	17	13	15	
312	13	11	30	
313	21	13	30	
314	21	13	30	
315	21	13	30	
316	21	13	30	
317	21	13	30	
318	15	16	18	
319	15	16	18	
320	15	16	18	
321	15	16	18	
322	15	16	18	
323	15	16	18	
324	15	16	18	
325	15	16	18	
326	15	16	18	
327	15	16	18	
328	15	16	18	
329	15	16	18	
330	15	16	18	
331	15	16	18	
332	15	16	18	
333	15	16	18	
334	15	16	18	
335	15	16	18	
336	13	31	25	
337	12	39	50	
338	12	39	50	
339	12	39	50	
340	2	2	3	
341	36	14	44	
342	36	14	44	
343	36	14	44	
344	36	14	44	
345	36	14	44	
346	36	14	44	
347	36	14	44	
348	36	14	44	
349	36	14	44	
350	36	14	44	
351	36	14	44	
352	36	14	44	
353	36	14	44	
354	36	14	44	
355	36	14	44	
356	36	14	44	
357	36	14	44	
358	36	14	44	
359	36	14	44	
360	36	14	44	
361	36	14	44	
362	26	24	28	
363	26	24	28	
364	26	24	28	
365	26	24	28	
366	48	35	16	
367	48	35	16	
368	48	35	16	
369	48	35	16	
370	48	35	16	
371	48	35	16	
372	48	35	16	
373	48	35	16	
374	48	35	16	
375	48	35	16	
376	48	35	16	
377	48	35	16	
378	48	35	16	
379	48	35	16	
380	48	35	16	
381	48	35	16	
382	48	35	16	
383	48	35	16	
384	48	35	16	
385	48	35	16	
386	34	29	37	
387	34	29	37	
388	34	29	37	
389	34	29	37	
390	34	29	37	
391	34	29	37	
392	34	29	37	
393	34	29	37	
394	19	22	11	
395	19	22	11	
396	19	22	11	
397	36	34	29	
398	36	34	29	
399	36	34	29	
400	36	34	29	
401	36	34	29	
402	36	34	29	
403	36	34	29	
404	36	34	29	
405	36	34	29	
406	36	34	29	
407	17	13	15	
408	17	13	15	
409	17	13	15	
410	17	13	15	
411	17	13	15	
412	17	13	15	
413	17	13	15	
414	17	13	15	
415	17	13	15	
416	17	13	15	
417	13	32	45	
418	13	32	45	
419	13	32	45	
420	13	31	25	
421	17	38	58	
422	17	38	58	
423	17	38	58	
424	17	38	58	
425	17	38	58	
426	17	38	58	
427	17	38	58	
428	17	38	58	
429	17	38	58	
430	17	38	58	
431	17	38	58	
432	17	38	58	
433	17	38	58	
434	17	38	58	
435	17	58	38	
436	17	58	38	
437	17	58	38	
438	17	58	38	
439	17	58	38	
440	17	58	38	
441	17	58	38	
442	17	58	38	
443	17	58	38	
444	17	58	38	
445	17	58	38	
446	17	58	38	
447	17	58	38	
448	17	58	38	
449	20	19	26	
450	20	19	26	
451	20	19	26	
452	20	23	25	
453	20	23	25	
454	20	23	25	
455	20	23	25	
456	20	23	25	
457	20	23	25	
458	17	18	20	
459	17	18	20	
460	17	18	20	
461	17	18	20	
462	17	18	20	
463	17	18	20	
464	17	18	20	
465	17	18	19	
466	17	18	19	
467	17	18	19	
468	17	18	19	
469	17	18	19	
470	17	18	19	
471	17	18	19	
472	30	29	26	
473	30	29	26	
474	26	23	45	
475	26	23	45	
476	26	23	45	
477	39	18	56	
478	39	18	56	
479	39	18	56	
480	23	23	17	
481	23	23	17	
482	23	23	17	
483	23	23	17	
484	23	23	17	
485	23	23	17	
486	23	23	17	
487	23	23	17	
488	23	23	17	
489	23	23	17	
490	23	23	17	
491	23	23	17	
492	23	23	17	
493	23	23	17	
494	23	23	17	
495	23	23	17	
496	23	23	17	
497	23	23	17	
498	23	23	17	
499	23	23	17	
500	23	23	17	
501	23	23	17	
502	23	23	17	
503	23	23	17	
504	23	23	17	
505	23	23	17	
506	23	23	17	
507	23	23	17	
508	45	23	14	
509	20	19	26	
510	20	19	26	
511	20	19	26	
512	14	19	26	
513	14	19	26	
514	14	19	26	
515	45	23	14	
516	33	45	26	
517	12	13	26	
518	22	11	13	
519	22	11	13	
520	17	38	58	
521	17	38	58	
522	17	38	58	
523	17	38	58	
524	17	38	58	
525	17	38	58	
526	17	38	58	
527	17	38	58	
528	17	38	58	
529	17	38	58	
530	17	38	58	
531	17	38	58	
532	17	38	58	
533	17	38	58	
534	17	58	38	
535	17	58	38	
536	17	58	38	
537	17	58	38	
538	17	58	38	
539	17	58	38	
540	17	58	38	
541	17	58	38	
542	17	58	38	
543	17	58	38	
544	17	58	38	
545	17	58	38	
546	17	58	38	
547	17	58	38	
548	20	19	26	
549	20	19	26	
550	20	19	26	
551	20	23	25	
552	20	23	25	
553	20	23	25	
554	20	23	25	
555	20	23	25	
556	20	23	25	
557	17	18	20	
558	17	18	20	
559	17	18	20	
560	17	18	20	
561	17	18	20	
562	17	18	20	
563	17	18	20	
564	17	18	19	
565	17	18	19	
566	17	18	19	
567	17	18	19	
568	17	18	19	
569	17	18	19	
570	17	18	19	
571	30	29	26	
572	30	29	26	
573	26	23	45	
574	26	23	45	
575	26	23	45	
576	39	18	56	
577	39	18	56	
578	39	18	56	
579	23	23	17	
580	23	23	17	
581	23	23	17	
582	23	23	17	
583	23	23	17	
584	23	23	17	
585	23	23	17	
586	23	23	17	
587	23	23	17	
588	23	23	17	
589	23	23	17	
590	23	23	17	
591	23	23	17	
592	23	23	17	
593	23	23	17	
594	23	23	17	
595	23	23	17	
596	23	23	17	
597	23	23	17	
598	23	23	17	
599	23	23	17	
600	23	23	17	
601	23	23	17	
602	23	23	17	
603	23	23	17	
604	23	23	17	
605	23	23	17	
606	23	23	17	
607	45	23	14	
608	20	19	26	
609	20	19	26	
610	20	19	26	
611	14	19	26	
612	14	19	26	
613	14	19	26	
614	45	23	14	
615	33	45	26	
616	12	13	26	
617	22	11	13	
618	22	11	13	
619	34	37	29	
620	34	37	29	
621	34	37	29	
622	34	37	29	
623	34	37	29	
624	34	37	29	
625	20	26	50	
626	20	26	50	
627	20	26	50	
628	20	26	50	
629	20	26	50	
630	20	26	50	
631	17	38	58	
632	17	38	58	
633	17	38	58	
634	17	38	58	
635	17	38	58	
636	17	38	58	
637	17	38	58	
638	17	38	58	
639	17	38	58	
640	17	38	58	
641	17	38	58	
642	17	38	58	
643	29	34	37	
644	29	34	37	
645	29	34	37	
646	29	34	37	
647	29	34	37	
648	29	34	37	
649	29	34	37	
650	29	34	37	
651	29	34	37	
652	20	15	19	
653	20	15	19	
654	20	15	19	
655	20	15	19	
656	20	15	19	
657	20	15	19	
658	20	15	19	
659	20	15	19	
660	20	19	15	
661	20	19	15	
662	20	19	15	
663	20	19	15	
664	20	19	15	
665	20	19	15	
666	20	19	15	
667	20	19	15	
668	20	19	15	
669	20	19	15	
670	29	22	37	
671	29	22	37	
672	29	22	37	
673	29	22	37	
674	29	22	37	
675	29	22	37	
676	29	22	37	
677	29	22	37	
678	23	16	11	
679	23	16	11	
680	15	18	19	
681	15	18	19	
682	15	18	19	
683	15	18	19	
684	15	18	19	
685	15	18	19	
686	15	18	19	
687	15	18	19	
688	15	18	19	
689	15	18	19	
690	15	18	19	
691	15	18	19	
692	19	25	24	
693	19	25	24	
694	19	25	24	
695	19	25	24	
696	19	25	24	
697	19	25	24	
698	19	22	11	
699	16	35	48	
700	16	35	48	
701	16	35	48	
702	16	35	48	
703	16	35	48	
704	16	35	48	
705	15	16	15	
706	15	16	15	
707	15	16	15	
708	15	16	15	
709	17	38	56	
710	17	38	56	
711	17	38	56	
712	17	38	56	
713	17	38	56	
714	17	38	56	
715	17	38	56	
716	17	38	56	
717	17	38	56	
718	17	38	56	
719	17	38	56	
720	17	38	56	
721	17	38	56	
722	17	38	56	
723	41	23	62	
724	41	23	62	
725	29	37	34	
726	29	37	34	
727	29	37	34	
728	29	37	34	
729	29	37	34	
730	29	37	34	
731	29	37	34	
732	29	37	34	
733	29	37	34	
734	29	37	34	
735	29	37	34	
736	29	37	34	
737	17	38	56	
738	17	38	56	
739	17	38	56	
740	17	38	56	
741	17	38	56	
742	17	38	56	
743	17	38	56	
744	22	23	24	
745	22	23	24	
746	22	23	24	
747	22	23	24	
748	23	18	24	
749	23	18	24	
750	23	18	24	
751	23	18	24	
752	60	23	25	
753	20	23	23	
754	20	23	23	
755	20	23	23	
756	25	23	46	
757	23	38	24	
758	23	38	24	
759	18	19	15	
760	18	19	15	
761	18	19	15	
762	18	19	15	
763	18	19	15	
764	18	19	15	
765	18	19	15	
766	18	19	15	
767	18	19	15	
768	18	19	15	
769	18	19	15	
770	18	19	15	
771	18	19	15	
772	18	19	15	
773	18	19	15	
774	18	19	15	
775	15	19	18	
776	15	19	18	
777	15	19	18	
778	15	19	18	
779	15	19	18	
780	15	19	18	
781	38	24	22	
782	26	23	45	
783	34	24	25	
784	33	24	41	
785	26	22	24	
786	26	22	24	
787	26	22	24	
788	23	38	18	
789	17	38	56	
790	17	38	56	
791	17	38	56	
792	17	38	56	
793	17	38	56	
794	17	38	56	
795	17	38	56	
796	17	38	56	
797	17	38	56	
798	17	38	56	
799	17	38	56	
800	17	38	56	
801	17	38	56	
802	17	38	56	
803	41	23	62	
804	41	23	62	
805	29	37	34	
806	29	37	34	
807	29	37	34	
808	29	37	34	
809	29	37	34	
810	29	37	34	
811	29	37	34	
812	29	37	34	
813	29	37	34	
814	29	37	34	
815	29	37	34	
816	29	37	34	
817	17	38	56	
818	17	38	56	
819	17	38	56	
820	17	38	56	
821	17	38	56	
822	17	38	56	
823	17	38	56	
824	22	23	24	
825	22	23	24	
826	22	23	24	
827	22	23	24	
828	23	18	24	
829	23	18	24	
830	23	18	24	
831	23	18	24	
832	60	23	25	
833	20	23	23	
834	20	23	23	
835	20	23	23	
836	25	23	46	
837	23	38	24	
838	23	38	24	
839	18	19	15	
840	18	19	15	
841	18	19	15	
842	18	19	15	
843	18	19	15	
844	18	19	15	
845	18	19	15	
846	18	19	15	
847	18	19	15	
848	18	19	15	
849	18	19	15	
850	18	19	15	
851	18	19	15	
852	18	19	15	
853	18	19	15	
854	18	19	15	
855	15	19	18	
856	15	19	18	
857	15	19	18	
858	15	19	18	
859	15	19	18	
860	15	19	18	
861	38	24	22	
862	26	23	45	
863	34	24	25	
864	33	24	41	
865	26	22	24	
866	26	22	24	
867	26	22	24	
868	23	38	18	
869	17	38	56	
870	17	38	56	
871	14	36	44	
872	38	56	17	
873	38	56	17	
874	38	56	17	
875	38	56	17	
876	38	56	17	
877	38	56	17	
878	38	56	17	
879	38	56	17	
880	38	56	17	
881	38	56	17	
882	38	56	17	
883	38	56	17	
884	38	56	17	
885	38	56	17	
886	38	56	17	
887	38	56	17	
888	38	56	17	
889	38	56	17	
890	38	56	17	
891	38	56	17	
892	38	56	17	
893	38	56	17	
894	38	56	17	
895	38	56	17	
896	38	56	17	
897	38	56	17	
898	38	56	17	
899	17	38	56	
900	17	38	56	
901	17	38	56	
902	17	38	56	
903	17	38	56	
904	17	38	56	
905	17	38	56	
906	17	38	56	
907	17	38	56	
908	17	38	56	
909	17	38	56	
910	17	38	56	
911	29	37	34	
912	56	18	39	
913	56	18	39	
914	17	30	17	
915	16	30	22	
0	1	2	3	4	5	6	7	8	9	10	11	12	13	14	15	16	17	18	19	20	21	22	23	24	25	26	27	28	29	30	31	32	33	34	35	36	37	38	39	40	41	42	43	44	45	46	47	48	49	50	51	52	53	54	55	56	57	58	59	60	61	62	63	64	65	66	67	68	69	70	71	72	73	74	75	76	77	78	79	80	81	82	83	84	85	86	87	88	89	90	91	92	93	94	95	96	97	98	99	100	101	102	103	104	105	106	107	108	109	110	111	112	113	114	115	116	117	118	119	120	121	122	123	124	125	126	127	128	129	130	131	132	133	134	135	136	137	138	139	140	141	142	143	144	145	146	147	148	149	150	151	152	153	154	155	156	157	158	159	160	161	162	163	164	165	166	167	168	169	170	171	172	173	174	175	176	177	178	179	180	181	182	183	184	185	186	187	188	189	190	191	192	193	194	195	196	197	198	199	200	201	202	203	204	205	206	207	208	209	210	211	212	213	214	215	216	217	218	219	220	221	222	223	224	225	226	227	228	229	230	231	232	233	234	235	236	237	238	239	240	241	242	243	244	245	246	247	248	249	250	251	252	253	254	255	256	257	258	259	260	261	262	263	264	265	266	267	268	269	270	271	272	273	274	275	276	277	278	279	280	281	282	283	284	285	286	287	288	289	290	291	292	293	294	295	296	297	298	299	300	301	302	303	304	305	306	307	308	309	310	311	312	313	314	315	316	317	318	319	320	321	322	323	324	325	326	327	328	329	330	331	332	333	334	335	336	337	338	339	340	341	342	343	344	345	346	347	348	349	350	351	352	353	354	355	356	357	358	359	360	361	362	363	364	365	366	367	368	369	370	371	372	373	374	375	376	377	378	379	380	381	382	383	384	385	386	387	388	389	390	391	392	393	394	395	396	397	398	399	400	401	402	403	404	405	406	407	408	409	410	411	412	413	414	415	416	417	418	419	420	421	422	423	424	425	426	427	428	429	430	431	432	433	434	435	436	437	438	439	440	441	442	443	444	445	446	447	448	449	450	451	452	453	454	455	456	457	458	459	460	461	462	463	464	465	466	467	468	469	470	471	472	473	474	475	476	477	478	479	480	481	482	483	484	485	486	487	488	489	490	491	492	493	494	495	496	497	498	499	500	501	502	503	504	505	506	507	508	509	510	511	512	513	514	515	516	517	518	519	520	521	522	523	524	525	526	527	528	529	530	531	532	533	534	535	536	537	538	539	540	541	542	543	544	545	546	547	548	549	550	551	552	553	554	555	556	557	558	559	560	561	562	563	564	565	566	567	568	569	570	571	572	573	574	575	576	577	578	579	580	581	582	583	584	585	586	587	588	589	590	591	592	593	594	595	596	597	598	599	600	601	602	603	604	605	606	607	608	609	610	611	612	613	614	615	616	617	618	619	620	621	622	623	624	625	626	627	628	629	630	631	632	633	634	635	636	637	638	639	640	641	642	643	644	645	646	647	648	649	650	651	652	653	654	655	656	657	658	659	660	661	662	663	664	665	666	667	668	669	670	671	672	673	674	675	676	677	678	679	680	681	682	683	684	685	686	687	688	689	690	691	692	693	694	695	696	697	698	699	700	701	702	703	704	705	706	707	708	709	710	711	712	713	714	715	716	717	718	719	720	721	722	723	724	725	726	727	728	729	730	731	732	733	734	735	736	737	738	739	740	741	742	743	744	745	746	747	748	749	750	751	752	753	754	755	756	757	758	759	760	761	762	763	764	765	766	767	768	769	770	771	772	773	774	775	776	777	778	779	780	781	782	783	784	785	786	787	788	789	790	791	792	793	794	795	796	797	798	799	800	801	802	803	804	805	806	807	808	809	810	811	812	813	814	815	816	817	818	819	820	821	822	823	824	825	826	827	828	829	830	831	832	833	834	835	836	837	838	839	840	841	842	843	844	845	846	847	848	849	850	851	852	853	854	855	856	857	858	859	860	861	862	863	864	865	866	867	868	869	870	871	872	873	874	875	876	877	878	879	880	881	882	883	884	885	886	887	888	889	890	891	892	893	894	895	896	897	898	899	900	901	902	903	904	905	906	907	908	909	910	911	912	913	914	915	
