1008
120	100	160
0	24	30	10	
1	24	30	10	
2	24	30	10	
3	24	30	10	
4	24	30	10	
5	24	30	10	
6	24	30	10	
7	24	30	10	
8	24	30	10	
9	24	30	10	
10	24	30	10	
11	24	30	10	
12	24	30	10	
13	24	30	10	
14	24	30	10	
15	24	30	10	
16	24	30	10	
17	24	30	10	
18	24	30	10	
19	24	30	10	
20	24	30	10	
21	24	30	10	
22	24	30	10	
23	24	30	10	
24	24	30	10	
25	24	30	10	
26	24	30	10	
27	24	30	10	
28	24	30	10	
29	24	30	10	
30	24	30	10	
31	24	30	10	
32	24	30	10	
33	24	30	10	
34	24	30	10	
35	24	30	10	
36	24	30	10	
37	24	30	10	
38	24	30	10	
39	24	30	10	
40	24	30	10	
41	24	30	10	
42	24	30	10	
43	24	30	10	
44	24	30	10	
45	24	30	10	
46	24	30	10	
47	24	30	10	
48	24	30	10	
49	24	30	10	
50	24	30	10	
51	24	30	10	
52	24	30	10	
53	24	30	10	
54	24	30	10	
55	24	30	10	
56	24	30	10	
57	24	30	10	
58	24	30	10	
59	24	30	10	
60	24	30	10	
61	24	30	10	
62	24	30	10	
63	24	30	10	
64	24	30	10	
65	24	30	10	
66	24	30	10	
67	24	30	10	
68	24	30	10	
69	24	30	10	
70	24	30	10	
71	24	30	10	
72	24	30	10	
73	24	30	10	
74	24	30	10	
75	24	30	10	
76	24	30	10	
77	24	30	10	
78	24	30	10	
79	24	30	10	
80	48	35	16	
81	48	35	16	
82	48	35	16	
83	48	35	16	
84	48	35	16	
85	48	35	16	
86	48	35	16	
87	48	35	16	
88	48	35	16	
89	48	35	16	
90	48	35	16	
91	48	35	16	
92	48	35	16	
93	48	35	16	
94	48	35	16	
95	48	35	16	
96	48	35	16	
97	48	35	16	
98	48	35	16	
99	48	35	16	
100	48	35	16	
101	48	35	16	
102	48	35	16	
103	48	35	16	
104	48	35	16	
105	48	35	16	
106	48	35	16	
107	48	35	16	
108	48	35	16	
109	48	35	16	
110	48	35	16	
111	48	35	16	
112	48	35	16	
113	48	35	16	
114	48	35	16	
115	48	35	16	
116	48	35	16	
117	48	35	16	
118	48	35	16	
119	48	35	16	
120	24	30	10	
121	24	30	10	
122	24	30	10	
123	24	30	10	
124	24	30	10	
125	24	30	10	
126	24	30	10	
127	24	30	10	
128	24	30	10	
129	24	30	10	
130	24	30	10	
131	24	30	10	
132	24	30	10	
133	24	30	10	
134	24	30	10	
135	24	30	10	
136	24	40	60	
137	24	40	60	
138	24	40	33	
139	24	34	31	
140	24	34	31	
141	24	34	31	
142	24	34	31	
143	24	34	31	
144	24	34	31	
145	24	34	31	
146	24	34	31	
147	24	34	31	
148	24	34	31	
149	24	34	31	
150	24	34	31	
151	24	34	31	
152	24	34	31	
153	24	34	31	
154	24	34	31	
155	24	34	31	
156	24	34	31	
157	24	34	31	
158	24	34	31	
159	24	34	31	
160	24	34	31	
161	24	34	31	
162	24	34	31	
163	24	34	31	
164	17	39	58	
165	17	39	58	
166	17	39	58	
167	17	39	58	
168	17	39	58	
169	17	39	58	
170	17	39	58	
171	17	39	58	
172	17	39	58	
173	17	39	58	
174	17	39	58	
175	17	39	58	
176	17	39	58	
177	17	39	58	
178	30	27	49	
179	30	27	49	
180	30	27	49	
181	30	27	49	
182	30	27	49	
183	30	27	49	
184	30	27	49	
185	30	27	49	
186	30	27	49	
187	30	27	49	
188	30	27	49	
189	30	27	49	
190	30	21	13	
191	30	21	13	
192	30	21	13	
193	30	21	13	
194	17	15	22	
195	17	15	22	
196	17	15	22	
197	17	15	22	
198	17	15	22	
199	17	15	22	
200	17	15	22	
201	17	15	22	
202	17	15	22	
203	17	15	22	
204	17	15	22	
205	17	15	22	
206	17	15	22	
207	17	15	22	
208	26	24	22	
209	26	24	22	
210	26	24	22	
211	26	24	22	
212	26	24	22	
213	26	24	22	
214	26	24	22	
215	26	24	22	
216	15	17	22	
217	15	17	22	
218	24	34	31	
219	24	34	31	
220	24	34	31	
221	24	34	31	
222	24	34	31	
223	24	34	31	
224	24	34	31	
225	24	34	31	
226	24	34	31	
227	24	34	31	
228	24	34	31	
229	24	34	31	
230	24	34	31	
231	24	34	31	
232	24	34	31	
233	24	34	31	
234	24	34	31	
235	24	34	31	
236	24	34	31	
237	24	34	31	
238	24	34	31	
239	24	34	31	
240	24	34	31	
241	24	34	31	
242	24	34	31	
243	17	39	58	
244	17	39	58	
245	17	39	58	
246	17	39	58	
247	17	39	58	
248	17	39	58	
249	17	39	58	
250	17	39	58	
251	17	39	58	
252	17	39	58	
253	17	39	58	
254	17	39	58	
255	17	39	58	
256	17	39	58	
257	30	27	49	
258	30	27	49	
259	30	27	49	
260	30	27	49	
261	30	27	49	
262	30	27	49	
263	30	27	49	
264	30	27	49	
265	30	27	49	
266	30	27	49	
267	30	27	49	
268	30	27	49	
269	30	21	13	
270	30	21	13	
271	30	21	13	
272	30	21	13	
273	17	15	22	
274	17	15	22	
275	17	15	22	
276	17	15	22	
277	17	15	22	
278	17	15	22	
279	17	15	22	
280	17	15	22	
281	17	15	22	
282	17	15	22	
283	17	15	22	
284	17	15	22	
285	17	15	22	
286	17	15	22	
287	26	24	22	
288	26	24	22	
289	26	24	22	
290	26	24	22	
291	26	24	22	
292	26	24	22	
293	26	24	22	
294	26	24	22	
295	15	17	22	
296	15	17	22	
297	35	48	16	
298	35	48	16	
299	35	48	16	
300	35	48	16	
301	35	48	16	
302	35	48	16	
303	35	48	16	
304	35	48	16	
305	35	48	16	
306	35	48	16	
307	35	48	16	
308	35	48	16	
309	35	48	16	
310	35	48	16	
311	35	48	16	
312	35	48	16	
313	35	48	16	
314	35	48	16	
315	35	48	16	
316	35	48	16	
317	35	48	16	
318	35	48	16	
319	35	48	16	
320	35	48	16	
321	35	48	16	
322	35	48	16	
323	35	48	16	
324	35	48	16	
325	35	48	16	
326	35	48	16	
327	31	34	24	
328	31	34	24	
329	31	34	24	
330	31	34	24	
331	31	34	24	
332	31	34	24	
333	31	34	24	
334	31	34	24	
335	31	34	24	
336	31	34	24	
337	31	34	24	
338	31	34	24	
339	31	34	24	
340	31	34	24	
341	31	34	24	
342	31	34	24	
343	31	34	24	
344	31	34	24	
345	23	18	24	
346	23	18	24	
347	23	18	24	
348	23	18	24	
349	23	18	24	
350	23	18	24	
351	23	18	24	
352	23	18	24	
353	23	18	24	
354	23	18	24	
355	23	18	24	
356	23	18	24	
357	23	18	24	
358	23	18	24	
359	23	18	24	
360	23	18	24	
361	23	18	24	
362	23	18	24	
363	23	18	24	
364	23	18	24	
365	23	18	24	
366	23	18	24	
367	23	18	24	
368	23	18	24	
369	23	18	24	
370	23	18	24	
371	23	18	24	
372	23	18	24	
373	23	18	24	
374	23	18	24	
375	21	17	16	
376	21	17	16	
377	21	17	16	
378	21	17	16	
379	21	17	16	
380	21	17	16	
381	21	17	16	
382	21	17	16	
383	28	17	15	
384	28	17	15	
385	28	17	15	
386	28	17	15	
387	27	34	20	
388	27	34	20	
389	27	34	20	
390	27	34	20	
391	27	34	20	
392	27	34	20	
393	27	34	20	
394	27	34	20	
395	15	16	18	
396	15	16	18	
397	15	16	18	
398	15	16	18	
399	15	16	18	
400	15	16	18	
401	15	16	18	
402	15	16	18	
403	15	16	18	
404	15	16	18	
405	15	16	18	
406	15	16	18	
407	15	16	18	
408	15	16	18	
409	15	16	18	
410	15	16	18	
411	15	16	18	
412	15	16	18	
413	13	48	34	
414	35	48	16	
415	35	48	16	
416	35	48	16	
417	35	48	16	
418	35	48	16	
419	35	48	16	
420	35	48	16	
421	35	48	16	
422	35	48	16	
423	35	48	16	
424	35	48	16	
425	35	48	16	
426	35	48	16	
427	35	48	16	
428	35	48	16	
429	35	48	16	
430	35	48	16	
431	35	48	16	
432	35	48	16	
433	35	48	16	
434	35	48	16	
435	35	48	16	
436	35	48	16	
437	35	48	16	
438	35	48	16	
439	35	48	16	
440	35	48	16	
441	35	48	16	
442	35	48	16	
443	35	48	16	
444	31	34	24	
445	31	34	24	
446	31	34	24	
447	31	34	24	
448	31	34	24	
449	31	34	24	
450	31	34	24	
451	31	34	24	
452	31	34	24	
453	31	34	24	
454	31	34	24	
455	31	34	24	
456	31	34	24	
457	31	34	24	
458	31	34	24	
459	31	34	24	
460	31	34	24	
461	31	34	24	
462	23	18	24	
463	23	18	24	
464	23	18	24	
465	23	18	24	
466	23	18	24	
467	23	18	24	
468	23	18	24	
469	23	18	24	
470	23	18	24	
471	23	18	24	
472	23	18	24	
473	23	18	24	
474	23	18	24	
475	23	18	24	
476	23	18	24	
477	23	18	24	
478	23	18	24	
479	23	18	24	
480	23	18	24	
481	23	18	24	
482	23	18	24	
483	23	18	24	
484	23	18	24	
485	23	18	24	
486	23	18	24	
487	23	18	24	
488	23	18	24	
489	23	18	24	
490	23	18	24	
491	23	18	24	
492	21	17	16	
493	21	17	16	
494	21	17	16	
495	21	17	16	
496	21	17	16	
497	21	17	16	
498	21	17	16	
499	21	17	16	
500	28	17	15	
501	28	17	15	
502	28	17	15	
503	28	17	15	
504	27	34	20	
505	27	34	20	
506	27	34	20	
507	27	34	20	
508	27	34	20	
509	27	34	20	
510	27	34	20	
511	27	34	20	
512	15	16	18	
513	15	16	18	
514	15	16	18	
515	15	16	18	
516	15	16	18	
517	15	16	18	
518	15	16	18	
519	15	16	18	
520	15	16	18	
521	15	16	18	
522	15	16	18	
523	15	16	18	
524	15	16	18	
525	15	16	18	
526	15	16	18	
527	15	16	18	
528	15	16	18	
529	15	16	18	
530	13	48	34	
531	39	56	18	
532	39	56	18	
533	39	56	18	
534	39	56	18	
535	39	56	18	
536	39	56	18	
537	39	56	18	
538	39	56	18	
539	39	56	18	
540	39	56	18	
541	39	56	18	
542	39	56	18	
543	39	56	18	
544	39	56	18	
545	39	56	18	
546	39	56	18	
547	39	56	18	
548	39	56	18	
549	39	56	18	
550	39	56	18	
551	39	56	18	
552	39	56	18	
553	39	56	18	
554	39	56	18	
555	30	22	16	
556	30	22	16	
557	30	22	16	
558	30	22	16	
559	30	22	16	
560	30	22	16	
561	30	22	16	
562	30	22	16	
563	21	28	16	
564	21	28	16	
565	21	28	16	
566	21	28	16	
567	15	18	16	
568	15	18	16	
569	15	18	16	
570	15	18	16	
571	15	18	16	
572	15	18	16	
573	15	18	16	
574	15	18	16	
575	15	18	16	
576	15	18	16	
577	15	18	16	
578	15	18	16	
579	15	18	16	
580	15	18	16	
581	15	18	16	
582	30	22	16	
583	30	22	16	
584	30	22	16	
585	30	22	16	
586	30	22	16	
587	30	22	16	
588	30	22	16	
589	30	22	16	
590	30	22	16	
591	30	22	16	
592	30	22	16	
593	30	22	16	
594	30	22	16	
595	30	22	16	
596	30	22	16	
597	30	22	16	
598	30	22	16	
599	30	22	16	
600	30	22	16	
601	30	22	16	
602	30	22	16	
603	30	22	16	
604	30	22	16	
605	30	22	16	
606	30	22	16	
607	30	22	16	
608	30	22	16	
609	30	22	16	
610	30	22	16	
611	30	22	16	
612	30	22	16	
613	30	22	16	
614	13	44	32	
615	13	44	32	
616	13	44	32	
617	13	44	32	
618	13	44	32	
619	13	44	32	
620	13	44	32	
621	13	44	32	
622	13	44	32	
623	13	11	22	
624	13	11	22	
625	13	11	22	
626	13	11	22	
627	13	11	22	
628	13	11	22	
629	13	11	22	
630	13	11	22	
631	13	11	22	
632	13	11	22	
633	13	11	22	
634	13	11	22	
635	13	11	22	
636	13	11	22	
637	13	11	22	
638	13	11	22	
639	13	11	22	
640	13	11	22	
641	13	11	22	
642	13	11	22	
643	13	11	22	
644	13	11	22	
645	13	11	22	
646	13	11	22	
647	13	11	22	
648	13	11	22	
649	13	11	22	
650	13	11	22	
651	13	11	22	
652	13	11	22	
653	13	11	22	
654	13	11	22	
655	13	11	22	
656	13	11	22	
657	13	11	22	
658	13	11	22	
659	32	44	25	
660	28	24	26	
661	28	24	26	
662	28	24	26	
663	50	20	26	
664	22	20	25	
665	13	20	16	
666	48	35	16	
667	48	35	16	
668	48	35	16	
669	48	35	16	
670	48	35	16	
671	48	35	16	
672	48	35	16	
673	48	35	16	
674	48	35	16	
675	48	35	16	
676	48	35	16	
677	48	35	16	
678	48	35	16	
679	48	35	16	
680	48	35	16	
681	48	35	16	
682	48	35	16	
683	48	35	16	
684	48	35	16	
685	48	35	16	
686	29	36	34	
687	29	36	34	
688	29	36	34	
689	29	36	34	
690	29	36	34	
691	29	36	34	
692	29	36	34	
693	29	36	34	
694	29	36	34	
695	29	36	34	
696	29	36	34	
697	29	36	34	
698	29	18	20	
699	29	18	20	
700	29	18	20	
701	29	18	20	
702	29	18	20	
703	29	18	20	
704	30	29	26	
705	30	29	26	
706	30	29	26	
707	30	29	26	
708	20	29	18	
709	20	29	18	
710	20	29	18	
711	20	29	18	
712	20	29	18	
713	20	29	18	
714	30	29	26	
715	30	29	26	
716	30	29	26	
717	30	29	26	
718	20	29	24	
719	20	29	24	
720	20	29	24	
721	20	29	24	
722	20	29	24	
723	20	29	24	
724	15	29	22	
725	15	29	22	
726	15	29	22	
727	15	29	22	
728	15	29	22	
729	15	29	22	
730	15	29	22	
731	15	29	22	
732	20	29	11	
733	20	29	11	
734	20	29	11	
735	20	29	11	
736	25	29	17	
737	25	29	17	
738	25	29	17	
739	25	29	17	
740	48	29	27	
741	48	29	27	
742	16	18	15	
743	16	18	15	
744	16	18	15	
745	16	18	15	
746	16	18	15	
747	16	18	15	
748	16	18	15	
749	16	18	15	
750	31	25	13	
751	31	25	13	
752	31	25	13	
753	31	25	13	
754	31	25	13	
755	31	25	13	
756	31	25	13	
757	31	25	13	
758	31	25	13	
759	31	25	13	
760	16	11	23	
761	16	11	23	
762	16	11	23	
763	16	11	23	
764	16	10	13	
765	16	10	13	
766	28	10	24	
767	24	35	32	
768	24	34	31	
769	24	34	31	
770	24	34	31	
771	24	34	31	
772	17	38	58	
773	17	38	58	
774	17	38	58	
775	17	38	58	
776	17	38	58	
777	17	38	58	
778	17	38	58	
779	17	38	58	
780	17	38	58	
781	17	38	58	
782	17	38	58	
783	17	38	58	
784	17	38	58	
785	17	38	58	
786	17	58	38	
787	17	58	38	
788	17	58	38	
789	17	58	38	
790	17	58	38	
791	17	58	38	
792	17	58	38	
793	17	58	38	
794	17	58	38	
795	17	58	38	
796	17	58	38	
797	17	58	38	
798	17	58	38	
799	17	58	38	
800	20	19	26	
801	20	19	26	
802	20	19	26	
803	20	23	25	
804	20	23	25	
805	20	23	25	
806	20	23	25	
807	20	23	25	
808	20	23	25	
809	17	18	20	
810	17	18	20	
811	17	18	20	
812	17	18	20	
813	17	18	20	
814	17	18	20	
815	17	18	20	
816	17	18	19	
817	17	18	19	
818	17	18	19	
819	17	18	19	
820	17	18	19	
821	17	18	19	
822	17	18	19	
823	30	29	26	
824	30	29	26	
825	26	23	45	
826	26	23	45	
827	26	23	45	
828	39	18	56	
829	39	18	56	
830	39	18	56	
831	23	23	17	
832	23	23	17	
833	23	23	17	
834	23	23	17	
835	23	23	17	
836	23	23	17	
837	23	23	17	
838	23	23	17	
839	23	23	17	
840	23	23	17	
841	23	23	17	
842	23	23	17	
843	23	23	17	
844	23	23	17	
845	23	23	17	
846	23	23	17	
847	23	23	17	
848	23	23	17	
849	23	23	17	
850	23	23	17	
851	23	23	17	
852	23	23	17	
853	23	23	17	
854	23	23	17	
855	23	23	17	
856	23	23	17	
857	23	23	17	
858	23	23	17	
859	45	23	14	
860	20	19	26	
861	20	19	26	
862	20	19	26	
863	14	19	26	
864	14	19	26	
865	14	19	26	
866	45	23	14	
867	33	45	26	
868	12	13	26	
869	22	11	13	
870	22	11	13	
871	34	37	29	
872	34	37	29	
873	34	37	29	
874	34	37	29	
875	34	37	29	
876	34	37	29	
877	20	26	50	
878	20	26	50	
879	20	26	50	
880	20	26	50	
881	20	26	50	
882	20	26	50	
883	17	38	58	
884	17	38	58	
885	17	38	58	
886	17	38	58	
887	17	38	58	
888	17	38	58	
889	17	38	58	
890	17	38	58	
891	17	38	58	
892	17	38	58	
893	17	38	58	
894	17	38	58	
895	29	34	37	
896	29	34	37	
897	29	34	37	
898	29	34	37	
899	29	34	37	
900	29	34	37	
901	29	34	37	
902	29	34	37	
903	29	34	37	
904	20	15	19	
905	20	15	19	
906	20	15	19	
907	20	15	19	
908	20	15	19	
909	20	15	19	
910	20	15	19	
911	20	15	19	
912	20	19	15	
913	20	19	15	
914	20	19	15	
915	20	19	15	
916	20	19	15	
917	20	19	15	
918	20	19	15	
919	20	19	15	
920	20	19	15	
921	20	19	15	
922	29	22	37	
923	29	22	37	
924	29	22	37	
925	29	22	37	
926	29	22	37	
927	29	22	37	
928	29	22	37	
929	29	22	37	
930	23	16	11	
931	23	16	11	
932	15	18	19	
933	15	18	19	
934	15	18	19	
935	15	18	19	
936	15	18	19	
937	15	18	19	
938	15	18	19	
939	15	18	19	
940	15	18	19	
941	15	18	19	
942	15	18	19	
943	15	18	19	
944	19	25	24	
945	19	25	24	
946	19	25	24	
947	19	25	24	
948	19	25	24	
949	19	25	24	
950	19	22	11	
951	16	35	48	
952	16	35	48	
953	16	35	48	
954	16	35	48	
955	16	35	48	
956	16	35	48	
957	15	16	15	
958	15	16	15	
959	15	16	15	
960	15	16	15	
961	17	38	56	
962	17	38	56	
963	14	36	44	
964	38	56	17	
965	38	56	17	
966	38	56	17	
967	38	56	17	
968	38	56	17	
969	38	56	17	
970	38	56	17	
971	38	56	17	
972	38	56	17	
973	38	56	17	
974	38	56	17	
975	38	56	17	
976	38	56	17	
977	38	56	17	
978	38	56	17	
979	38	56	17	
980	38	56	17	
981	38	56	17	
982	38	56	17	
983	38	56	17	
984	38	56	17	
985	38	56	17	
986	38	56	17	
987	38	56	17	
988	38	56	17	
989	38	56	17	
990	38	56	17	
991	17	38	56	
992	17	38	56	
993	17	38	56	
994	17	38	56	
995	17	38	56	
996	17	38	56	
997	17	38	56	
998	17	38	56	
999	17	38	56	
1000	17	38	56	
1001	17	38	56	
1002	17	38	56	
1003	29	37	34	
1004	56	18	39	
1005	56	18	39	
1006	17	30	17	
1007	16	30	22	
0	1	2	3	4	5	6	7	8	9	10	11	12	13	14	15	16	17	18	19	20	21	22	23	24	25	26	27	28	29	30	31	32	33	34	35	36	37	38	39	40	41	42	43	44	45	46	47	48	49	50	51	52	53	54	55	56	57	58	59	60	61	62	63	64	65	66	67	68	69	70	71	72	73	74	75	76	77	78	79	80	81	82	83	84	85	86	87	88	89	90	91	92	93	94	95	96	97	98	99	100	101	102	103	104	105	106	107	108	109	110	111	112	113	114	115	116	117	118	119	120	121	122	123	124	125	126	127	128	129	130	131	132	133	134	135	136	137	138	139	140	141	142	143	144	145	146	147	148	149	150	151	152	153	154	155	156	157	158	159	160	161	162	163	164	165	166	167	168	169	170	171	172	173	174	175	176	177	178	179	180	181	182	183	184	185	186	187	188	189	190	191	192	193	194	195	196	197	198	199	200	201	202	203	204	205	206	207	208	209	210	211	212	213	214	215	216	217	218	219	220	221	222	223	224	225	226	227	228	229	230	231	232	233	234	235	236	237	238	239	240	241	242	243	244	245	246	247	248	249	250	251	252	253	254	255	256	257	258	259	260	261	262	263	264	265	266	267	268	269	270	271	272	273	274	275	276	277	278	279	280	281	282	283	284	285	286	287	288	289	290	291	292	293	294	295	296	297	298	299	300	301	302	303	304	305	306	307	308	309	310	311	312	313	314	315	316	317	318	319	320	321	322	323	324	325	326	327	328	329	330	331	332	333	334	335	336	337	338	339	340	341	342	343	344	345	346	347	348	349	350	351	352	353	354	355	356	357	358	359	360	361	362	363	364	365	366	367	368	369	370	371	372	373	374	375	376	377	378	379	380	381	382	383	384	385	386	387	388	389	390	391	392	393	394	395	396	397	398	399	400	401	402	403	404	405	406	407	408	409	410	411	412	413	414	415	416	417	418	419	420	421	422	423	424	425	426	427	428	429	430	431	432	433	434	435	436	437	438	439	440	441	442	443	444	445	446	447	448	449	450	451	452	453	454	455	456	457	458	459	460	461	462	463	464	465	466	467	468	469	470	471	472	473	474	475	476	477	478	479	480	481	482	483	484	485	486	487	488	489	490	491	492	493	494	495	496	497	498	499	500	501	502	503	504	505	506	507	508	509	510	511	512	513	514	515	516	517	518	519	520	521	522	523	524	525	526	527	528	529	530	531	532	533	534	535	536	537	538	539	540	541	542	543	544	545	546	547	548	549	550	551	552	553	554	555	556	557	558	559	560	561	562	563	564	565	566	567	568	569	570	571	572	573	574	575	576	577	578	579	580	581	582	583	584	585	586	587	588	589	590	591	592	593	594	595	596	597	598	599	600	601	602	603	604	605	606	607	608	609	610	611	612	613	614	615	616	617	618	619	620	621	622	623	624	625	626	627	628	629	630	631	632	633	634	635	636	637	638	639	640	641	642	643	644	645	646	647	648	649	650	651	652	653	654	655	656	657	658	659	660	661	662	663	664	665	666	667	668	669	670	671	672	673	674	675	676	677	678	679	680	681	682	683	684	685	686	687	688	689	690	691	692	693	694	695	696	697	698	699	700	701	702	703	704	705	706	707	708	709	710	711	712	713	714	715	716	717	718	719	720	721	722	723	724	725	726	727	728	729	730	731	732	733	734	735	736	737	738	739	740	741	742	743	744	745	746	747	748	749	750	751	752	753	754	755	756	757	758	759	760	761	762	763	764	765	766	767	768	769	770	771	772	773	774	775	776	777	778	779	780	781	782	783	784	785	786	787	788	789	790	791	792	793	794	795	796	797	798	799	800	801	802	803	804	805	806	807	808	809	810	811	812	813	814	815	816	817	818	819	820	821	822	823	824	825	826	827	828	829	830	831	832	833	834	835	836	837	838	839	840	841	842	843	844	845	846	847	848	849	850	851	852	853	854	855	856	857	858	859	860	861	862	863	864	865	866	867	868	869	870	871	872	873	874	875	876	877	878	879	880	881	882	883	884	885	886	887	888	889	890	891	892	893	894	895	896	897	898	899	900	901	902	903	904	905	906	907	908	909	910	911	912	913	914	915	916	917	918	919	920	921	922	923	924	925	926	927	928	929	930	931	932	933	934	935	936	937	938	939	940	941	942	943	944	945	946	947	948	949	950	951	952	953	954	955	956	957	958	959	960	961	962	963	964	965	966	967	968	969	970	971	972	973	974	975	976	977	978	979	980	981	982	983	984	985	986	987	988	989	990	991	992	993	994	995	996	997	998	999	1000	1001	1002	1003	1004	1005	1006	1007	
