837
120	100	160
0	40	52	16	
1	40	52	16	
2	40	52	16	
3	40	52	16	
4	40	52	16	
5	40	52	16	
6	40	52	16	
7	40	52	16	
8	40	52	16	
9	40	52	16	
10	40	52	16	
11	40	52	16	
12	40	52	16	
13	40	52	16	
14	40	52	16	
15	40	52	16	
16	40	52	16	
17	40	52	16	
18	40	52	16	
19	40	52	16	
20	40	52	16	
21	40	52	16	
22	40	52	16	
23	40	52	16	
24	40	52	16	
25	40	52	16	
26	40	52	16	
27	40	52	16	
28	40	52	16	
29	40	52	16	
30	34	48	16	
31	34	48	16	
32	34	48	16	
33	34	48	16	
34	34	48	16	
35	34	48	16	
36	34	48	16	
37	34	48	16	
38	34	48	16	
39	34	48	16	
40	34	48	16	
41	34	48	16	
42	34	48	16	
43	34	48	16	
44	34	48	16	
45	34	48	16	
46	34	48	16	
47	34	48	16	
48	34	48	16	
49	34	48	16	
50	34	48	16	
51	34	48	16	
52	34	48	16	
53	34	48	16	
54	34	48	16	
55	34	48	16	
56	34	48	16	
57	34	48	16	
58	34	48	16	
59	34	48	16	
60	18	23	24	
61	18	23	24	
62	18	23	24	
63	18	23	24	
64	18	23	24	
65	18	23	24	
66	18	23	24	
67	18	23	24	
68	18	23	24	
69	18	23	24	
70	18	23	24	
71	18	23	24	
72	16	21	15	
73	16	21	15	
74	40	52	16	
75	40	52	16	
76	40	52	16	
77	40	52	16	
78	40	52	16	
79	40	52	16	
80	40	52	16	
81	40	52	16	
82	40	52	16	
83	40	52	16	
84	40	52	16	
85	40	52	16	
86	40	52	16	
87	40	52	16	
88	40	52	16	
89	40	52	16	
90	40	52	16	
91	40	52	16	
92	40	52	16	
93	40	52	16	
94	40	52	16	
95	40	52	16	
96	40	52	16	
97	40	52	16	
98	40	52	16	
99	40	52	16	
100	40	52	16	
101	40	52	16	
102	40	52	16	
103	40	52	16	
104	34	48	16	
105	34	48	16	
106	34	48	16	
107	34	48	16	
108	34	48	16	
109	34	48	16	
110	34	48	16	
111	34	48	16	
112	34	48	16	
113	34	48	16	
114	34	48	16	
115	34	48	16	
116	34	48	16	
117	34	48	16	
118	34	48	16	
119	34	48	16	
120	34	48	16	
121	34	48	16	
122	34	48	16	
123	34	48	16	
124	34	48	16	
125	34	48	16	
126	34	48	16	
127	34	48	16	
128	34	48	16	
129	34	48	16	
130	34	48	16	
131	34	48	16	
132	34	48	16	
133	34	48	16	
134	18	23	24	
135	18	23	24	
136	18	23	24	
137	18	23	24	
138	18	23	24	
139	18	23	24	
140	18	23	24	
141	18	23	24	
142	18	23	24	
143	18	23	24	
144	18	23	24	
145	18	23	24	
146	16	21	15	
147	16	21	15	
148	24	31	34	
149	24	31	34	
150	24	31	34	
151	24	31	34	
152	24	31	34	
153	24	31	34	
154	24	31	34	
155	24	31	34	
156	24	31	34	
157	24	31	34	
158	24	31	34	
159	24	31	34	
160	24	31	34	
161	24	31	34	
162	24	31	34	
163	24	31	34	
164	24	31	34	
165	24	31	34	
166	24	31	34	
167	24	31	34	
168	28	10	24	
169	28	10	24	
170	28	10	24	
171	28	10	24	
172	28	10	24	
173	28	10	24	
174	28	10	24	
175	28	10	24	
176	28	10	24	
177	30	22	16	
178	30	22	16	
179	30	22	16	
180	30	22	16	
181	30	22	16	
182	30	22	16	
183	30	22	16	
184	30	22	16	
185	30	22	16	
186	30	22	16	
187	30	22	16	
188	30	22	16	
189	30	22	16	
190	30	22	16	
191	30	22	16	
192	30	22	16	
193	30	22	16	
194	30	22	16	
195	30	22	16	
196	30	22	16	
197	30	22	16	
198	30	22	16	
199	30	22	16	
200	30	22	16	
201	30	22	16	
202	30	22	16	
203	30	22	16	
204	30	22	16	
205	26	28	24	
206	48	35	16	
207	48	35	16	
208	48	35	16	
209	48	35	16	
210	48	35	16	
211	48	35	16	
212	48	35	16	
213	48	35	16	
214	48	35	16	
215	48	35	16	
216	48	35	16	
217	48	35	16	
218	48	35	16	
219	48	35	16	
220	48	35	16	
221	48	35	16	
222	48	35	16	
223	48	35	16	
224	48	35	16	
225	48	35	16	
226	22	21	44	
227	22	21	44	
228	22	21	44	
229	22	21	44	
230	22	21	44	
231	39	12	50	
232	39	12	50	
233	39	12	50	
234	39	12	50	
235	39	12	50	
236	39	12	50	
237	39	12	50	
238	39	12	50	
239	39	12	50	
240	3	4	6	
241	10	28	24	
242	24	34	31	
243	24	34	31	
244	24	34	31	
245	24	34	31	
246	24	34	31	
247	10	17	14	
248	25	20	30	
249	25	20	30	
250	25	20	30	
251	25	20	30	
252	25	20	30	
253	25	20	30	
254	25	20	30	
255	25	20	30	
256	25	20	30	
257	25	20	30	
258	25	20	30	
259	25	20	30	
260	25	20	30	
261	25	20	30	
262	25	20	30	
263	25	20	30	
264	25	20	30	
265	25	20	30	
266	25	20	30	
267	25	20	30	
268	37	33	39	
269	37	33	39	
270	37	33	39	
271	37	33	39	
272	37	33	39	
273	37	33	39	
274	37	33	39	
275	37	33	39	
276	37	33	39	
277	25	26	12	
278	25	26	12	
279	25	26	12	
280	29	20	11	
281	11	22	13	
282	11	22	13	
283	11	22	13	
284	7	19	13	
285	39	58	17	
286	39	58	17	
287	39	58	17	
288	39	58	17	
289	39	58	17	
290	39	58	17	
291	39	58	17	
292	13	22	11	
293	13	22	11	
294	13	22	11	
295	13	22	11	
296	13	22	11	
297	13	22	11	
298	19	14	11	
299	17	42	26	
300	17	42	26	
301	17	42	26	
302	17	42	26	
303	17	42	26	
304	17	42	26	
305	17	42	26	
306	17	42	26	
307	17	42	26	
308	17	42	26	
309	19	14	11	
310	29	37	26	
311	29	37	26	
312	29	37	26	
313	29	37	26	
314	29	37	26	
315	24	21	39	
316	24	21	39	
317	24	21	39	
318	24	21	39	
319	24	21	39	
320	24	21	39	
321	24	21	39	
322	24	21	39	
323	24	21	39	
324	16	21	13	
325	16	21	13	
326	16	21	13	
327	20	25	30	
328	20	25	30	
329	20	25	30	
330	20	25	30	
331	20	25	30	
332	20	25	30	
333	20	25	30	
334	20	25	30	
335	20	25	30	
336	20	25	30	
337	20	25	30	
338	20	25	30	
339	20	25	30	
340	20	25	30	
341	20	25	30	
342	20	25	30	
343	14	25	20	
344	14	25	20	
345	14	25	20	
346	14	25	20	
347	14	25	20	
348	14	25	20	
349	14	25	20	
350	14	25	20	
351	25	20	30	
352	25	20	30	
353	25	20	30	
354	25	20	30	
355	25	20	30	
356	25	20	30	
357	25	20	30	
358	25	20	30	
359	25	20	30	
360	25	20	30	
361	25	20	30	
362	25	20	30	
363	25	20	30	
364	25	20	30	
365	25	20	30	
366	25	20	30	
367	25	20	30	
368	25	20	30	
369	25	20	30	
370	25	20	30	
371	37	33	39	
372	37	33	39	
373	37	33	39	
374	37	33	39	
375	37	33	39	
376	37	33	39	
377	37	33	39	
378	37	33	39	
379	37	33	39	
380	25	26	12	
381	25	26	12	
382	25	26	12	
383	29	20	11	
384	11	22	13	
385	11	22	13	
386	11	22	13	
387	7	19	13	
388	39	58	17	
389	39	58	17	
390	39	58	17	
391	39	58	17	
392	39	58	17	
393	39	58	17	
394	39	58	17	
395	13	22	11	
396	13	22	11	
397	13	22	11	
398	13	22	11	
399	13	22	11	
400	13	22	11	
401	19	14	11	
402	17	42	26	
403	17	42	26	
404	17	42	26	
405	17	42	26	
406	17	42	26	
407	17	42	26	
408	17	42	26	
409	17	42	26	
410	17	42	26	
411	17	42	26	
412	19	14	11	
413	29	37	26	
414	29	37	26	
415	29	37	26	
416	29	37	26	
417	29	37	26	
418	24	21	39	
419	24	21	39	
420	24	21	39	
421	24	21	39	
422	24	21	39	
423	24	21	39	
424	24	21	39	
425	24	21	39	
426	24	21	39	
427	16	21	13	
428	16	21	13	
429	16	21	13	
430	20	25	30	
431	20	25	30	
432	20	25	30	
433	20	25	30	
434	20	25	30	
435	20	25	30	
436	20	25	30	
437	20	25	30	
438	20	25	30	
439	20	25	30	
440	20	25	30	
441	20	25	30	
442	20	25	30	
443	20	25	30	
444	20	25	30	
445	20	25	30	
446	14	25	20	
447	14	25	20	
448	14	25	20	
449	14	25	20	
450	14	25	20	
451	14	25	20	
452	14	25	20	
453	14	25	20	
454	39	12	50	
455	39	12	50	
456	39	12	50	
457	39	12	50	
458	39	12	50	
459	39	12	50	
460	39	12	50	
461	39	12	50	
462	39	12	50	
463	39	56	18	
464	39	56	18	
465	39	56	18	
466	39	56	18	
467	39	56	18	
468	39	56	18	
469	39	56	18	
470	39	56	18	
471	39	56	18	
472	39	56	18	
473	39	56	18	
474	39	56	18	
475	39	56	18	
476	39	56	18	
477	39	56	18	
478	39	56	18	
479	39	56	18	
480	39	56	18	
481	39	56	18	
482	39	56	18	
483	39	56	18	
484	39	56	18	
485	39	56	18	
486	39	56	18	
487	40	16	54	
488	40	16	54	
489	40	16	54	
490	40	16	54	
491	40	16	54	
492	40	16	54	
493	10	14	16	
494	10	14	16	
495	10	14	16	
496	10	14	16	
497	15	16	18	
498	15	16	18	
499	15	16	18	
500	15	16	18	
501	15	16	18	
502	15	16	18	
503	15	16	18	
504	15	16	18	
505	15	16	18	
506	15	16	18	
507	15	16	18	
508	15	16	18	
509	15	16	18	
510	15	16	18	
511	15	16	18	
512	15	16	18	
513	13	32	44	
514	13	32	44	
515	13	32	44	
516	13	32	44	
517	13	32	44	
518	13	32	44	
519	13	32	44	
520	13	32	44	
521	15	18	16	
522	15	18	16	
523	15	18	16	
524	15	18	16	
525	15	18	16	
526	15	18	16	
527	15	18	16	
528	15	18	16	
529	15	18	16	
530	15	18	16	
531	15	18	16	
532	15	18	16	
533	15	18	16	
534	15	18	16	
535	15	18	16	
536	15	18	16	
537	15	18	16	
538	15	18	16	
539	15	18	16	
540	15	18	16	
541	15	18	16	
542	34	31	24	
543	34	31	24	
544	34	31	24	
545	34	31	24	
546	34	31	24	
547	34	31	24	
548	16	31	16	
549	26	16	16	
550	26	16	16	
551	15	15	16	
552	15	15	16	
553	15	15	16	
554	34	37	29	
555	34	37	29	
556	34	37	29	
557	34	37	29	
558	34	37	29	
559	34	37	29	
560	20	26	50	
561	20	26	50	
562	20	26	50	
563	20	26	50	
564	20	26	50	
565	20	26	50	
566	17	38	58	
567	17	38	58	
568	17	38	58	
569	17	38	58	
570	17	38	58	
571	17	38	58	
572	17	38	58	
573	17	38	58	
574	17	38	58	
575	17	38	58	
576	17	38	58	
577	17	38	58	
578	29	34	37	
579	29	34	37	
580	29	34	37	
581	29	34	37	
582	29	34	37	
583	29	34	37	
584	29	34	37	
585	29	34	37	
586	29	34	37	
587	20	15	19	
588	20	15	19	
589	20	15	19	
590	20	15	19	
591	20	15	19	
592	20	15	19	
593	20	15	19	
594	20	15	19	
595	20	19	15	
596	20	19	15	
597	20	19	15	
598	20	19	15	
599	20	19	15	
600	20	19	15	
601	20	19	15	
602	20	19	15	
603	20	19	15	
604	20	19	15	
605	29	22	37	
606	29	22	37	
607	29	22	37	
608	29	22	37	
609	29	22	37	
610	29	22	37	
611	29	22	37	
612	29	22	37	
613	23	16	11	
614	23	16	11	
615	15	18	19	
616	15	18	19	
617	15	18	19	
618	15	18	19	
619	15	18	19	
620	15	18	19	
621	15	18	19	
622	15	18	19	
623	15	18	19	
624	15	18	19	
625	15	18	19	
626	15	18	19	
627	19	25	24	
628	19	25	24	
629	19	25	24	
630	19	25	24	
631	19	25	24	
632	19	25	24	
633	19	22	11	
634	16	35	48	
635	16	35	48	
636	16	35	48	
637	16	35	48	
638	16	35	48	
639	16	35	48	
640	15	16	15	
641	15	16	15	
642	15	16	15	
643	15	16	15	
644	34	37	29	
645	34	37	29	
646	34	37	29	
647	34	37	29	
648	34	37	29	
649	34	37	29	
650	20	26	50	
651	20	26	50	
652	20	26	50	
653	20	26	50	
654	20	26	50	
655	20	26	50	
656	17	38	58	
657	17	38	58	
658	17	38	58	
659	17	38	58	
660	17	38	58	
661	17	38	58	
662	17	38	58	
663	17	38	58	
664	17	38	58	
665	17	38	58	
666	17	38	58	
667	17	38	58	
668	29	34	37	
669	29	34	37	
670	29	34	37	
671	29	34	37	
672	29	34	37	
673	29	34	37	
674	29	34	37	
675	29	34	37	
676	29	34	37	
677	20	15	19	
678	20	15	19	
679	20	15	19	
680	20	15	19	
681	20	15	19	
682	20	15	19	
683	20	15	19	
684	20	15	19	
685	20	19	15	
686	20	19	15	
687	20	19	15	
688	20	19	15	
689	20	19	15	
690	20	19	15	
691	20	19	15	
692	20	19	15	
693	20	19	15	
694	20	19	15	
695	29	22	37	
696	29	22	37	
697	29	22	37	
698	29	22	37	
699	29	22	37	
700	29	22	37	
701	29	22	37	
702	29	22	37	
703	23	16	11	
704	23	16	11	
705	15	18	19	
706	15	18	19	
707	15	18	19	
708	15	18	19	
709	15	18	19	
710	15	18	19	
711	15	18	19	
712	15	18	19	
713	15	18	19	
714	15	18	19	
715	15	18	19	
716	15	18	19	
717	19	25	24	
718	19	25	24	
719	19	25	24	
720	19	25	24	
721	19	25	24	
722	19	25	24	
723	19	22	11	
724	16	35	48	
725	16	35	48	
726	16	35	48	
727	16	35	48	
728	16	35	48	
729	16	35	48	
730	15	16	15	
731	15	16	15	
732	15	16	15	
733	15	16	15	
734	34	37	29	
735	34	37	29	
736	34	37	29	
737	34	37	29	
738	34	37	29	
739	34	37	29	
740	20	26	50	
741	20	26	50	
742	20	26	50	
743	20	26	50	
744	20	26	50	
745	20	26	50	
746	17	38	58	
747	17	38	58	
748	17	38	58	
749	17	38	58	
750	17	38	58	
751	17	38	58	
752	17	38	58	
753	17	38	58	
754	17	38	58	
755	17	38	58	
756	17	38	58	
757	17	38	58	
758	29	34	37	
759	29	34	37	
760	29	34	37	
761	29	34	37	
762	29	34	37	
763	29	34	37	
764	29	34	37	
765	29	34	37	
766	29	34	37	
767	20	15	19	
768	20	15	19	
769	20	15	19	
770	20	15	19	
771	20	15	19	
772	20	15	19	
773	20	15	19	
774	20	15	19	
775	20	19	15	
776	20	19	15	
777	20	19	15	
778	20	19	15	
779	20	19	15	
780	20	19	15	
781	20	19	15	
782	20	19	15	
783	20	19	15	
784	20	19	15	
785	29	22	37	
786	29	22	37	
787	29	22	37	
788	29	22	37	
789	29	22	37	
790	29	22	37	
791	29	22	37	
792	29	22	37	
793	23	16	11	
794	23	16	11	
795	15	18	19	
796	15	18	19	
797	15	18	19	
798	15	18	19	
799	15	18	19	
800	15	18	19	
801	15	18	19	
802	15	18	19	
803	15	18	19	
804	15	18	19	
805	15	18	19	
806	15	18	19	
807	19	25	24	
808	19	25	24	
809	19	25	24	
810	19	25	24	
811	19	25	24	
812	19	25	24	
813	19	22	11	
814	16	35	48	
815	16	35	48	
816	16	35	48	
817	16	35	48	
818	16	35	48	
819	16	35	48	
820	15	16	15	
821	15	16	15	
822	15	16	15	
823	15	16	15	
824	32	32	25	
825	32	32	25	
826	50	35	39	
827	39	25	30	
828	41	23	62	
829	29	20	41	
830	27	20	34	
831	27	20	34	
832	16	22	30	
833	49	29	35	
834	49	30	27	
835	40	11	60	
836	39	17	58	
0	1	2	3	4	5	6	7	8	9	10	11	12	13	14	15	16	17	18	19	20	21	22	23	24	25	26	27	28	29	30	31	32	33	34	35	36	37	38	39	40	41	42	43	44	45	46	47	48	49	50	51	52	53	54	55	56	57	58	59	60	61	62	63	64	65	66	67	68	69	70	71	72	73	74	75	76	77	78	79	80	81	82	83	84	85	86	87	88	89	90	91	92	93	94	95	96	97	98	99	100	101	102	103	104	105	106	107	108	109	110	111	112	113	114	115	116	117	118	119	120	121	122	123	124	125	126	127	128	129	130	131	132	133	134	135	136	137	138	139	140	141	142	143	144	145	146	147	148	149	150	151	152	153	154	155	156	157	158	159	160	161	162	163	164	165	166	167	168	169	170	171	172	173	174	175	176	177	178	179	180	181	182	183	184	185	186	187	188	189	190	191	192	193	194	195	196	197	198	199	200	201	202	203	204	205	206	207	208	209	210	211	212	213	214	215	216	217	218	219	220	221	222	223	224	225	226	227	228	229	230	231	232	233	234	235	236	237	238	239	240	241	242	243	244	245	246	247	248	249	250	251	252	253	254	255	256	257	258	259	260	261	262	263	264	265	266	267	268	269	270	271	272	273	274	275	276	277	278	279	280	281	282	283	284	285	286	287	288	289	290	291	292	293	294	295	296	297	298	299	300	301	302	303	304	305	306	307	308	309	310	311	312	313	314	315	316	317	318	319	320	321	322	323	324	325	326	327	328	329	330	331	332	333	334	335	336	337	338	339	340	341	342	343	344	345	346	347	348	349	350	351	352	353	354	355	356	357	358	359	360	361	362	363	364	365	366	367	368	369	370	371	372	373	374	375	376	377	378	379	380	381	382	383	384	385	386	387	388	389	390	391	392	393	394	395	396	397	398	399	400	401	402	403	404	405	406	407	408	409	410	411	412	413	414	415	416	417	418	419	420	421	422	423	424	425	426	427	428	429	430	431	432	433	434	435	436	437	438	439	440	441	442	443	444	445	446	447	448	449	450	451	452	453	454	455	456	457	458	459	460	461	462	463	464	465	466	467	468	469	470	471	472	473	474	475	476	477	478	479	480	481	482	483	484	485	486	487	488	489	490	491	492	493	494	495	496	497	498	499	500	501	502	503	504	505	506	507	508	509	510	511	512	513	514	515	516	517	518	519	520	521	522	523	524	525	526	527	528	529	530	531	532	533	534	535	536	537	538	539	540	541	542	543	544	545	546	547	548	549	550	551	552	553	554	555	556	557	558	559	560	561	562	563	564	565	566	567	568	569	570	571	572	573	574	575	576	577	578	579	580	581	582	583	584	585	586	587	588	589	590	591	592	593	594	595	596	597	598	599	600	601	602	603	604	605	606	607	608	609	610	611	612	613	614	615	616	617	618	619	620	621	622	623	624	625	626	627	628	629	630	631	632	633	634	635	636	637	638	639	640	641	642	643	644	645	646	647	648	649	650	651	652	653	654	655	656	657	658	659	660	661	662	663	664	665	666	667	668	669	670	671	672	673	674	675	676	677	678	679	680	681	682	683	684	685	686	687	688	689	690	691	692	693	694	695	696	697	698	699	700	701	702	703	704	705	706	707	708	709	710	711	712	713	714	715	716	717	718	719	720	721	722	723	724	725	726	727	728	729	730	731	732	733	734	735	736	737	738	739	740	741	742	743	744	745	746	747	748	749	750	751	752	753	754	755	756	757	758	759	760	761	762	763	764	765	766	767	768	769	770	771	772	773	774	775	776	777	778	779	780	781	782	783	784	785	786	787	788	789	790	791	792	793	794	795	796	797	798	799	800	801	802	803	804	805	806	807	808	809	810	811	812	813	814	815	816	817	818	819	820	821	822	823	824	825	826	827	828	829	830	831	832	833	834	835	836	
