1342
120	100	160
0	40	52	16	
1	40	52	16	
2	40	52	16	
3	40	52	16	
4	40	52	16	
5	40	52	16	
6	40	52	16	
7	40	52	16	
8	40	52	16	
9	40	52	16	
10	40	52	16	
11	40	52	16	
12	40	52	16	
13	40	52	16	
14	40	52	16	
15	40	52	16	
16	40	52	16	
17	40	52	16	
18	40	52	16	
19	40	52	16	
20	40	52	16	
21	40	52	16	
22	40	52	16	
23	40	52	16	
24	40	52	16	
25	40	52	16	
26	40	52	16	
27	40	52	16	
28	40	52	16	
29	40	52	16	
30	34	48	16	
31	34	48	16	
32	34	48	16	
33	34	48	16	
34	34	48	16	
35	34	48	16	
36	34	48	16	
37	34	48	16	
38	34	48	16	
39	34	48	16	
40	34	48	16	
41	34	48	16	
42	34	48	16	
43	34	48	16	
44	34	48	16	
45	34	48	16	
46	34	48	16	
47	34	48	16	
48	34	48	16	
49	34	48	16	
50	34	48	16	
51	34	48	16	
52	34	48	16	
53	34	48	16	
54	34	48	16	
55	34	48	16	
56	34	48	16	
57	34	48	16	
58	34	48	16	
59	34	48	16	
60	18	23	24	
61	18	23	24	
62	18	23	24	
63	18	23	24	
64	18	23	24	
65	18	23	24	
66	18	23	24	
67	18	23	24	
68	18	23	24	
69	18	23	24	
70	18	23	24	
71	18	23	24	
72	16	21	15	
73	16	21	15	
74	24	31	34	
75	24	31	34	
76	24	31	34	
77	24	31	34	
78	24	31	34	
79	24	31	34	
80	24	31	34	
81	24	31	34	
82	24	31	34	
83	24	31	34	
84	24	31	34	
85	24	31	34	
86	24	31	34	
87	24	31	34	
88	24	31	34	
89	24	31	34	
90	24	31	34	
91	24	31	34	
92	24	31	34	
93	24	31	34	
94	28	10	24	
95	28	10	24	
96	28	10	24	
97	28	10	24	
98	28	10	24	
99	28	10	24	
100	28	10	24	
101	28	10	24	
102	28	10	24	
103	30	22	16	
104	30	22	16	
105	30	22	16	
106	30	22	16	
107	30	22	16	
108	30	22	16	
109	30	22	16	
110	30	22	16	
111	30	22	16	
112	30	22	16	
113	30	22	16	
114	30	22	16	
115	30	22	16	
116	30	22	16	
117	30	22	16	
118	30	22	16	
119	30	22	16	
120	30	22	16	
121	30	22	16	
122	30	22	16	
123	30	22	16	
124	30	22	16	
125	30	22	16	
126	30	22	16	
127	30	22	16	
128	30	22	16	
129	30	22	16	
130	30	22	16	
131	26	28	24	
132	48	35	16	
133	48	35	16	
134	48	35	16	
135	48	35	16	
136	48	35	16	
137	48	35	16	
138	48	35	16	
139	48	35	16	
140	48	35	16	
141	48	35	16	
142	48	35	16	
143	48	35	16	
144	48	35	16	
145	48	35	16	
146	48	35	16	
147	48	35	16	
148	48	35	16	
149	48	35	16	
150	48	35	16	
151	48	35	16	
152	22	21	44	
153	22	21	44	
154	22	21	44	
155	22	21	44	
156	22	21	44	
157	39	12	50	
158	39	12	50	
159	39	12	50	
160	39	12	50	
161	39	12	50	
162	39	12	50	
163	39	12	50	
164	39	12	50	
165	39	12	50	
166	3	4	6	
167	10	28	24	
168	24	34	31	
169	24	34	31	
170	24	34	31	
171	24	34	31	
172	24	34	31	
173	10	17	14	
174	24	31	34	
175	24	31	34	
176	24	31	34	
177	24	31	34	
178	24	31	34	
179	24	31	34	
180	24	31	34	
181	24	31	34	
182	24	31	34	
183	24	31	34	
184	24	31	34	
185	24	31	34	
186	24	31	34	
187	24	31	34	
188	24	31	34	
189	24	31	34	
190	24	31	34	
191	24	31	34	
192	24	31	34	
193	24	31	34	
194	28	10	24	
195	28	10	24	
196	28	10	24	
197	28	10	24	
198	28	10	24	
199	28	10	24	
200	28	10	24	
201	28	10	24	
202	28	10	24	
203	30	22	16	
204	30	22	16	
205	30	22	16	
206	30	22	16	
207	30	22	16	
208	30	22	16	
209	30	22	16	
210	30	22	16	
211	30	22	16	
212	30	22	16	
213	30	22	16	
214	30	22	16	
215	30	22	16	
216	30	22	16	
217	30	22	16	
218	30	22	16	
219	30	22	16	
220	30	22	16	
221	30	22	16	
222	30	22	16	
223	30	22	16	
224	30	22	16	
225	30	22	16	
226	30	22	16	
227	30	22	16	
228	30	22	16	
229	30	22	16	
230	30	22	16	
231	26	28	24	
232	48	35	16	
233	48	35	16	
234	48	35	16	
235	48	35	16	
236	48	35	16	
237	48	35	16	
238	48	35	16	
239	48	35	16	
240	48	35	16	
241	48	35	16	
242	48	35	16	
243	48	35	16	
244	48	35	16	
245	48	35	16	
246	48	35	16	
247	48	35	16	
248	48	35	16	
249	48	35	16	
250	48	35	16	
251	48	35	16	
252	22	21	44	
253	22	21	44	
254	22	21	44	
255	22	21	44	
256	22	21	44	
257	39	12	50	
258	39	12	50	
259	39	12	50	
260	39	12	50	
261	39	12	50	
262	39	12	50	
263	39	12	50	
264	39	12	50	
265	39	12	50	
266	3	4	6	
267	10	28	24	
268	24	34	31	
269	24	34	31	
270	24	34	31	
271	24	34	31	
272	24	34	31	
273	10	17	14	
274	35	48	16	
275	35	48	16	
276	35	48	16	
277	35	48	16	
278	35	48	16	
279	35	48	16	
280	35	48	16	
281	35	48	16	
282	35	48	16	
283	35	48	16	
284	35	48	16	
285	35	48	16	
286	35	48	16	
287	35	48	16	
288	35	48	16	
289	35	48	16	
290	35	48	16	
291	35	48	16	
292	35	48	16	
293	35	48	16	
294	35	48	16	
295	35	48	16	
296	35	48	16	
297	35	48	16	
298	35	48	16	
299	35	48	16	
300	35	48	16	
301	35	48	16	
302	35	48	16	
303	35	48	16	
304	31	34	24	
305	31	34	24	
306	31	34	24	
307	31	34	24	
308	31	34	24	
309	31	34	24	
310	31	34	24	
311	31	34	24	
312	31	34	24	
313	31	34	24	
314	31	34	24	
315	31	34	24	
316	31	34	24	
317	31	34	24	
318	31	34	24	
319	31	34	24	
320	31	34	24	
321	31	34	24	
322	23	18	24	
323	23	18	24	
324	23	18	24	
325	23	18	24	
326	23	18	24	
327	23	18	24	
328	23	18	24	
329	23	18	24	
330	23	18	24	
331	23	18	24	
332	23	18	24	
333	23	18	24	
334	23	18	24	
335	23	18	24	
336	23	18	24	
337	23	18	24	
338	23	18	24	
339	23	18	24	
340	23	18	24	
341	23	18	24	
342	23	18	24	
343	23	18	24	
344	23	18	24	
345	23	18	24	
346	23	18	24	
347	23	18	24	
348	23	18	24	
349	23	18	24	
350	23	18	24	
351	23	18	24	
352	21	17	16	
353	21	17	16	
354	21	17	16	
355	21	17	16	
356	21	17	16	
357	21	17	16	
358	21	17	16	
359	21	17	16	
360	28	17	15	
361	28	17	15	
362	28	17	15	
363	28	17	15	
364	27	34	20	
365	27	34	20	
366	27	34	20	
367	27	34	20	
368	27	34	20	
369	27	34	20	
370	27	34	20	
371	27	34	20	
372	15	16	18	
373	15	16	18	
374	15	16	18	
375	15	16	18	
376	15	16	18	
377	15	16	18	
378	15	16	18	
379	15	16	18	
380	15	16	18	
381	15	16	18	
382	15	16	18	
383	15	16	18	
384	15	16	18	
385	15	16	18	
386	15	16	18	
387	15	16	18	
388	15	16	18	
389	15	16	18	
390	13	48	34	
391	48	35	16	
392	48	35	16	
393	48	35	16	
394	48	35	16	
395	48	35	16	
396	48	35	16	
397	48	35	16	
398	48	35	16	
399	48	35	16	
400	48	35	16	
401	48	35	16	
402	48	35	16	
403	48	35	16	
404	48	35	16	
405	48	35	16	
406	48	35	16	
407	48	35	16	
408	48	35	16	
409	48	35	16	
410	48	35	16	
411	29	36	34	
412	29	36	34	
413	29	36	34	
414	29	36	34	
415	29	36	34	
416	29	36	34	
417	29	36	34	
418	29	36	34	
419	29	36	34	
420	29	36	34	
421	29	36	34	
422	29	36	34	
423	29	18	20	
424	29	18	20	
425	29	18	20	
426	29	18	20	
427	29	18	20	
428	29	18	20	
429	30	29	26	
430	30	29	26	
431	30	29	26	
432	30	29	26	
433	20	29	18	
434	20	29	18	
435	20	29	18	
436	20	29	18	
437	20	29	18	
438	20	29	18	
439	30	29	26	
440	30	29	26	
441	30	29	26	
442	30	29	26	
443	20	29	24	
444	20	29	24	
445	20	29	24	
446	20	29	24	
447	20	29	24	
448	20	29	24	
449	15	29	22	
450	15	29	22	
451	15	29	22	
452	15	29	22	
453	15	29	22	
454	15	29	22	
455	15	29	22	
456	15	29	22	
457	20	29	11	
458	20	29	11	
459	20	29	11	
460	20	29	11	
461	25	29	17	
462	25	29	17	
463	25	29	17	
464	25	29	17	
465	48	29	27	
466	48	29	27	
467	16	18	15	
468	16	18	15	
469	16	18	15	
470	16	18	15	
471	16	18	15	
472	16	18	15	
473	16	18	15	
474	16	18	15	
475	31	25	13	
476	31	25	13	
477	31	25	13	
478	31	25	13	
479	31	25	13	
480	31	25	13	
481	31	25	13	
482	31	25	13	
483	31	25	13	
484	31	25	13	
485	16	11	23	
486	16	11	23	
487	16	11	23	
488	16	11	23	
489	16	10	13	
490	16	10	13	
491	28	10	24	
492	24	35	32	
493	24	34	31	
494	24	34	31	
495	24	34	31	
496	24	34	31	
497	36	29	34	
498	36	29	34	
499	36	29	34	
500	36	29	34	
501	36	29	34	
502	36	29	34	
503	36	29	34	
504	36	29	34	
505	36	29	34	
506	36	29	34	
507	36	29	34	
508	36	29	34	
509	15	16	21	
510	15	16	21	
511	35	48	16	
512	35	48	16	
513	35	48	16	
514	35	48	16	
515	35	48	16	
516	35	48	16	
517	35	48	16	
518	35	48	16	
519	35	48	16	
520	35	48	16	
521	35	48	16	
522	35	48	16	
523	35	48	16	
524	35	48	16	
525	35	48	16	
526	35	48	16	
527	35	48	16	
528	35	48	16	
529	35	48	16	
530	35	48	16	
531	35	48	16	
532	35	48	16	
533	35	48	16	
534	35	48	16	
535	35	48	16	
536	35	48	16	
537	35	48	16	
538	35	48	16	
539	35	48	16	
540	35	48	16	
541	30	13	11	
542	30	13	11	
543	30	13	11	
544	30	13	11	
545	30	13	11	
546	30	13	11	
547	24	23	18	
548	24	23	18	
549	24	23	18	
550	24	23	18	
551	24	23	18	
552	24	23	18	
553	24	23	18	
554	24	23	18	
555	24	23	18	
556	24	23	18	
557	24	23	18	
558	24	23	18	
559	24	23	18	
560	24	23	18	
561	24	23	18	
562	24	23	18	
563	24	23	18	
564	24	23	18	
565	24	23	18	
566	24	23	18	
567	24	23	18	
568	24	23	18	
569	24	23	18	
570	24	23	18	
571	24	23	18	
572	24	23	18	
573	24	23	18	
574	24	23	18	
575	24	23	18	
576	24	23	18	
577	60	23	25	
578	60	23	25	
579	60	23	25	
580	60	23	25	
581	26	14	21	
582	26	14	21	
583	26	14	21	
584	18	15	19	
585	15	16	18	
586	15	16	18	
587	15	16	18	
588	15	16	18	
589	15	16	18	
590	15	16	18	
591	15	16	18	
592	15	16	18	
593	15	16	18	
594	15	16	18	
595	15	16	18	
596	15	16	18	
597	15	16	18	
598	15	16	18	
599	15	16	18	
600	15	16	18	
601	15	16	18	
602	15	16	18	
603	14	25	29	
604	15	23	25	
605	12	25	26	
606	12	25	26	
607	12	25	26	
608	12	16	41	
609	12	16	41	
610	39	12	50	
611	39	12	50	
612	39	12	50	
613	39	12	50	
614	39	12	50	
615	39	12	50	
616	39	12	50	
617	39	12	50	
618	39	12	50	
619	39	56	18	
620	39	56	18	
621	39	56	18	
622	39	56	18	
623	39	56	18	
624	39	56	18	
625	39	56	18	
626	39	56	18	
627	39	56	18	
628	39	56	18	
629	39	56	18	
630	39	56	18	
631	39	56	18	
632	39	56	18	
633	39	56	18	
634	39	56	18	
635	39	56	18	
636	39	56	18	
637	39	56	18	
638	39	56	18	
639	39	56	18	
640	39	56	18	
641	39	56	18	
642	39	56	18	
643	40	16	54	
644	40	16	54	
645	40	16	54	
646	40	16	54	
647	40	16	54	
648	40	16	54	
649	10	14	16	
650	10	14	16	
651	10	14	16	
652	10	14	16	
653	15	16	18	
654	15	16	18	
655	15	16	18	
656	15	16	18	
657	15	16	18	
658	15	16	18	
659	15	16	18	
660	15	16	18	
661	15	16	18	
662	15	16	18	
663	15	16	18	
664	15	16	18	
665	15	16	18	
666	15	16	18	
667	15	16	18	
668	15	16	18	
669	13	32	44	
670	13	32	44	
671	13	32	44	
672	13	32	44	
673	13	32	44	
674	13	32	44	
675	13	32	44	
676	13	32	44	
677	15	18	16	
678	15	18	16	
679	15	18	16	
680	15	18	16	
681	15	18	16	
682	15	18	16	
683	15	18	16	
684	15	18	16	
685	15	18	16	
686	15	18	16	
687	15	18	16	
688	15	18	16	
689	15	18	16	
690	15	18	16	
691	15	18	16	
692	15	18	16	
693	15	18	16	
694	15	18	16	
695	15	18	16	
696	15	18	16	
697	15	18	16	
698	34	31	24	
699	34	31	24	
700	34	31	24	
701	34	31	24	
702	34	31	24	
703	34	31	24	
704	16	31	16	
705	26	16	16	
706	26	16	16	
707	15	15	16	
708	15	15	16	
709	15	15	16	
710	39	12	50	
711	39	12	50	
712	39	12	50	
713	39	12	50	
714	39	12	50	
715	39	12	50	
716	39	12	50	
717	39	12	50	
718	39	12	50	
719	39	56	18	
720	39	56	18	
721	39	56	18	
722	39	56	18	
723	39	56	18	
724	39	56	18	
725	39	56	18	
726	39	56	18	
727	39	56	18	
728	39	56	18	
729	39	56	18	
730	39	56	18	
731	39	56	18	
732	39	56	18	
733	39	56	18	
734	39	56	18	
735	39	56	18	
736	39	56	18	
737	39	56	18	
738	39	56	18	
739	39	56	18	
740	39	56	18	
741	39	56	18	
742	39	56	18	
743	40	16	54	
744	40	16	54	
745	40	16	54	
746	40	16	54	
747	40	16	54	
748	40	16	54	
749	10	14	16	
750	10	14	16	
751	10	14	16	
752	10	14	16	
753	15	16	18	
754	15	16	18	
755	15	16	18	
756	15	16	18	
757	15	16	18	
758	15	16	18	
759	15	16	18	
760	15	16	18	
761	15	16	18	
762	15	16	18	
763	15	16	18	
764	15	16	18	
765	15	16	18	
766	15	16	18	
767	15	16	18	
768	15	16	18	
769	13	32	44	
770	13	32	44	
771	13	32	44	
772	13	32	44	
773	13	32	44	
774	13	32	44	
775	13	32	44	
776	13	32	44	
777	15	18	16	
778	15	18	16	
779	15	18	16	
780	15	18	16	
781	15	18	16	
782	15	18	16	
783	15	18	16	
784	15	18	16	
785	15	18	16	
786	15	18	16	
787	15	18	16	
788	15	18	16	
789	15	18	16	
790	15	18	16	
791	15	18	16	
792	15	18	16	
793	15	18	16	
794	15	18	16	
795	15	18	16	
796	15	18	16	
797	15	18	16	
798	34	31	24	
799	34	31	24	
800	34	31	24	
801	34	31	24	
802	34	31	24	
803	34	31	24	
804	16	31	16	
805	26	16	16	
806	26	16	16	
807	15	15	16	
808	15	15	16	
809	15	15	16	
810	18	39	56	
811	18	39	56	
812	18	39	56	
813	18	39	56	
814	18	39	56	
815	18	39	56	
816	18	39	56	
817	18	39	56	
818	18	39	56	
819	18	39	56	
820	18	39	56	
821	18	39	56	
822	15	19	18	
823	15	19	18	
824	15	19	18	
825	15	19	18	
826	15	19	18	
827	15	19	18	
828	15	19	18	
829	15	19	18	
830	15	19	18	
831	15	19	18	
832	15	19	18	
833	15	19	18	
834	15	19	18	
835	15	19	18	
836	32	13	45	
837	32	13	45	
838	32	13	45	
839	32	13	45	
840	32	13	45	
841	32	13	45	
842	32	13	45	
843	32	13	45	
844	32	13	45	
845	34	26	29	
846	34	26	29	
847	34	26	29	
848	35	48	16	
849	35	48	16	
850	35	48	16	
851	35	48	16	
852	35	48	16	
853	35	48	16	
854	35	48	16	
855	35	48	16	
856	35	48	16	
857	35	48	16	
858	35	48	16	
859	35	48	16	
860	35	48	16	
861	35	48	16	
862	35	48	16	
863	35	48	16	
864	35	48	16	
865	35	48	16	
866	35	48	16	
867	35	48	16	
868	35	48	16	
869	35	48	16	
870	35	48	16	
871	35	48	16	
872	35	48	16	
873	35	48	16	
874	35	48	16	
875	35	48	16	
876	35	48	16	
877	35	48	16	
878	30	11	13	
879	30	11	13	
880	30	11	13	
881	19	11	14	
882	19	11	14	
883	19	11	14	
884	19	11	14	
885	14	13	20	
886	14	13	20	
887	14	13	20	
888	13	11	16	
889	17	13	15	
890	17	13	15	
891	17	13	15	
892	13	11	30	
893	21	13	30	
894	21	13	30	
895	21	13	30	
896	21	13	30	
897	21	13	30	
898	15	16	18	
899	15	16	18	
900	15	16	18	
901	15	16	18	
902	15	16	18	
903	15	16	18	
904	15	16	18	
905	15	16	18	
906	15	16	18	
907	15	16	18	
908	15	16	18	
909	15	16	18	
910	15	16	18	
911	15	16	18	
912	15	16	18	
913	15	16	18	
914	15	16	18	
915	15	16	18	
916	13	31	25	
917	12	39	50	
918	12	39	50	
919	12	39	50	
920	2	2	3	
921	34	37	29	
922	34	37	29	
923	34	37	29	
924	34	37	29	
925	34	37	29	
926	34	37	29	
927	20	26	50	
928	20	26	50	
929	20	26	50	
930	20	26	50	
931	20	26	50	
932	20	26	50	
933	17	38	58	
934	17	38	58	
935	17	38	58	
936	17	38	58	
937	17	38	58	
938	17	38	58	
939	17	38	58	
940	17	38	58	
941	17	38	58	
942	17	38	58	
943	17	38	58	
944	17	38	58	
945	29	34	37	
946	29	34	37	
947	29	34	37	
948	29	34	37	
949	29	34	37	
950	29	34	37	
951	29	34	37	
952	29	34	37	
953	29	34	37	
954	20	15	19	
955	20	15	19	
956	20	15	19	
957	20	15	19	
958	20	15	19	
959	20	15	19	
960	20	15	19	
961	20	15	19	
962	20	19	15	
963	20	19	15	
964	20	19	15	
965	20	19	15	
966	20	19	15	
967	20	19	15	
968	20	19	15	
969	20	19	15	
970	20	19	15	
971	20	19	15	
972	29	22	37	
973	29	22	37	
974	29	22	37	
975	29	22	37	
976	29	22	37	
977	29	22	37	
978	29	22	37	
979	29	22	37	
980	23	16	11	
981	23	16	11	
982	15	18	19	
983	15	18	19	
984	15	18	19	
985	15	18	19	
986	15	18	19	
987	15	18	19	
988	15	18	19	
989	15	18	19	
990	15	18	19	
991	15	18	19	
992	15	18	19	
993	15	18	19	
994	19	25	24	
995	19	25	24	
996	19	25	24	
997	19	25	24	
998	19	25	24	
999	19	25	24	
1000	19	22	11	
1001	16	35	48	
1002	16	35	48	
1003	16	35	48	
1004	16	35	48	
1005	16	35	48	
1006	16	35	48	
1007	15	16	15	
1008	15	16	15	
1009	15	16	15	
1010	15	16	15	
1011	48	34	16	
1012	48	34	16	
1013	48	34	16	
1014	14	21	14	
1015	14	21	14	
1016	14	21	14	
1017	14	21	14	
1018	14	21	14	
1019	14	21	14	
1020	14	21	14	
1021	14	21	14	
1022	14	21	14	
1023	14	21	14	
1024	14	21	14	
1025	14	21	14	
1026	18	39	56	
1027	18	39	56	
1028	18	39	56	
1029	18	39	56	
1030	18	39	56	
1031	18	39	56	
1032	18	39	56	
1033	18	39	56	
1034	18	39	56	
1035	18	39	56	
1036	18	39	56	
1037	18	39	56	
1038	22	20	25	
1039	19	18	15	
1040	19	18	15	
1041	19	18	15	
1042	19	18	15	
1043	19	18	15	
1044	19	18	15	
1045	19	18	15	
1046	19	18	15	
1047	19	18	15	
1048	19	18	15	
1049	19	18	15	
1050	19	18	15	
1051	19	18	15	
1052	19	18	15	
1053	19	18	15	
1054	29	22	37	
1055	29	22	37	
1056	21	19	19	
1057	21	19	19	
1058	21	19	19	
1059	21	19	20	
1060	18	17	19	
1061	18	17	19	
1062	18	17	19	
1063	18	17	19	
1064	18	17	19	
1065	18	16	15	
1066	18	16	15	
1067	18	16	15	
1068	18	16	15	
1069	18	16	15	
1070	32	13	45	
1071	32	13	45	
1072	16	13	20	
1073	16	13	20	
1074	23	16	14	
1075	23	16	14	
1076	30	27	49	
1077	30	27	49	
1078	30	27	49	
1079	30	25	20	
1080	30	25	20	
1081	30	25	20	
1082	15	19	18	
1083	15	19	18	
1084	15	19	18	
1085	15	19	18	
1086	15	19	18	
1087	15	19	18	
1088	15	19	18	
1089	15	19	18	
1090	15	19	18	
1091	15	19	18	
1092	15	19	18	
1093	15	19	18	
1094	15	19	18	
1095	15	19	18	
1096	15	19	18	
1097	15	19	18	
1098	15	19	18	
1099	15	19	18	
1100	15	19	18	
1101	15	19	18	
1102	15	19	18	
1103	15	19	18	
1104	15	19	18	
1105	15	19	18	
1106	15	19	18	
1107	15	19	18	
1108	15	19	18	
1109	15	19	18	
1110	15	19	18	
1111	15	19	18	
1112	20	19	15	
1113	20	19	15	
1114	20	19	15	
1115	20	19	15	
1116	20	19	15	
1117	20	19	15	
1118	20	19	15	
1119	17	15	14	
1120	17	15	14	
1121	36	34	29	
1122	36	34	29	
1123	36	34	29	
1124	36	34	29	
1125	36	34	29	
1126	36	34	29	
1127	36	34	29	
1128	36	34	29	
1129	36	34	29	
1130	36	34	29	
1131	18	19	15	
1132	18	19	15	
1133	18	19	15	
1134	18	19	15	
1135	16	15	15	
1136	16	15	15	
1137	16	15	15	
1138	13	32	44	
1139	16	15	18	
1140	17	15	14	
1141	17	15	14	
1142	17	15	14	
1143	21	14	14	
1144	12	39	50	
1145	12	39	50	
1146	12	39	50	
1147	22	24	26	
1148	22	24	26	
1149	22	24	26	
1150	22	24	14	
1151	21	24	33	
1152	17	38	56	
1153	17	38	56	
1154	17	38	56	
1155	17	38	56	
1156	17	38	56	
1157	17	38	56	
1158	17	38	56	
1159	17	38	56	
1160	17	38	56	
1161	17	38	56	
1162	17	38	56	
1163	17	38	56	
1164	17	38	56	
1165	17	38	56	
1166	17	38	56	
1167	17	38	56	
1168	17	38	56	
1169	17	38	56	
1170	17	38	56	
1171	17	38	56	
1172	17	38	56	
1173	17	38	56	
1174	17	38	56	
1175	17	38	56	
1176	17	38	56	
1177	17	38	56	
1178	17	38	56	
1179	17	38	56	
1180	21	33	24	
1181	21	33	24	
1182	21	33	24	
1183	21	33	24	
1184	56	38	17	
1185	56	38	17	
1186	56	38	17	
1187	56	38	17	
1188	25	20	14	
1189	25	20	14	
1190	45	23	14	
1191	14	20	14	
1192	19	11	14	
1193	25	24	27	
1194	25	24	27	
1195	25	24	27	
1196	30	24	24	
1197	30	24	24	
1198	27	24	23	
1199	30	21	13	
1200	33	21	24	
1201	33	21	24	
1202	25	24	24	
1203	29	23	43	
1204	30	22	16	
1205	30	22	16	
1206	30	22	16	
1207	23	23	20	
1208	22	21	44	
1209	39	33	37	
1210	15	22	29	
1211	15	20	19	
1212	15	18	16	
1213	15	17	13	
1214	12	16	18	
1215	12	18	16	
1216	23	23	17	
1217	23	23	17	
1218	23	22	18	
1219	23	18	38	
1220	56	38	17	
1221	56	38	17	
1222	56	38	17	
1223	56	38	17	
1224	56	38	17	
1225	56	38	17	
1226	56	38	17	
1227	56	38	17	
1228	56	38	17	
1229	56	38	17	
1230	56	38	17	
1231	56	38	17	
1232	56	38	17	
1233	56	38	17	
1234	56	38	17	
1235	56	38	17	
1236	56	38	17	
1237	56	38	17	
1238	56	38	17	
1239	56	38	17	
1240	56	38	17	
1241	56	38	17	
1242	56	38	17	
1243	56	38	17	
1244	56	38	17	
1245	56	38	17	
1246	56	38	17	
1247	20	24	29	
1248	20	24	29	
1249	40	11	60	
1250	40	11	60	
1251	20	19	16	
1252	20	19	16	
1253	40	16	54	
1254	27	24	25	
1255	27	24	25	
1256	27	24	24	
1257	27	23	39	
1258	27	23	39	
1259	31	38	31	
1260	31	38	31	
1261	58	38	17	
1262	58	38	17	
1263	56	38	17	
1264	56	38	17	
1265	56	38	17	
1266	56	38	17	
1267	56	38	17	
1268	25	24	19	
1269	25	20	19	
1270	25	20	19	
1271	25	20	19	
1272	19	20	26	
1273	19	20	16	
1274	18	20	17	
1275	27	23	39	
1276	27	23	39	
1277	27	21	17	
1278	27	21	17	
1279	26	16	16	
1280	26	16	16	
1281	26	16	16	
1282	17	38	56	
1283	17	38	56	
1284	14	36	44	
1285	38	56	17	
1286	38	56	17	
1287	38	56	17	
1288	38	56	17	
1289	38	56	17	
1290	38	56	17	
1291	38	56	17	
1292	38	56	17	
1293	38	56	17	
1294	38	56	17	
1295	38	56	17	
1296	38	56	17	
1297	38	56	17	
1298	38	56	17	
1299	38	56	17	
1300	38	56	17	
1301	38	56	17	
1302	38	56	17	
1303	38	56	17	
1304	38	56	17	
1305	38	56	17	
1306	38	56	17	
1307	38	56	17	
1308	38	56	17	
1309	38	56	17	
1310	38	56	17	
1311	38	56	17	
1312	17	38	56	
1313	17	38	56	
1314	17	38	56	
1315	17	38	56	
1316	17	38	56	
1317	17	38	56	
1318	17	38	56	
1319	17	38	56	
1320	17	38	56	
1321	17	38	56	
1322	17	38	56	
1323	17	38	56	
1324	29	37	34	
1325	56	18	39	
1326	56	18	39	
1327	17	30	17	
1328	16	30	22	
1329	32	32	25	
1330	32	32	25	
1331	50	35	39	
1332	39	25	30	
1333	41	23	62	
1334	29	20	41	
1335	27	20	34	
1336	27	20	34	
1337	16	22	30	
1338	49	29	35	
1339	49	30	27	
1340	40	11	60	
1341	39	17	58	
0	1	2	3	4	5	6	7	8	9	10	11	12	13	14	15	16	17	18	19	20	21	22	23	24	25	26	27	28	29	30	31	32	33	34	35	36	37	38	39	40	41	42	43	44	45	46	47	48	49	50	51	52	53	54	55	56	57	58	59	60	61	62	63	64	65	66	67	68	69	70	71	72	73	74	75	76	77	78	79	80	81	82	83	84	85	86	87	88	89	90	91	92	93	94	95	96	97	98	99	100	101	102	103	104	105	106	107	108	109	110	111	112	113	114	115	116	117	118	119	120	121	122	123	124	125	126	127	128	129	130	131	132	133	134	135	136	137	138	139	140	141	142	143	144	145	146	147	148	149	150	151	152	153	154	155	156	157	158	159	160	161	162	163	164	165	166	167	168	169	170	171	172	173	174	175	176	177	178	179	180	181	182	183	184	185	186	187	188	189	190	191	192	193	194	195	196	197	198	199	200	201	202	203	204	205	206	207	208	209	210	211	212	213	214	215	216	217	218	219	220	221	222	223	224	225	226	227	228	229	230	231	232	233	234	235	236	237	238	239	240	241	242	243	244	245	246	247	248	249	250	251	252	253	254	255	256	257	258	259	260	261	262	263	264	265	266	267	268	269	270	271	272	273	274	275	276	277	278	279	280	281	282	283	284	285	286	287	288	289	290	291	292	293	294	295	296	297	298	299	300	301	302	303	304	305	306	307	308	309	310	311	312	313	314	315	316	317	318	319	320	321	322	323	324	325	326	327	328	329	330	331	332	333	334	335	336	337	338	339	340	341	342	343	344	345	346	347	348	349	350	351	352	353	354	355	356	357	358	359	360	361	362	363	364	365	366	367	368	369	370	371	372	373	374	375	376	377	378	379	380	381	382	383	384	385	386	387	388	389	390	391	392	393	394	395	396	397	398	399	400	401	402	403	404	405	406	407	408	409	410	411	412	413	414	415	416	417	418	419	420	421	422	423	424	425	426	427	428	429	430	431	432	433	434	435	436	437	438	439	440	441	442	443	444	445	446	447	448	449	450	451	452	453	454	455	456	457	458	459	460	461	462	463	464	465	466	467	468	469	470	471	472	473	474	475	476	477	478	479	480	481	482	483	484	485	486	487	488	489	490	491	492	493	494	495	496	497	498	499	500	501	502	503	504	505	506	507	508	509	510	511	512	513	514	515	516	517	518	519	520	521	522	523	524	525	526	527	528	529	530	531	532	533	534	535	536	537	538	539	540	541	542	543	544	545	546	547	548	549	550	551	552	553	554	555	556	557	558	559	560	561	562	563	564	565	566	567	568	569	570	571	572	573	574	575	576	577	578	579	580	581	582	583	584	585	586	587	588	589	590	591	592	593	594	595	596	597	598	599	600	601	602	603	604	605	606	607	608	609	610	611	612	613	614	615	616	617	618	619	620	621	622	623	624	625	626	627	628	629	630	631	632	633	634	635	636	637	638	639	640	641	642	643	644	645	646	647	648	649	650	651	652	653	654	655	656	657	658	659	660	661	662	663	664	665	666	667	668	669	670	671	672	673	674	675	676	677	678	679	680	681	682	683	684	685	686	687	688	689	690	691	692	693	694	695	696	697	698	699	700	701	702	703	704	705	706	707	708	709	710	711	712	713	714	715	716	717	718	719	720	721	722	723	724	725	726	727	728	729	730	731	732	733	734	735	736	737	738	739	740	741	742	743	744	745	746	747	748	749	750	751	752	753	754	755	756	757	758	759	760	761	762	763	764	765	766	767	768	769	770	771	772	773	774	775	776	777	778	779	780	781	782	783	784	785	786	787	788	789	790	791	792	793	794	795	796	797	798	799	800	801	802	803	804	805	806	807	808	809	810	811	812	813	814	815	816	817	818	819	820	821	822	823	824	825	826	827	828	829	830	831	832	833	834	835	836	837	838	839	840	841	842	843	844	845	846	847	848	849	850	851	852	853	854	855	856	857	858	859	860	861	862	863	864	865	866	867	868	869	870	871	872	873	874	875	876	877	878	879	880	881	882	883	884	885	886	887	888	889	890	891	892	893	894	895	896	897	898	899	900	901	902	903	904	905	906	907	908	909	910	911	912	913	914	915	916	917	918	919	920	921	922	923	924	925	926	927	928	929	930	931	932	933	934	935	936	937	938	939	940	941	942	943	944	945	946	947	948	949	950	951	952	953	954	955	956	957	958	959	960	961	962	963	964	965	966	967	968	969	970	971	972	973	974	975	976	977	978	979	980	981	982	983	984	985	986	987	988	989	990	991	992	993	994	995	996	997	998	999	1000	1001	1002	1003	1004	1005	1006	1007	1008	1009	1010	1011	1012	1013	1014	1015	1016	1017	1018	1019	1020	1021	1022	1023	1024	1025	1026	1027	1028	1029	1030	1031	1032	1033	1034	1035	1036	1037	1038	1039	1040	1041	1042	1043	1044	1045	1046	1047	1048	1049	1050	1051	1052	1053	1054	1055	1056	1057	1058	1059	1060	1061	1062	1063	1064	1065	1066	1067	1068	1069	1070	1071	1072	1073	1074	1075	1076	1077	1078	1079	1080	1081	1082	1083	1084	1085	1086	1087	1088	1089	1090	1091	1092	1093	1094	1095	1096	1097	1098	1099	1100	1101	1102	1103	1104	1105	1106	1107	1108	1109	1110	1111	1112	1113	1114	1115	1116	1117	1118	1119	1120	1121	1122	1123	1124	1125	1126	1127	1128	1129	1130	1131	1132	1133	1134	1135	1136	1137	1138	1139	1140	1141	1142	1143	1144	1145	1146	1147	1148	1149	1150	1151	1152	1153	1154	1155	1156	1157	1158	1159	1160	1161	1162	1163	1164	1165	1166	1167	1168	1169	1170	1171	1172	1173	1174	1175	1176	1177	1178	1179	1180	1181	1182	1183	1184	1185	1186	1187	1188	1189	1190	1191	1192	1193	1194	1195	1196	1197	1198	1199	1200	1201	1202	1203	1204	1205	1206	1207	1208	1209	1210	1211	1212	1213	1214	1215	1216	1217	1218	1219	1220	1221	1222	1223	1224	1225	1226	1227	1228	1229	1230	1231	1232	1233	1234	1235	1236	1237	1238	1239	1240	1241	1242	1243	1244	1245	1246	1247	1248	1249	1250	1251	1252	1253	1254	1255	1256	1257	1258	1259	1260	1261	1262	1263	1264	1265	1266	1267	1268	1269	1270	1271	1272	1273	1274	1275	1276	1277	1278	1279	1280	1281	1282	1283	1284	1285	1286	1287	1288	1289	1290	1291	1292	1293	1294	1295	1296	1297	1298	1299	1300	1301	1302	1303	1304	1305	1306	1307	1308	1309	1310	1311	1312	1313	1314	1315	1316	1317	1318	1319	1320	1321	1322	1323	1324	1325	1326	1327	1328	1329	1330	1331	1332	1333	1334	1335	1336	1337	1338	1339	1340	1341	
