2198
120	100	160
0	40	52	16	
1	40	52	16	
2	40	52	16	
3	40	52	16	
4	40	52	16	
5	40	52	16	
6	40	52	16	
7	40	52	16	
8	40	52	16	
9	40	52	16	
10	40	52	16	
11	40	52	16	
12	40	52	16	
13	40	52	16	
14	40	52	16	
15	40	52	16	
16	40	52	16	
17	40	52	16	
18	40	52	16	
19	40	52	16	
20	40	52	16	
21	40	52	16	
22	40	52	16	
23	40	52	16	
24	40	52	16	
25	40	52	16	
26	40	52	16	
27	40	52	16	
28	40	52	16	
29	40	52	16	
30	34	48	16	
31	34	48	16	
32	34	48	16	
33	34	48	16	
34	34	48	16	
35	34	48	16	
36	34	48	16	
37	34	48	16	
38	34	48	16	
39	34	48	16	
40	34	48	16	
41	34	48	16	
42	34	48	16	
43	34	48	16	
44	34	48	16	
45	34	48	16	
46	34	48	16	
47	34	48	16	
48	34	48	16	
49	34	48	16	
50	34	48	16	
51	34	48	16	
52	34	48	16	
53	34	48	16	
54	34	48	16	
55	34	48	16	
56	34	48	16	
57	34	48	16	
58	34	48	16	
59	34	48	16	
60	18	23	24	
61	18	23	24	
62	18	23	24	
63	18	23	24	
64	18	23	24	
65	18	23	24	
66	18	23	24	
67	18	23	24	
68	18	23	24	
69	18	23	24	
70	18	23	24	
71	18	23	24	
72	16	21	15	
73	16	21	15	
74	24	30	10	
75	24	30	10	
76	24	30	10	
77	24	30	10	
78	24	30	10	
79	24	30	10	
80	24	30	10	
81	24	30	10	
82	24	30	10	
83	24	30	10	
84	24	30	10	
85	24	30	10	
86	24	30	10	
87	24	30	10	
88	24	30	10	
89	24	30	10	
90	24	30	10	
91	24	30	10	
92	24	30	10	
93	24	30	10	
94	24	30	10	
95	24	30	10	
96	24	30	10	
97	24	30	10	
98	24	30	10	
99	24	30	10	
100	24	30	10	
101	24	30	10	
102	24	30	10	
103	24	30	10	
104	24	30	10	
105	24	30	10	
106	24	30	10	
107	24	30	10	
108	24	30	10	
109	24	30	10	
110	24	30	10	
111	24	30	10	
112	24	30	10	
113	24	30	10	
114	24	30	10	
115	24	30	10	
116	24	30	10	
117	24	30	10	
118	24	30	10	
119	24	30	10	
120	24	30	10	
121	24	30	10	
122	24	30	10	
123	24	30	10	
124	24	30	10	
125	24	30	10	
126	24	30	10	
127	24	30	10	
128	24	30	10	
129	24	30	10	
130	24	30	10	
131	24	30	10	
132	24	30	10	
133	24	30	10	
134	24	30	10	
135	24	30	10	
136	24	30	10	
137	24	30	10	
138	24	30	10	
139	24	30	10	
140	24	30	10	
141	24	30	10	
142	24	30	10	
143	24	30	10	
144	24	30	10	
145	24	30	10	
146	24	30	10	
147	24	30	10	
148	24	30	10	
149	24	30	10	
150	24	30	10	
151	24	30	10	
152	24	30	10	
153	24	30	10	
154	48	35	16	
155	48	35	16	
156	48	35	16	
157	48	35	16	
158	48	35	16	
159	48	35	16	
160	48	35	16	
161	48	35	16	
162	48	35	16	
163	48	35	16	
164	48	35	16	
165	48	35	16	
166	48	35	16	
167	48	35	16	
168	48	35	16	
169	48	35	16	
170	48	35	16	
171	48	35	16	
172	48	35	16	
173	48	35	16	
174	48	35	16	
175	48	35	16	
176	48	35	16	
177	48	35	16	
178	48	35	16	
179	48	35	16	
180	48	35	16	
181	48	35	16	
182	48	35	16	
183	48	35	16	
184	48	35	16	
185	48	35	16	
186	48	35	16	
187	48	35	16	
188	48	35	16	
189	48	35	16	
190	48	35	16	
191	48	35	16	
192	48	35	16	
193	48	35	16	
194	24	30	10	
195	24	30	10	
196	24	30	10	
197	24	30	10	
198	24	30	10	
199	24	30	10	
200	24	30	10	
201	24	30	10	
202	24	30	10	
203	24	30	10	
204	24	30	10	
205	24	30	10	
206	24	30	10	
207	24	30	10	
208	24	30	10	
209	24	30	10	
210	24	40	60	
211	24	40	60	
212	24	40	33	
213	24	30	10	
214	24	30	10	
215	24	30	10	
216	24	30	10	
217	24	30	10	
218	24	30	10	
219	24	30	10	
220	24	30	10	
221	24	30	10	
222	24	30	10	
223	24	30	10	
224	24	30	10	
225	24	30	10	
226	24	30	10	
227	24	30	10	
228	24	30	10	
229	24	30	10	
230	24	30	10	
231	24	30	10	
232	24	30	10	
233	24	30	10	
234	24	30	10	
235	24	30	10	
236	24	30	10	
237	24	30	10	
238	24	30	10	
239	24	30	10	
240	24	30	10	
241	24	30	10	
242	24	30	10	
243	24	30	10	
244	24	30	10	
245	24	30	10	
246	24	30	10	
247	24	30	10	
248	24	30	10	
249	24	30	10	
250	24	30	10	
251	24	30	10	
252	24	30	10	
253	24	30	10	
254	24	30	10	
255	24	30	10	
256	24	30	10	
257	24	30	10	
258	24	30	10	
259	24	30	10	
260	24	30	10	
261	24	30	10	
262	24	30	10	
263	24	30	10	
264	24	30	10	
265	24	30	10	
266	24	30	10	
267	24	30	10	
268	24	30	10	
269	24	30	10	
270	24	30	10	
271	24	30	10	
272	24	30	10	
273	24	30	10	
274	24	30	10	
275	24	30	10	
276	24	30	10	
277	24	30	10	
278	24	30	10	
279	24	30	10	
280	24	30	10	
281	24	30	10	
282	24	30	10	
283	24	30	10	
284	24	30	10	
285	24	30	10	
286	24	30	10	
287	24	30	10	
288	24	30	10	
289	24	30	10	
290	24	30	10	
291	24	30	10	
292	24	30	10	
293	48	35	16	
294	48	35	16	
295	48	35	16	
296	48	35	16	
297	48	35	16	
298	48	35	16	
299	48	35	16	
300	48	35	16	
301	48	35	16	
302	48	35	16	
303	48	35	16	
304	48	35	16	
305	48	35	16	
306	48	35	16	
307	48	35	16	
308	48	35	16	
309	48	35	16	
310	48	35	16	
311	48	35	16	
312	48	35	16	
313	48	35	16	
314	48	35	16	
315	48	35	16	
316	48	35	16	
317	48	35	16	
318	48	35	16	
319	48	35	16	
320	48	35	16	
321	48	35	16	
322	48	35	16	
323	48	35	16	
324	48	35	16	
325	48	35	16	
326	48	35	16	
327	48	35	16	
328	48	35	16	
329	48	35	16	
330	48	35	16	
331	48	35	16	
332	48	35	16	
333	24	30	10	
334	24	30	10	
335	24	30	10	
336	24	30	10	
337	24	30	10	
338	24	30	10	
339	24	30	10	
340	24	30	10	
341	24	30	10	
342	24	30	10	
343	24	30	10	
344	24	30	10	
345	24	30	10	
346	24	30	10	
347	24	30	10	
348	24	30	10	
349	24	40	60	
350	24	40	60	
351	24	40	33	
352	24	34	31	
353	24	34	31	
354	24	34	31	
355	24	34	31	
356	24	34	31	
357	24	34	31	
358	24	34	31	
359	24	34	31	
360	24	34	31	
361	24	34	31	
362	24	34	31	
363	24	34	31	
364	24	34	31	
365	24	34	31	
366	24	34	31	
367	24	34	31	
368	24	34	31	
369	24	34	31	
370	24	34	31	
371	24	34	31	
372	24	34	31	
373	24	34	31	
374	24	34	31	
375	24	34	31	
376	24	34	31	
377	17	39	58	
378	17	39	58	
379	17	39	58	
380	17	39	58	
381	17	39	58	
382	17	39	58	
383	17	39	58	
384	17	39	58	
385	17	39	58	
386	17	39	58	
387	17	39	58	
388	17	39	58	
389	17	39	58	
390	17	39	58	
391	30	27	49	
392	30	27	49	
393	30	27	49	
394	30	27	49	
395	30	27	49	
396	30	27	49	
397	30	27	49	
398	30	27	49	
399	30	27	49	
400	30	27	49	
401	30	27	49	
402	30	27	49	
403	30	21	13	
404	30	21	13	
405	30	21	13	
406	30	21	13	
407	17	15	22	
408	17	15	22	
409	17	15	22	
410	17	15	22	
411	17	15	22	
412	17	15	22	
413	17	15	22	
414	17	15	22	
415	17	15	22	
416	17	15	22	
417	17	15	22	
418	17	15	22	
419	17	15	22	
420	17	15	22	
421	26	24	22	
422	26	24	22	
423	26	24	22	
424	26	24	22	
425	26	24	22	
426	26	24	22	
427	26	24	22	
428	26	24	22	
429	15	17	22	
430	15	17	22	
431	24	34	31	
432	24	34	31	
433	24	34	31	
434	24	34	31	
435	24	34	31	
436	24	34	31	
437	24	34	31	
438	24	34	31	
439	24	34	31	
440	24	34	31	
441	24	34	31	
442	24	34	31	
443	24	34	31	
444	24	34	31	
445	24	34	31	
446	24	34	31	
447	24	34	31	
448	24	34	31	
449	24	34	31	
450	24	34	31	
451	24	34	31	
452	24	34	31	
453	24	34	31	
454	24	34	31	
455	24	34	31	
456	17	39	58	
457	17	39	58	
458	17	39	58	
459	17	39	58	
460	17	39	58	
461	17	39	58	
462	17	39	58	
463	17	39	58	
464	17	39	58	
465	17	39	58	
466	17	39	58	
467	17	39	58	
468	17	39	58	
469	17	39	58	
470	30	27	49	
471	30	27	49	
472	30	27	49	
473	30	27	49	
474	30	27	49	
475	30	27	49	
476	30	27	49	
477	30	27	49	
478	30	27	49	
479	30	27	49	
480	30	27	49	
481	30	27	49	
482	30	21	13	
483	30	21	13	
484	30	21	13	
485	30	21	13	
486	17	15	22	
487	17	15	22	
488	17	15	22	
489	17	15	22	
490	17	15	22	
491	17	15	22	
492	17	15	22	
493	17	15	22	
494	17	15	22	
495	17	15	22	
496	17	15	22	
497	17	15	22	
498	17	15	22	
499	17	15	22	
500	26	24	22	
501	26	24	22	
502	26	24	22	
503	26	24	22	
504	26	24	22	
505	26	24	22	
506	26	24	22	
507	26	24	22	
508	15	17	22	
509	15	17	22	
510	35	48	16	
511	35	48	16	
512	35	48	16	
513	35	48	16	
514	35	48	16	
515	35	48	16	
516	35	48	16	
517	35	48	16	
518	35	48	16	
519	35	48	16	
520	35	48	16	
521	35	48	16	
522	35	48	16	
523	35	48	16	
524	35	48	16	
525	35	48	16	
526	35	48	16	
527	35	48	16	
528	35	48	16	
529	35	48	16	
530	35	48	16	
531	35	48	16	
532	35	48	16	
533	35	48	16	
534	35	48	16	
535	35	48	16	
536	35	48	16	
537	35	48	16	
538	35	48	16	
539	35	48	16	
540	31	34	24	
541	31	34	24	
542	31	34	24	
543	31	34	24	
544	31	34	24	
545	31	34	24	
546	31	34	24	
547	31	34	24	
548	31	34	24	
549	31	34	24	
550	31	34	24	
551	31	34	24	
552	31	34	24	
553	31	34	24	
554	31	34	24	
555	31	34	24	
556	31	34	24	
557	31	34	24	
558	23	18	24	
559	23	18	24	
560	23	18	24	
561	23	18	24	
562	23	18	24	
563	23	18	24	
564	23	18	24	
565	23	18	24	
566	23	18	24	
567	23	18	24	
568	23	18	24	
569	23	18	24	
570	23	18	24	
571	23	18	24	
572	23	18	24	
573	23	18	24	
574	23	18	24	
575	23	18	24	
576	23	18	24	
577	23	18	24	
578	23	18	24	
579	23	18	24	
580	23	18	24	
581	23	18	24	
582	23	18	24	
583	23	18	24	
584	23	18	24	
585	23	18	24	
586	23	18	24	
587	23	18	24	
588	21	17	16	
589	21	17	16	
590	21	17	16	
591	21	17	16	
592	21	17	16	
593	21	17	16	
594	21	17	16	
595	21	17	16	
596	28	17	15	
597	28	17	15	
598	28	17	15	
599	28	17	15	
600	27	34	20	
601	27	34	20	
602	27	34	20	
603	27	34	20	
604	27	34	20	
605	27	34	20	
606	27	34	20	
607	27	34	20	
608	15	16	18	
609	15	16	18	
610	15	16	18	
611	15	16	18	
612	15	16	18	
613	15	16	18	
614	15	16	18	
615	15	16	18	
616	15	16	18	
617	15	16	18	
618	15	16	18	
619	15	16	18	
620	15	16	18	
621	15	16	18	
622	15	16	18	
623	15	16	18	
624	15	16	18	
625	15	16	18	
626	13	48	34	
627	25	20	30	
628	25	20	30	
629	25	20	30	
630	25	20	30	
631	25	20	30	
632	25	20	30	
633	25	20	30	
634	25	20	30	
635	25	20	30	
636	25	20	30	
637	25	20	30	
638	25	20	30	
639	25	20	30	
640	25	20	30	
641	25	20	30	
642	25	20	30	
643	25	20	30	
644	25	20	30	
645	25	20	30	
646	25	20	30	
647	37	33	39	
648	37	33	39	
649	37	33	39	
650	37	33	39	
651	37	33	39	
652	37	33	39	
653	37	33	39	
654	37	33	39	
655	37	33	39	
656	25	26	12	
657	25	26	12	
658	25	26	12	
659	29	20	11	
660	11	22	13	
661	11	22	13	
662	11	22	13	
663	7	19	13	
664	39	58	17	
665	39	58	17	
666	39	58	17	
667	39	58	17	
668	39	58	17	
669	39	58	17	
670	39	58	17	
671	13	22	11	
672	13	22	11	
673	13	22	11	
674	13	22	11	
675	13	22	11	
676	13	22	11	
677	19	14	11	
678	17	42	26	
679	17	42	26	
680	17	42	26	
681	17	42	26	
682	17	42	26	
683	17	42	26	
684	17	42	26	
685	17	42	26	
686	17	42	26	
687	17	42	26	
688	19	14	11	
689	29	37	26	
690	29	37	26	
691	29	37	26	
692	29	37	26	
693	29	37	26	
694	24	21	39	
695	24	21	39	
696	24	21	39	
697	24	21	39	
698	24	21	39	
699	24	21	39	
700	24	21	39	
701	24	21	39	
702	24	21	39	
703	16	21	13	
704	16	21	13	
705	16	21	13	
706	20	25	30	
707	20	25	30	
708	20	25	30	
709	20	25	30	
710	20	25	30	
711	20	25	30	
712	20	25	30	
713	20	25	30	
714	20	25	30	
715	20	25	30	
716	20	25	30	
717	20	25	30	
718	20	25	30	
719	20	25	30	
720	20	25	30	
721	20	25	30	
722	14	25	20	
723	14	25	20	
724	14	25	20	
725	14	25	20	
726	14	25	20	
727	14	25	20	
728	14	25	20	
729	14	25	20	
730	25	20	30	
731	25	20	30	
732	25	20	30	
733	25	20	30	
734	25	20	30	
735	25	20	30	
736	25	20	30	
737	25	20	30	
738	25	20	30	
739	25	20	30	
740	25	20	30	
741	25	20	30	
742	25	20	30	
743	25	20	30	
744	25	20	30	
745	25	20	30	
746	25	20	30	
747	25	20	30	
748	25	20	30	
749	25	20	30	
750	37	33	39	
751	37	33	39	
752	37	33	39	
753	37	33	39	
754	37	33	39	
755	37	33	39	
756	37	33	39	
757	37	33	39	
758	37	33	39	
759	25	26	12	
760	25	26	12	
761	25	26	12	
762	29	20	11	
763	11	22	13	
764	11	22	13	
765	11	22	13	
766	7	19	13	
767	39	58	17	
768	39	58	17	
769	39	58	17	
770	39	58	17	
771	39	58	17	
772	39	58	17	
773	39	58	17	
774	13	22	11	
775	13	22	11	
776	13	22	11	
777	13	22	11	
778	13	22	11	
779	13	22	11	
780	19	14	11	
781	17	42	26	
782	17	42	26	
783	17	42	26	
784	17	42	26	
785	17	42	26	
786	17	42	26	
787	17	42	26	
788	17	42	26	
789	17	42	26	
790	17	42	26	
791	19	14	11	
792	29	37	26	
793	29	37	26	
794	29	37	26	
795	29	37	26	
796	29	37	26	
797	24	21	39	
798	24	21	39	
799	24	21	39	
800	24	21	39	
801	24	21	39	
802	24	21	39	
803	24	21	39	
804	24	21	39	
805	24	21	39	
806	16	21	13	
807	16	21	13	
808	16	21	13	
809	20	25	30	
810	20	25	30	
811	20	25	30	
812	20	25	30	
813	20	25	30	
814	20	25	30	
815	20	25	30	
816	20	25	30	
817	20	25	30	
818	20	25	30	
819	20	25	30	
820	20	25	30	
821	20	25	30	
822	20	25	30	
823	20	25	30	
824	20	25	30	
825	14	25	20	
826	14	25	20	
827	14	25	20	
828	14	25	20	
829	14	25	20	
830	14	25	20	
831	14	25	20	
832	14	25	20	
833	36	29	34	
834	36	29	34	
835	36	29	34	
836	36	29	34	
837	36	29	34	
838	36	29	34	
839	36	29	34	
840	36	29	34	
841	36	29	34	
842	36	29	34	
843	36	29	34	
844	36	29	34	
845	15	16	21	
846	15	16	21	
847	35	48	16	
848	35	48	16	
849	35	48	16	
850	35	48	16	
851	35	48	16	
852	35	48	16	
853	35	48	16	
854	35	48	16	
855	35	48	16	
856	35	48	16	
857	35	48	16	
858	35	48	16	
859	35	48	16	
860	35	48	16	
861	35	48	16	
862	35	48	16	
863	35	48	16	
864	35	48	16	
865	35	48	16	
866	35	48	16	
867	35	48	16	
868	35	48	16	
869	35	48	16	
870	35	48	16	
871	35	48	16	
872	35	48	16	
873	35	48	16	
874	35	48	16	
875	35	48	16	
876	35	48	16	
877	30	13	11	
878	30	13	11	
879	30	13	11	
880	30	13	11	
881	30	13	11	
882	30	13	11	
883	24	23	18	
884	24	23	18	
885	24	23	18	
886	24	23	18	
887	24	23	18	
888	24	23	18	
889	24	23	18	
890	24	23	18	
891	24	23	18	
892	24	23	18	
893	24	23	18	
894	24	23	18	
895	24	23	18	
896	24	23	18	
897	24	23	18	
898	24	23	18	
899	24	23	18	
900	24	23	18	
901	24	23	18	
902	24	23	18	
903	24	23	18	
904	24	23	18	
905	24	23	18	
906	24	23	18	
907	24	23	18	
908	24	23	18	
909	24	23	18	
910	24	23	18	
911	24	23	18	
912	24	23	18	
913	60	23	25	
914	60	23	25	
915	60	23	25	
916	60	23	25	
917	26	14	21	
918	26	14	21	
919	26	14	21	
920	18	15	19	
921	15	16	18	
922	15	16	18	
923	15	16	18	
924	15	16	18	
925	15	16	18	
926	15	16	18	
927	15	16	18	
928	15	16	18	
929	15	16	18	
930	15	16	18	
931	15	16	18	
932	15	16	18	
933	15	16	18	
934	15	16	18	
935	15	16	18	
936	15	16	18	
937	15	16	18	
938	15	16	18	
939	14	25	29	
940	15	23	25	
941	12	25	26	
942	12	25	26	
943	12	25	26	
944	12	16	41	
945	12	16	41	
946	36	29	34	
947	36	29	34	
948	36	29	34	
949	36	29	34	
950	36	29	34	
951	36	29	34	
952	36	29	34	
953	36	29	34	
954	36	29	34	
955	36	29	34	
956	36	29	34	
957	36	29	34	
958	15	16	21	
959	15	16	21	
960	35	48	16	
961	35	48	16	
962	35	48	16	
963	35	48	16	
964	35	48	16	
965	35	48	16	
966	35	48	16	
967	35	48	16	
968	35	48	16	
969	35	48	16	
970	35	48	16	
971	35	48	16	
972	35	48	16	
973	35	48	16	
974	35	48	16	
975	35	48	16	
976	35	48	16	
977	35	48	16	
978	35	48	16	
979	35	48	16	
980	35	48	16	
981	35	48	16	
982	35	48	16	
983	35	48	16	
984	35	48	16	
985	35	48	16	
986	35	48	16	
987	35	48	16	
988	35	48	16	
989	35	48	16	
990	30	13	11	
991	30	13	11	
992	30	13	11	
993	30	13	11	
994	30	13	11	
995	30	13	11	
996	24	23	18	
997	24	23	18	
998	24	23	18	
999	24	23	18	
1000	24	23	18	
1001	24	23	18	
1002	24	23	18	
1003	24	23	18	
1004	24	23	18	
1005	24	23	18	
1006	24	23	18	
1007	24	23	18	
1008	24	23	18	
1009	24	23	18	
1010	24	23	18	
1011	24	23	18	
1012	24	23	18	
1013	24	23	18	
1014	24	23	18	
1015	24	23	18	
1016	24	23	18	
1017	24	23	18	
1018	24	23	18	
1019	24	23	18	
1020	24	23	18	
1021	24	23	18	
1022	24	23	18	
1023	24	23	18	
1024	24	23	18	
1025	24	23	18	
1026	60	23	25	
1027	60	23	25	
1028	60	23	25	
1029	60	23	25	
1030	26	14	21	
1031	26	14	21	
1032	26	14	21	
1033	18	15	19	
1034	15	16	18	
1035	15	16	18	
1036	15	16	18	
1037	15	16	18	
1038	15	16	18	
1039	15	16	18	
1040	15	16	18	
1041	15	16	18	
1042	15	16	18	
1043	15	16	18	
1044	15	16	18	
1045	15	16	18	
1046	15	16	18	
1047	15	16	18	
1048	15	16	18	
1049	15	16	18	
1050	15	16	18	
1051	15	16	18	
1052	14	25	29	
1053	15	23	25	
1054	12	25	26	
1055	12	25	26	
1056	12	25	26	
1057	12	16	41	
1058	12	16	41	
1059	34	29	36	
1060	34	29	36	
1061	34	29	36	
1062	34	29	36	
1063	34	29	36	
1064	34	29	36	
1065	34	29	36	
1066	34	29	36	
1067	34	29	36	
1068	34	29	36	
1069	34	29	36	
1070	34	29	36	
1071	16	18	15	
1072	16	18	15	
1073	16	18	15	
1074	16	18	15	
1075	16	18	15	
1076	16	18	15	
1077	16	18	15	
1078	16	18	15	
1079	32	13	45	
1080	32	13	45	
1081	32	13	45	
1082	32	13	45	
1083	32	13	45	
1084	32	13	45	
1085	32	13	45	
1086	32	13	45	
1087	32	13	45	
1088	30	13	25	
1089	30	13	25	
1090	30	13	25	
1091	16	15	15	
1092	16	15	15	
1093	31	38	31	
1094	31	38	31	
1095	31	38	31	
1096	31	38	31	
1097	31	38	31	
1098	31	38	31	
1099	31	38	31	
1100	31	38	31	
1101	31	38	31	
1102	31	38	31	
1103	35	48	16	
1104	35	48	16	
1105	35	48	16	
1106	35	48	16	
1107	35	48	16	
1108	35	48	16	
1109	35	48	16	
1110	35	48	16	
1111	35	48	16	
1112	35	48	16	
1113	35	48	16	
1114	35	48	16	
1115	35	48	16	
1116	35	48	16	
1117	35	48	16	
1118	35	48	16	
1119	35	48	16	
1120	35	48	16	
1121	35	48	16	
1122	35	48	16	
1123	12	13	26	
1124	12	13	26	
1125	12	13	26	
1126	12	13	26	
1127	24	13	15	
1128	24	13	15	
1129	24	39	21	
1130	24	39	21	
1131	12	39	50	
1132	12	39	50	
1133	12	39	50	
1134	12	39	50	
1135	20	13	16	
1136	20	13	16	
1137	20	13	16	
1138	11	13	22	
1139	11	13	22	
1140	11	13	22	
1141	11	13	22	
1142	16	48	35	
1143	16	48	35	
1144	16	48	35	
1145	16	16	31	
1146	16	16	31	
1147	16	16	31	
1148	14	27	24	
1149	16	21	13	
1150	39	12	50	
1151	39	12	50	
1152	39	12	50	
1153	39	12	50	
1154	39	12	50	
1155	39	12	50	
1156	39	12	50	
1157	39	12	50	
1158	39	12	50	
1159	39	56	18	
1160	39	56	18	
1161	39	56	18	
1162	39	56	18	
1163	39	56	18	
1164	39	56	18	
1165	39	56	18	
1166	39	56	18	
1167	39	56	18	
1168	39	56	18	
1169	39	56	18	
1170	39	56	18	
1171	39	56	18	
1172	39	56	18	
1173	39	56	18	
1174	39	56	18	
1175	39	56	18	
1176	39	56	18	
1177	39	56	18	
1178	39	56	18	
1179	39	56	18	
1180	39	56	18	
1181	39	56	18	
1182	39	56	18	
1183	40	16	54	
1184	40	16	54	
1185	40	16	54	
1186	40	16	54	
1187	40	16	54	
1188	40	16	54	
1189	10	14	16	
1190	10	14	16	
1191	10	14	16	
1192	10	14	16	
1193	15	16	18	
1194	15	16	18	
1195	15	16	18	
1196	15	16	18	
1197	15	16	18	
1198	15	16	18	
1199	15	16	18	
1200	15	16	18	
1201	15	16	18	
1202	15	16	18	
1203	15	16	18	
1204	15	16	18	
1205	15	16	18	
1206	15	16	18	
1207	15	16	18	
1208	15	16	18	
1209	13	32	44	
1210	13	32	44	
1211	13	32	44	
1212	13	32	44	
1213	13	32	44	
1214	13	32	44	
1215	13	32	44	
1216	13	32	44	
1217	15	18	16	
1218	15	18	16	
1219	15	18	16	
1220	15	18	16	
1221	15	18	16	
1222	15	18	16	
1223	15	18	16	
1224	15	18	16	
1225	15	18	16	
1226	15	18	16	
1227	15	18	16	
1228	15	18	16	
1229	15	18	16	
1230	15	18	16	
1231	15	18	16	
1232	15	18	16	
1233	15	18	16	
1234	15	18	16	
1235	15	18	16	
1236	15	18	16	
1237	15	18	16	
1238	34	31	24	
1239	34	31	24	
1240	34	31	24	
1241	34	31	24	
1242	34	31	24	
1243	34	31	24	
1244	16	31	16	
1245	26	16	16	
1246	26	16	16	
1247	15	15	16	
1248	15	15	16	
1249	15	15	16	
1250	39	12	50	
1251	39	12	50	
1252	39	12	50	
1253	39	12	50	
1254	39	12	50	
1255	39	12	50	
1256	39	12	50	
1257	39	12	50	
1258	39	12	50	
1259	39	56	18	
1260	39	56	18	
1261	39	56	18	
1262	39	56	18	
1263	39	56	18	
1264	39	56	18	
1265	39	56	18	
1266	39	56	18	
1267	39	56	18	
1268	39	56	18	
1269	39	56	18	
1270	39	56	18	
1271	39	56	18	
1272	39	56	18	
1273	39	56	18	
1274	39	56	18	
1275	39	56	18	
1276	39	56	18	
1277	39	56	18	
1278	39	56	18	
1279	39	56	18	
1280	39	56	18	
1281	39	56	18	
1282	39	56	18	
1283	40	16	54	
1284	40	16	54	
1285	40	16	54	
1286	40	16	54	
1287	40	16	54	
1288	40	16	54	
1289	10	14	16	
1290	10	14	16	
1291	10	14	16	
1292	10	14	16	
1293	15	16	18	
1294	15	16	18	
1295	15	16	18	
1296	15	16	18	
1297	15	16	18	
1298	15	16	18	
1299	15	16	18	
1300	15	16	18	
1301	15	16	18	
1302	15	16	18	
1303	15	16	18	
1304	15	16	18	
1305	15	16	18	
1306	15	16	18	
1307	15	16	18	
1308	15	16	18	
1309	13	32	44	
1310	13	32	44	
1311	13	32	44	
1312	13	32	44	
1313	13	32	44	
1314	13	32	44	
1315	13	32	44	
1316	13	32	44	
1317	15	18	16	
1318	15	18	16	
1319	15	18	16	
1320	15	18	16	
1321	15	18	16	
1322	15	18	16	
1323	15	18	16	
1324	15	18	16	
1325	15	18	16	
1326	15	18	16	
1327	15	18	16	
1328	15	18	16	
1329	15	18	16	
1330	15	18	16	
1331	15	18	16	
1332	15	18	16	
1333	15	18	16	
1334	15	18	16	
1335	15	18	16	
1336	15	18	16	
1337	15	18	16	
1338	34	31	24	
1339	34	31	24	
1340	34	31	24	
1341	34	31	24	
1342	34	31	24	
1343	34	31	24	
1344	16	31	16	
1345	26	16	16	
1346	26	16	16	
1347	15	15	16	
1348	15	15	16	
1349	15	15	16	
1350	34	37	29	
1351	34	37	29	
1352	34	37	29	
1353	34	37	29	
1354	34	37	29	
1355	34	37	29	
1356	20	26	50	
1357	20	26	50	
1358	20	26	50	
1359	20	26	50	
1360	20	26	50	
1361	20	26	50	
1362	17	38	58	
1363	17	38	58	
1364	17	38	58	
1365	17	38	58	
1366	17	38	58	
1367	17	38	58	
1368	17	38	58	
1369	17	38	58	
1370	17	38	58	
1371	17	38	58	
1372	17	38	58	
1373	17	38	58	
1374	29	34	37	
1375	29	34	37	
1376	29	34	37	
1377	29	34	37	
1378	29	34	37	
1379	29	34	37	
1380	29	34	37	
1381	29	34	37	
1382	29	34	37	
1383	20	15	19	
1384	20	15	19	
1385	20	15	19	
1386	20	15	19	
1387	20	15	19	
1388	20	15	19	
1389	20	15	19	
1390	20	15	19	
1391	20	19	15	
1392	20	19	15	
1393	20	19	15	
1394	20	19	15	
1395	20	19	15	
1396	20	19	15	
1397	20	19	15	
1398	20	19	15	
1399	20	19	15	
1400	20	19	15	
1401	29	22	37	
1402	29	22	37	
1403	29	22	37	
1404	29	22	37	
1405	29	22	37	
1406	29	22	37	
1407	29	22	37	
1408	29	22	37	
1409	23	16	11	
1410	23	16	11	
1411	15	18	19	
1412	15	18	19	
1413	15	18	19	
1414	15	18	19	
1415	15	18	19	
1416	15	18	19	
1417	15	18	19	
1418	15	18	19	
1419	15	18	19	
1420	15	18	19	
1421	15	18	19	
1422	15	18	19	
1423	19	25	24	
1424	19	25	24	
1425	19	25	24	
1426	19	25	24	
1427	19	25	24	
1428	19	25	24	
1429	19	22	11	
1430	16	35	48	
1431	16	35	48	
1432	16	35	48	
1433	16	35	48	
1434	16	35	48	
1435	16	35	48	
1436	15	16	15	
1437	15	16	15	
1438	15	16	15	
1439	15	16	15	
1440	34	37	29	
1441	34	37	29	
1442	34	37	29	
1443	34	37	29	
1444	34	37	29	
1445	34	37	29	
1446	20	26	50	
1447	20	26	50	
1448	20	26	50	
1449	20	26	50	
1450	20	26	50	
1451	20	26	50	
1452	17	38	58	
1453	17	38	58	
1454	17	38	58	
1455	17	38	58	
1456	17	38	58	
1457	17	38	58	
1458	17	38	58	
1459	17	38	58	
1460	17	38	58	
1461	17	38	58	
1462	17	38	58	
1463	17	38	58	
1464	29	34	37	
1465	29	34	37	
1466	29	34	37	
1467	29	34	37	
1468	29	34	37	
1469	29	34	37	
1470	29	34	37	
1471	29	34	37	
1472	29	34	37	
1473	20	15	19	
1474	20	15	19	
1475	20	15	19	
1476	20	15	19	
1477	20	15	19	
1478	20	15	19	
1479	20	15	19	
1480	20	15	19	
1481	20	19	15	
1482	20	19	15	
1483	20	19	15	
1484	20	19	15	
1485	20	19	15	
1486	20	19	15	
1487	20	19	15	
1488	20	19	15	
1489	20	19	15	
1490	20	19	15	
1491	29	22	37	
1492	29	22	37	
1493	29	22	37	
1494	29	22	37	
1495	29	22	37	
1496	29	22	37	
1497	29	22	37	
1498	29	22	37	
1499	23	16	11	
1500	23	16	11	
1501	15	18	19	
1502	15	18	19	
1503	15	18	19	
1504	15	18	19	
1505	15	18	19	
1506	15	18	19	
1507	15	18	19	
1508	15	18	19	
1509	15	18	19	
1510	15	18	19	
1511	15	18	19	
1512	15	18	19	
1513	19	25	24	
1514	19	25	24	
1515	19	25	24	
1516	19	25	24	
1517	19	25	24	
1518	19	25	24	
1519	19	22	11	
1520	16	35	48	
1521	16	35	48	
1522	16	35	48	
1523	16	35	48	
1524	16	35	48	
1525	16	35	48	
1526	15	16	15	
1527	15	16	15	
1528	15	16	15	
1529	15	16	15	
1530	17	38	56	
1531	17	38	56	
1532	17	38	56	
1533	17	38	56	
1534	17	38	56	
1535	17	38	56	
1536	17	38	56	
1537	17	38	56	
1538	17	38	56	
1539	17	38	56	
1540	17	38	56	
1541	17	38	56	
1542	17	38	56	
1543	17	38	56	
1544	41	23	62	
1545	41	23	62	
1546	29	37	34	
1547	29	37	34	
1548	29	37	34	
1549	29	37	34	
1550	29	37	34	
1551	29	37	34	
1552	29	37	34	
1553	29	37	34	
1554	29	37	34	
1555	29	37	34	
1556	29	37	34	
1557	29	37	34	
1558	17	38	56	
1559	17	38	56	
1560	17	38	56	
1561	17	38	56	
1562	17	38	56	
1563	17	38	56	
1564	17	38	56	
1565	22	23	24	
1566	22	23	24	
1567	22	23	24	
1568	22	23	24	
1569	23	18	24	
1570	23	18	24	
1571	23	18	24	
1572	23	18	24	
1573	60	23	25	
1574	20	23	23	
1575	20	23	23	
1576	20	23	23	
1577	25	23	46	
1578	23	38	24	
1579	23	38	24	
1580	18	19	15	
1581	18	19	15	
1582	18	19	15	
1583	18	19	15	
1584	18	19	15	
1585	18	19	15	
1586	18	19	15	
1587	18	19	15	
1588	18	19	15	
1589	18	19	15	
1590	18	19	15	
1591	18	19	15	
1592	18	19	15	
1593	18	19	15	
1594	18	19	15	
1595	18	19	15	
1596	15	19	18	
1597	15	19	18	
1598	15	19	18	
1599	15	19	18	
1600	15	19	18	
1601	15	19	18	
1602	38	24	22	
1603	26	23	45	
1604	34	24	25	
1605	33	24	41	
1606	26	22	24	
1607	26	22	24	
1608	26	22	24	
1609	23	38	18	
1610	17	38	56	
1611	17	38	56	
1612	17	38	56	
1613	17	38	56	
1614	17	38	56	
1615	17	38	56	
1616	17	38	56	
1617	17	38	56	
1618	17	38	56	
1619	17	38	56	
1620	17	38	56	
1621	17	38	56	
1622	17	38	56	
1623	17	38	56	
1624	41	23	62	
1625	41	23	62	
1626	29	37	34	
1627	29	37	34	
1628	29	37	34	
1629	29	37	34	
1630	29	37	34	
1631	29	37	34	
1632	29	37	34	
1633	29	37	34	
1634	29	37	34	
1635	29	37	34	
1636	29	37	34	
1637	29	37	34	
1638	17	38	56	
1639	17	38	56	
1640	17	38	56	
1641	17	38	56	
1642	17	38	56	
1643	17	38	56	
1644	17	38	56	
1645	22	23	24	
1646	22	23	24	
1647	22	23	24	
1648	22	23	24	
1649	23	18	24	
1650	23	18	24	
1651	23	18	24	
1652	23	18	24	
1653	60	23	25	
1654	20	23	23	
1655	20	23	23	
1656	20	23	23	
1657	25	23	46	
1658	23	38	24	
1659	23	38	24	
1660	18	19	15	
1661	18	19	15	
1662	18	19	15	
1663	18	19	15	
1664	18	19	15	
1665	18	19	15	
1666	18	19	15	
1667	18	19	15	
1668	18	19	15	
1669	18	19	15	
1670	18	19	15	
1671	18	19	15	
1672	18	19	15	
1673	18	19	15	
1674	18	19	15	
1675	18	19	15	
1676	15	19	18	
1677	15	19	18	
1678	15	19	18	
1679	15	19	18	
1680	15	19	18	
1681	15	19	18	
1682	38	24	22	
1683	26	23	45	
1684	34	24	25	
1685	33	24	41	
1686	26	22	24	
1687	26	22	24	
1688	26	22	24	
1689	23	38	18	
1690	22	18	23	
1691	22	18	23	
1692	22	18	23	
1693	22	18	23	
1694	22	18	23	
1695	22	18	23	
1696	22	18	23	
1697	22	18	23	
1698	22	18	23	
1699	22	18	23	
1700	22	18	23	
1701	22	18	23	
1702	22	18	23	
1703	22	18	23	
1704	22	18	23	
1705	17	38	56	
1706	17	38	56	
1707	17	38	56	
1708	17	38	56	
1709	17	38	56	
1710	17	38	56	
1711	17	38	56	
1712	17	38	56	
1713	17	38	56	
1714	17	38	56	
1715	17	38	56	
1716	17	38	56	
1717	17	38	56	
1718	17	38	56	
1719	38	17	58	
1720	38	17	58	
1721	17	38	56	
1722	17	38	56	
1723	17	38	56	
1724	17	38	56	
1725	17	38	56	
1726	17	38	56	
1727	17	38	56	
1728	17	38	56	
1729	17	38	56	
1730	17	38	56	
1731	17	38	56	
1732	17	38	56	
1733	17	38	56	
1734	17	38	56	
1735	26	17	33	
1736	58	38	17	
1737	58	38	17	
1738	58	38	17	
1739	58	38	17	
1740	58	38	17	
1741	58	38	17	
1742	58	38	17	
1743	58	38	17	
1744	44	36	14	
1745	44	36	14	
1746	44	36	14	
1747	44	36	14	
1748	21	17	16	
1749	21	17	16	
1750	17	17	31	
1751	17	17	31	
1752	17	17	31	
1753	17	17	31	
1754	18	14	28	
1755	26	21	14	
1756	26	21	14	
1757	14	20	14	
1758	14	20	14	
1759	20	14	14	
1760	16	13	20	
1761	22	24	26	
1762	22	24	26	
1763	22	24	26	
1764	22	24	14	
1765	21	24	33	
1766	17	38	56	
1767	17	38	56	
1768	17	38	56	
1769	17	38	56	
1770	17	38	56	
1771	17	38	56	
1772	17	38	56	
1773	17	38	56	
1774	17	38	56	
1775	17	38	56	
1776	17	38	56	
1777	17	38	56	
1778	17	38	56	
1779	17	38	56	
1780	17	38	56	
1781	17	38	56	
1782	17	38	56	
1783	17	38	56	
1784	17	38	56	
1785	17	38	56	
1786	17	38	56	
1787	17	38	56	
1788	17	38	56	
1789	17	38	56	
1790	17	38	56	
1791	17	38	56	
1792	17	38	56	
1793	17	38	56	
1794	21	33	24	
1795	21	33	24	
1796	21	33	24	
1797	21	33	24	
1798	56	38	17	
1799	56	38	17	
1800	56	38	17	
1801	56	38	17	
1802	25	20	14	
1803	25	20	14	
1804	45	23	14	
1805	14	20	14	
1806	19	11	14	
1807	25	24	27	
1808	25	24	27	
1809	25	24	27	
1810	30	24	24	
1811	30	24	24	
1812	27	24	23	
1813	30	21	13	
1814	33	21	24	
1815	33	21	24	
1816	25	24	24	
1817	29	23	43	
1818	30	22	16	
1819	30	22	16	
1820	30	22	16	
1821	23	23	20	
1822	22	21	44	
1823	39	33	37	
1824	15	22	29	
1825	15	20	19	
1826	15	18	16	
1827	15	17	13	
1828	12	16	18	
1829	12	18	16	
1830	23	23	17	
1831	23	23	17	
1832	23	22	18	
1833	23	18	38	
1834	22	24	26	
1835	22	24	26	
1836	22	24	26	
1837	22	24	14	
1838	21	24	33	
1839	17	38	56	
1840	17	38	56	
1841	17	38	56	
1842	17	38	56	
1843	17	38	56	
1844	17	38	56	
1845	17	38	56	
1846	17	38	56	
1847	17	38	56	
1848	17	38	56	
1849	17	38	56	
1850	17	38	56	
1851	17	38	56	
1852	17	38	56	
1853	17	38	56	
1854	17	38	56	
1855	17	38	56	
1856	17	38	56	
1857	17	38	56	
1858	17	38	56	
1859	17	38	56	
1860	17	38	56	
1861	17	38	56	
1862	17	38	56	
1863	17	38	56	
1864	17	38	56	
1865	17	38	56	
1866	17	38	56	
1867	21	33	24	
1868	21	33	24	
1869	21	33	24	
1870	21	33	24	
1871	56	38	17	
1872	56	38	17	
1873	56	38	17	
1874	56	38	17	
1875	25	20	14	
1876	25	20	14	
1877	45	23	14	
1878	14	20	14	
1879	19	11	14	
1880	25	24	27	
1881	25	24	27	
1882	25	24	27	
1883	30	24	24	
1884	30	24	24	
1885	27	24	23	
1886	30	21	13	
1887	33	21	24	
1888	33	21	24	
1889	25	24	24	
1890	29	23	43	
1891	30	22	16	
1892	30	22	16	
1893	30	22	16	
1894	23	23	20	
1895	22	21	44	
1896	39	33	37	
1897	15	22	29	
1898	15	20	19	
1899	15	18	16	
1900	15	17	13	
1901	12	16	18	
1902	12	18	16	
1903	23	23	17	
1904	23	23	17	
1905	23	22	18	
1906	23	18	38	
1907	22	24	26	
1908	22	24	26	
1909	22	24	26	
1910	22	24	14	
1911	21	24	33	
1912	17	38	56	
1913	17	38	56	
1914	17	38	56	
1915	17	38	56	
1916	17	38	56	
1917	17	38	56	
1918	17	38	56	
1919	17	38	56	
1920	17	38	56	
1921	17	38	56	
1922	17	38	56	
1923	17	38	56	
1924	17	38	56	
1925	17	38	56	
1926	17	38	56	
1927	17	38	56	
1928	17	38	56	
1929	17	38	56	
1930	17	38	56	
1931	17	38	56	
1932	17	38	56	
1933	17	38	56	
1934	17	38	56	
1935	17	38	56	
1936	17	38	56	
1937	17	38	56	
1938	17	38	56	
1939	17	38	56	
1940	21	33	24	
1941	21	33	24	
1942	21	33	24	
1943	21	33	24	
1944	56	38	17	
1945	56	38	17	
1946	56	38	17	
1947	56	38	17	
1948	25	20	14	
1949	25	20	14	
1950	45	23	14	
1951	14	20	14	
1952	19	11	14	
1953	25	24	27	
1954	25	24	27	
1955	25	24	27	
1956	30	24	24	
1957	30	24	24	
1958	27	24	23	
1959	30	21	13	
1960	33	21	24	
1961	33	21	24	
1962	25	24	24	
1963	29	23	43	
1964	30	22	16	
1965	30	22	16	
1966	30	22	16	
1967	23	23	20	
1968	22	21	44	
1969	39	33	37	
1970	15	22	29	
1971	15	20	19	
1972	15	18	16	
1973	15	17	13	
1974	12	16	18	
1975	12	18	16	
1976	23	23	17	
1977	23	23	17	
1978	23	22	18	
1979	23	18	38	
1980	56	38	17	
1981	56	38	17	
1982	56	38	17	
1983	56	38	17	
1984	56	38	17	
1985	56	38	17	
1986	56	38	17	
1987	56	38	17	
1988	56	38	17	
1989	56	38	17	
1990	56	38	17	
1991	56	38	17	
1992	56	38	17	
1993	56	38	17	
1994	56	38	17	
1995	56	38	17	
1996	56	38	17	
1997	56	38	17	
1998	56	38	17	
1999	56	38	17	
2000	56	38	17	
2001	56	38	17	
2002	56	38	17	
2003	56	38	17	
2004	56	38	17	
2005	56	38	17	
2006	56	38	17	
2007	20	24	29	
2008	20	24	29	
2009	40	11	60	
2010	40	11	60	
2011	20	19	16	
2012	20	19	16	
2013	40	16	54	
2014	27	24	25	
2015	27	24	25	
2016	27	24	24	
2017	27	23	39	
2018	27	23	39	
2019	31	38	31	
2020	31	38	31	
2021	58	38	17	
2022	58	38	17	
2023	56	38	17	
2024	56	38	17	
2025	56	38	17	
2026	56	38	17	
2027	56	38	17	
2028	25	24	19	
2029	25	20	19	
2030	25	20	19	
2031	25	20	19	
2032	19	20	26	
2033	19	20	16	
2034	18	20	17	
2035	27	23	39	
2036	27	23	39	
2037	27	21	17	
2038	27	21	17	
2039	26	16	16	
2040	26	16	16	
2041	26	16	16	
2042	56	38	17	
2043	56	38	17	
2044	56	38	17	
2045	56	38	17	
2046	56	38	17	
2047	56	38	17	
2048	56	38	17	
2049	56	38	17	
2050	56	38	17	
2051	56	38	17	
2052	56	38	17	
2053	56	38	17	
2054	56	38	17	
2055	56	38	17	
2056	56	38	17	
2057	56	38	17	
2058	56	38	17	
2059	56	38	17	
2060	56	38	17	
2061	56	38	17	
2062	56	38	17	
2063	56	38	17	
2064	56	38	17	
2065	56	38	17	
2066	56	38	17	
2067	56	38	17	
2068	56	38	17	
2069	20	24	29	
2070	20	24	29	
2071	40	11	60	
2072	40	11	60	
2073	20	19	16	
2074	20	19	16	
2075	40	16	54	
2076	27	24	25	
2077	27	24	25	
2078	27	24	24	
2079	27	23	39	
2080	27	23	39	
2081	31	38	31	
2082	31	38	31	
2083	58	38	17	
2084	58	38	17	
2085	56	38	17	
2086	56	38	17	
2087	56	38	17	
2088	56	38	17	
2089	56	38	17	
2090	25	24	19	
2091	25	20	19	
2092	25	20	19	
2093	25	20	19	
2094	19	20	26	
2095	19	20	16	
2096	18	20	17	
2097	27	23	39	
2098	27	23	39	
2099	27	21	17	
2100	27	21	17	
2101	26	16	16	
2102	26	16	16	
2103	26	16	16	
2104	17	38	56	
2105	17	38	56	
2106	14	36	44	
2107	38	56	17	
2108	38	56	17	
2109	38	56	17	
2110	38	56	17	
2111	38	56	17	
2112	38	56	17	
2113	38	56	17	
2114	38	56	17	
2115	38	56	17	
2116	38	56	17	
2117	38	56	17	
2118	38	56	17	
2119	38	56	17	
2120	38	56	17	
2121	38	56	17	
2122	38	56	17	
2123	38	56	17	
2124	38	56	17	
2125	38	56	17	
2126	38	56	17	
2127	38	56	17	
2128	38	56	17	
2129	38	56	17	
2130	38	56	17	
2131	38	56	17	
2132	38	56	17	
2133	38	56	17	
2134	17	38	56	
2135	17	38	56	
2136	17	38	56	
2137	17	38	56	
2138	17	38	56	
2139	17	38	56	
2140	17	38	56	
2141	17	38	56	
2142	17	38	56	
2143	17	38	56	
2144	17	38	56	
2145	17	38	56	
2146	29	37	34	
2147	56	18	39	
2148	56	18	39	
2149	17	30	17	
2150	16	30	22	
2151	17	38	56	
2152	17	38	56	
2153	14	36	44	
2154	38	56	17	
2155	38	56	17	
2156	38	56	17	
2157	38	56	17	
2158	38	56	17	
2159	38	56	17	
2160	38	56	17	
2161	38	56	17	
2162	38	56	17	
2163	38	56	17	
2164	38	56	17	
2165	38	56	17	
2166	38	56	17	
2167	38	56	17	
2168	38	56	17	
2169	38	56	17	
2170	38	56	17	
2171	38	56	17	
2172	38	56	17	
2173	38	56	17	
2174	38	56	17	
2175	38	56	17	
2176	38	56	17	
2177	38	56	17	
2178	38	56	17	
2179	38	56	17	
2180	38	56	17	
2181	17	38	56	
2182	17	38	56	
2183	17	38	56	
2184	17	38	56	
2185	17	38	56	
2186	17	38	56	
2187	17	38	56	
2188	17	38	56	
2189	17	38	56	
2190	17	38	56	
2191	17	38	56	
2192	17	38	56	
2193	29	37	34	
2194	56	18	39	
2195	56	18	39	
2196	17	30	17	
2197	16	30	22	
0	1	2	3	4	5	6	7	8	9	10	11	12	13	14	15	16	17	18	19	20	21	22	23	24	25	26	27	28	29	30	31	32	33	34	35	36	37	38	39	40	41	42	43	44	45	46	47	48	49	50	51	52	53	54	55	56	57	58	59	60	61	62	63	64	65	66	67	68	69	70	71	72	73	74	75	76	77	78	79	80	81	82	83	84	85	86	87	88	89	90	91	92	93	94	95	96	97	98	99	100	101	102	103	104	105	106	107	108	109	110	111	112	113	114	115	116	117	118	119	120	121	122	123	124	125	126	127	128	129	130	131	132	133	134	135	136	137	138	139	140	141	142	143	144	145	146	147	148	149	150	151	152	153	154	155	156	157	158	159	160	161	162	163	164	165	166	167	168	169	170	171	172	173	174	175	176	177	178	179	180	181	182	183	184	185	186	187	188	189	190	191	192	193	194	195	196	197	198	199	200	201	202	203	204	205	206	207	208	209	210	211	212	213	214	215	216	217	218	219	220	221	222	223	224	225	226	227	228	229	230	231	232	233	234	235	236	237	238	239	240	241	242	243	244	245	246	247	248	249	250	251	252	253	254	255	256	257	258	259	260	261	262	263	264	265	266	267	268	269	270	271	272	273	274	275	276	277	278	279	280	281	282	283	284	285	286	287	288	289	290	291	292	293	294	295	296	297	298	299	300	301	302	303	304	305	306	307	308	309	310	311	312	313	314	315	316	317	318	319	320	321	322	323	324	325	326	327	328	329	330	331	332	333	334	335	336	337	338	339	340	341	342	343	344	345	346	347	348	349	350	351	352	353	354	355	356	357	358	359	360	361	362	363	364	365	366	367	368	369	370	371	372	373	374	375	376	377	378	379	380	381	382	383	384	385	386	387	388	389	390	391	392	393	394	395	396	397	398	399	400	401	402	403	404	405	406	407	408	409	410	411	412	413	414	415	416	417	418	419	420	421	422	423	424	425	426	427	428	429	430	431	432	433	434	435	436	437	438	439	440	441	442	443	444	445	446	447	448	449	450	451	452	453	454	455	456	457	458	459	460	461	462	463	464	465	466	467	468	469	470	471	472	473	474	475	476	477	478	479	480	481	482	483	484	485	486	487	488	489	490	491	492	493	494	495	496	497	498	499	500	501	502	503	504	505	506	507	508	509	510	511	512	513	514	515	516	517	518	519	520	521	522	523	524	525	526	527	528	529	530	531	532	533	534	535	536	537	538	539	540	541	542	543	544	545	546	547	548	549	550	551	552	553	554	555	556	557	558	559	560	561	562	563	564	565	566	567	568	569	570	571	572	573	574	575	576	577	578	579	580	581	582	583	584	585	586	587	588	589	590	591	592	593	594	595	596	597	598	599	600	601	602	603	604	605	606	607	608	609	610	611	612	613	614	615	616	617	618	619	620	621	622	623	624	625	626	627	628	629	630	631	632	633	634	635	636	637	638	639	640	641	642	643	644	645	646	647	648	649	650	651	652	653	654	655	656	657	658	659	660	661	662	663	664	665	666	667	668	669	670	671	672	673	674	675	676	677	678	679	680	681	682	683	684	685	686	687	688	689	690	691	692	693	694	695	696	697	698	699	700	701	702	703	704	705	706	707	708	709	710	711	712	713	714	715	716	717	718	719	720	721	722	723	724	725	726	727	728	729	730	731	732	733	734	735	736	737	738	739	740	741	742	743	744	745	746	747	748	749	750	751	752	753	754	755	756	757	758	759	760	761	762	763	764	765	766	767	768	769	770	771	772	773	774	775	776	777	778	779	780	781	782	783	784	785	786	787	788	789	790	791	792	793	794	795	796	797	798	799	800	801	802	803	804	805	806	807	808	809	810	811	812	813	814	815	816	817	818	819	820	821	822	823	824	825	826	827	828	829	830	831	832	833	834	835	836	837	838	839	840	841	842	843	844	845	846	847	848	849	850	851	852	853	854	855	856	857	858	859	860	861	862	863	864	865	866	867	868	869	870	871	872	873	874	875	876	877	878	879	880	881	882	883	884	885	886	887	888	889	890	891	892	893	894	895	896	897	898	899	900	901	902	903	904	905	906	907	908	909	910	911	912	913	914	915	916	917	918	919	920	921	922	923	924	925	926	927	928	929	930	931	932	933	934	935	936	937	938	939	940	941	942	943	944	945	946	947	948	949	950	951	952	953	954	955	956	957	958	959	960	961	962	963	964	965	966	967	968	969	970	971	972	973	974	975	976	977	978	979	980	981	982	983	984	985	986	987	988	989	990	991	992	993	994	995	996	997	998	999	1000	1001	1002	1003	1004	1005	1006	1007	1008	1009	1010	1011	1012	1013	1014	1015	1016	1017	1018	1019	1020	1021	1022	1023	1024	1025	1026	1027	1028	1029	1030	1031	1032	1033	1034	1035	1036	1037	1038	1039	1040	1041	1042	1043	1044	1045	1046	1047	1048	1049	1050	1051	1052	1053	1054	1055	1056	1057	1058	1059	1060	1061	1062	1063	1064	1065	1066	1067	1068	1069	1070	1071	1072	1073	1074	1075	1076	1077	1078	1079	1080	1081	1082	1083	1084	1085	1086	1087	1088	1089	1090	1091	1092	1093	1094	1095	1096	1097	1098	1099	1100	1101	1102	1103	1104	1105	1106	1107	1108	1109	1110	1111	1112	1113	1114	1115	1116	1117	1118	1119	1120	1121	1122	1123	1124	1125	1126	1127	1128	1129	1130	1131	1132	1133	1134	1135	1136	1137	1138	1139	1140	1141	1142	1143	1144	1145	1146	1147	1148	1149	1150	1151	1152	1153	1154	1155	1156	1157	1158	1159	1160	1161	1162	1163	1164	1165	1166	1167	1168	1169	1170	1171	1172	1173	1174	1175	1176	1177	1178	1179	1180	1181	1182	1183	1184	1185	1186	1187	1188	1189	1190	1191	1192	1193	1194	1195	1196	1197	1198	1199	1200	1201	1202	1203	1204	1205	1206	1207	1208	1209	1210	1211	1212	1213	1214	1215	1216	1217	1218	1219	1220	1221	1222	1223	1224	1225	1226	1227	1228	1229	1230	1231	1232	1233	1234	1235	1236	1237	1238	1239	1240	1241	1242	1243	1244	1245	1246	1247	1248	1249	1250	1251	1252	1253	1254	1255	1256	1257	1258	1259	1260	1261	1262	1263	1264	1265	1266	1267	1268	1269	1270	1271	1272	1273	1274	1275	1276	1277	1278	1279	1280	1281	1282	1283	1284	1285	1286	1287	1288	1289	1290	1291	1292	1293	1294	1295	1296	1297	1298	1299	1300	1301	1302	1303	1304	1305	1306	1307	1308	1309	1310	1311	1312	1313	1314	1315	1316	1317	1318	1319	1320	1321	1322	1323	1324	1325	1326	1327	1328	1329	1330	1331	1332	1333	1334	1335	1336	1337	1338	1339	1340	1341	1342	1343	1344	1345	1346	1347	1348	1349	1350	1351	1352	1353	1354	1355	1356	1357	1358	1359	1360	1361	1362	1363	1364	1365	1366	1367	1368	1369	1370	1371	1372	1373	1374	1375	1376	1377	1378	1379	1380	1381	1382	1383	1384	1385	1386	1387	1388	1389	1390	1391	1392	1393	1394	1395	1396	1397	1398	1399	1400	1401	1402	1403	1404	1405	1406	1407	1408	1409	1410	1411	1412	1413	1414	1415	1416	1417	1418	1419	1420	1421	1422	1423	1424	1425	1426	1427	1428	1429	1430	1431	1432	1433	1434	1435	1436	1437	1438	1439	1440	1441	1442	1443	1444	1445	1446	1447	1448	1449	1450	1451	1452	1453	1454	1455	1456	1457	1458	1459	1460	1461	1462	1463	1464	1465	1466	1467	1468	1469	1470	1471	1472	1473	1474	1475	1476	1477	1478	1479	1480	1481	1482	1483	1484	1485	1486	1487	1488	1489	1490	1491	1492	1493	1494	1495	1496	1497	1498	1499	1500	1501	1502	1503	1504	1505	1506	1507	1508	1509	1510	1511	1512	1513	1514	1515	1516	1517	1518	1519	1520	1521	1522	1523	1524	1525	1526	1527	1528	1529	1530	1531	1532	1533	1534	1535	1536	1537	1538	1539	1540	1541	1542	1543	1544	1545	1546	1547	1548	1549	1550	1551	1552	1553	1554	1555	1556	1557	1558	1559	1560	1561	1562	1563	1564	1565	1566	1567	1568	1569	1570	1571	1572	1573	1574	1575	1576	1577	1578	1579	1580	1581	1582	1583	1584	1585	1586	1587	1588	1589	1590	1591	1592	1593	1594	1595	1596	1597	1598	1599	1600	1601	1602	1603	1604	1605	1606	1607	1608	1609	1610	1611	1612	1613	1614	1615	1616	1617	1618	1619	1620	1621	1622	1623	1624	1625	1626	1627	1628	1629	1630	1631	1632	1633	1634	1635	1636	1637	1638	1639	1640	1641	1642	1643	1644	1645	1646	1647	1648	1649	1650	1651	1652	1653	1654	1655	1656	1657	1658	1659	1660	1661	1662	1663	1664	1665	1666	1667	1668	1669	1670	1671	1672	1673	1674	1675	1676	1677	1678	1679	1680	1681	1682	1683	1684	1685	1686	1687	1688	1689	1690	1691	1692	1693	1694	1695	1696	1697	1698	1699	1700	1701	1702	1703	1704	1705	1706	1707	1708	1709	1710	1711	1712	1713	1714	1715	1716	1717	1718	1719	1720	1721	1722	1723	1724	1725	1726	1727	1728	1729	1730	1731	1732	1733	1734	1735	1736	1737	1738	1739	1740	1741	1742	1743	1744	1745	1746	1747	1748	1749	1750	1751	1752	1753	1754	1755	1756	1757	1758	1759	1760	1761	1762	1763	1764	1765	1766	1767	1768	1769	1770	1771	1772	1773	1774	1775	1776	1777	1778	1779	1780	1781	1782	1783	1784	1785	1786	1787	1788	1789	1790	1791	1792	1793	1794	1795	1796	1797	1798	1799	1800	1801	1802	1803	1804	1805	1806	1807	1808	1809	1810	1811	1812	1813	1814	1815	1816	1817	1818	1819	1820	1821	1822	1823	1824	1825	1826	1827	1828	1829	1830	1831	1832	1833	1834	1835	1836	1837	1838	1839	1840	1841	1842	1843	1844	1845	1846	1847	1848	1849	1850	1851	1852	1853	1854	1855	1856	1857	1858	1859	1860	1861	1862	1863	1864	1865	1866	1867	1868	1869	1870	1871	1872	1873	1874	1875	1876	1877	1878	1879	1880	1881	1882	1883	1884	1885	1886	1887	1888	1889	1890	1891	1892	1893	1894	1895	1896	1897	1898	1899	1900	1901	1902	1903	1904	1905	1906	1907	1908	1909	1910	1911	1912	1913	1914	1915	1916	1917	1918	1919	1920	1921	1922	1923	1924	1925	1926	1927	1928	1929	1930	1931	1932	1933	1934	1935	1936	1937	1938	1939	1940	1941	1942	1943	1944	1945	1946	1947	1948	1949	1950	1951	1952	1953	1954	1955	1956	1957	1958	1959	1960	1961	1962	1963	1964	1965	1966	1967	1968	1969	1970	1971	1972	1973	1974	1975	1976	1977	1978	1979	1980	1981	1982	1983	1984	1985	1986	1987	1988	1989	1990	1991	1992	1993	1994	1995	1996	1997	1998	1999	2000	2001	2002	2003	2004	2005	2006	2007	2008	2009	2010	2011	2012	2013	2014	2015	2016	2017	2018	2019	2020	2021	2022	2023	2024	2025	2026	2027	2028	2029	2030	2031	2032	2033	2034	2035	2036	2037	2038	2039	2040	2041	2042	2043	2044	2045	2046	2047	2048	2049	2050	2051	2052	2053	2054	2055	2056	2057	2058	2059	2060	2061	2062	2063	2064	2065	2066	2067	2068	2069	2070	2071	2072	2073	2074	2075	2076	2077	2078	2079	2080	2081	2082	2083	2084	2085	2086	2087	2088	2089	2090	2091	2092	2093	2094	2095	2096	2097	2098	2099	2100	2101	2102	2103	2104	2105	2106	2107	2108	2109	2110	2111	2112	2113	2114	2115	2116	2117	2118	2119	2120	2121	2122	2123	2124	2125	2126	2127	2128	2129	2130	2131	2132	2133	2134	2135	2136	2137	2138	2139	2140	2141	2142	2143	2144	2145	2146	2147	2148	2149	2150	2151	2152	2153	2154	2155	2156	2157	2158	2159	2160	2161	2162	2163	2164	2165	2166	2167	2168	2169	2170	2171	2172	2173	2174	2175	2176	2177	2178	2179	2180	2181	2182	2183	2184	2185	2186	2187	2188	2189	2190	2191	2192	2193	2194	2195	2196	2197	
