445
120	100	160
0	40	54	16	
1	40	54	16	
2	40	54	16	
3	40	54	16	
4	40	54	16	
5	40	54	16	
6	40	54	16	
7	40	54	16	
8	40	54	16	
9	40	54	16	
10	40	54	16	
11	40	54	16	
12	40	54	16	
13	40	54	16	
14	40	54	16	
15	40	54	16	
16	40	54	16	
17	40	54	16	
18	40	54	16	
19	40	54	16	
20	40	54	16	
21	40	54	16	
22	40	54	16	
23	40	54	16	
24	40	54	16	
25	40	54	16	
26	40	54	16	
27	40	54	16	
28	40	54	16	
29	40	54	16	
30	24	23	38	
31	24	23	38	
32	24	23	38	
33	24	23	38	
34	24	23	38	
35	24	23	38	
36	24	23	38	
37	24	23	38	
38	24	23	38	
39	24	23	38	
40	24	23	27	
41	24	23	27	
42	24	23	27	
43	24	23	27	
44	24	23	27	
45	24	23	27	
46	24	23	27	
47	24	23	27	
48	24	23	27	
49	24	23	27	
50	60	23	25	
51	60	23	25	
52	60	23	25	
53	60	23	25	
54	24	23	27	
55	24	23	27	
56	24	23	27	
57	24	23	27	
58	24	23	27	
59	24	23	27	
60	24	23	27	
61	24	23	27	
62	24	23	27	
63	24	23	27	
64	24	23	27	
65	24	23	27	
66	24	23	27	
67	24	23	27	
68	24	23	27	
69	24	23	27	
70	24	23	27	
71	24	23	27	
72	24	23	27	
73	24	23	27	
74	45	23	14	
75	45	23	14	
76	45	23	14	
77	45	23	14	
78	30	24	10	
79	24	22	14	
80	24	31	34	
81	24	31	34	
82	24	31	34	
83	24	31	34	
84	24	31	34	
85	24	31	34	
86	24	31	34	
87	24	31	34	
88	24	31	34	
89	24	31	34	
90	24	31	34	
91	24	31	34	
92	24	31	34	
93	24	31	34	
94	24	31	34	
95	24	31	34	
96	24	31	34	
97	24	31	34	
98	24	31	34	
99	24	31	34	
100	28	10	24	
101	28	10	24	
102	28	10	24	
103	28	10	24	
104	28	10	24	
105	28	10	24	
106	28	10	24	
107	28	10	24	
108	28	10	24	
109	30	22	16	
110	30	22	16	
111	30	22	16	
112	30	22	16	
113	30	22	16	
114	30	22	16	
115	30	22	16	
116	30	22	16	
117	30	22	16	
118	30	22	16	
119	30	22	16	
120	30	22	16	
121	30	22	16	
122	30	22	16	
123	30	22	16	
124	30	22	16	
125	30	22	16	
126	30	22	16	
127	30	22	16	
128	30	22	16	
129	30	22	16	
130	30	22	16	
131	30	22	16	
132	30	22	16	
133	30	22	16	
134	30	22	16	
135	30	22	16	
136	30	22	16	
137	26	28	24	
138	48	35	16	
139	48	35	16	
140	48	35	16	
141	48	35	16	
142	48	35	16	
143	48	35	16	
144	48	35	16	
145	48	35	16	
146	48	35	16	
147	48	35	16	
148	48	35	16	
149	48	35	16	
150	48	35	16	
151	48	35	16	
152	48	35	16	
153	48	35	16	
154	48	35	16	
155	48	35	16	
156	48	35	16	
157	48	35	16	
158	22	21	44	
159	22	21	44	
160	22	21	44	
161	22	21	44	
162	22	21	44	
163	39	12	50	
164	39	12	50	
165	39	12	50	
166	39	12	50	
167	39	12	50	
168	39	12	50	
169	39	12	50	
170	39	12	50	
171	39	12	50	
172	3	4	6	
173	10	28	24	
174	24	34	31	
175	24	34	31	
176	24	34	31	
177	24	34	31	
178	24	34	31	
179	10	17	14	
180	35	48	16	
181	35	48	16	
182	35	48	16	
183	35	48	16	
184	35	48	16	
185	35	48	16	
186	35	48	16	
187	35	48	16	
188	35	48	16	
189	35	48	16	
190	35	48	16	
191	35	48	16	
192	35	48	16	
193	35	48	16	
194	35	48	16	
195	35	48	16	
196	35	48	16	
197	35	48	16	
198	35	48	16	
199	35	48	16	
200	35	48	16	
201	35	48	16	
202	35	48	16	
203	35	48	16	
204	35	48	16	
205	35	48	16	
206	35	48	16	
207	35	48	16	
208	35	48	16	
209	35	48	16	
210	31	34	24	
211	31	34	24	
212	31	34	24	
213	31	34	24	
214	31	34	24	
215	31	34	24	
216	31	34	24	
217	31	34	24	
218	31	34	24	
219	31	34	24	
220	31	34	24	
221	31	34	24	
222	31	34	24	
223	31	34	24	
224	31	34	24	
225	31	34	24	
226	31	34	24	
227	31	34	24	
228	23	18	24	
229	23	18	24	
230	23	18	24	
231	23	18	24	
232	23	18	24	
233	23	18	24	
234	23	18	24	
235	23	18	24	
236	23	18	24	
237	23	18	24	
238	23	18	24	
239	23	18	24	
240	23	18	24	
241	23	18	24	
242	23	18	24	
243	23	18	24	
244	23	18	24	
245	23	18	24	
246	23	18	24	
247	23	18	24	
248	23	18	24	
249	23	18	24	
250	23	18	24	
251	23	18	24	
252	23	18	24	
253	23	18	24	
254	23	18	24	
255	23	18	24	
256	23	18	24	
257	23	18	24	
258	21	17	16	
259	21	17	16	
260	21	17	16	
261	21	17	16	
262	21	17	16	
263	21	17	16	
264	21	17	16	
265	21	17	16	
266	28	17	15	
267	28	17	15	
268	28	17	15	
269	28	17	15	
270	27	34	20	
271	27	34	20	
272	27	34	20	
273	27	34	20	
274	27	34	20	
275	27	34	20	
276	27	34	20	
277	27	34	20	
278	15	16	18	
279	15	16	18	
280	15	16	18	
281	15	16	18	
282	15	16	18	
283	15	16	18	
284	15	16	18	
285	15	16	18	
286	15	16	18	
287	15	16	18	
288	15	16	18	
289	15	16	18	
290	15	16	18	
291	15	16	18	
292	15	16	18	
293	15	16	18	
294	15	16	18	
295	15	16	18	
296	13	48	34	
297	34	29	36	
298	34	29	36	
299	34	29	36	
300	34	29	36	
301	34	29	36	
302	34	29	36	
303	34	29	36	
304	34	29	36	
305	34	29	36	
306	34	29	36	
307	34	29	36	
308	34	29	36	
309	16	18	15	
310	16	18	15	
311	16	18	15	
312	16	18	15	
313	16	18	15	
314	16	18	15	
315	16	18	15	
316	16	18	15	
317	32	13	45	
318	32	13	45	
319	32	13	45	
320	32	13	45	
321	32	13	45	
322	32	13	45	
323	32	13	45	
324	32	13	45	
325	32	13	45	
326	30	13	25	
327	30	13	25	
328	30	13	25	
329	16	15	15	
330	16	15	15	
331	31	38	31	
332	31	38	31	
333	31	38	31	
334	31	38	31	
335	31	38	31	
336	31	38	31	
337	31	38	31	
338	31	38	31	
339	31	38	31	
340	31	38	31	
341	35	48	16	
342	35	48	16	
343	35	48	16	
344	35	48	16	
345	35	48	16	
346	35	48	16	
347	35	48	16	
348	35	48	16	
349	35	48	16	
350	35	48	16	
351	35	48	16	
352	35	48	16	
353	35	48	16	
354	35	48	16	
355	35	48	16	
356	35	48	16	
357	35	48	16	
358	35	48	16	
359	35	48	16	
360	35	48	16	
361	12	13	26	
362	12	13	26	
363	12	13	26	
364	12	13	26	
365	24	13	15	
366	24	13	15	
367	24	39	21	
368	24	39	21	
369	12	39	50	
370	12	39	50	
371	12	39	50	
372	12	39	50	
373	20	13	16	
374	20	13	16	
375	20	13	16	
376	11	13	22	
377	11	13	22	
378	11	13	22	
379	11	13	22	
380	16	48	35	
381	16	48	35	
382	16	48	35	
383	16	16	31	
384	16	16	31	
385	16	16	31	
386	14	27	24	
387	16	21	13	
388	17	58	38	
389	17	58	38	
390	17	58	38	
391	17	58	38	
392	17	58	38	
393	17	58	38	
394	17	58	38	
395	17	58	38	
396	17	58	38	
397	17	58	38	
398	17	58	38	
399	17	58	38	
400	17	58	38	
401	17	58	38	
402	17	58	38	
403	17	58	38	
404	17	58	38	
405	17	58	38	
406	17	58	38	
407	17	58	38	
408	17	58	38	
409	17	39	58	
410	17	39	58	
411	17	39	58	
412	17	39	58	
413	17	39	58	
414	17	39	58	
415	17	39	58	
416	17	39	58	
417	33	39	37	
418	33	39	37	
419	26	33	45	
420	32	25	44	
421	26	33	45	
422	20	25	22	
423	20	25	22	
424	49	29	35	
425	49	29	35	
426	52	40	16	
427	16	40	54	
428	16	40	54	
429	16	40	54	
430	18	47	27	
431	16	20	13	
432	48	35	16	
433	16	21	12	
434	29	34	37	
435	29	34	37	
436	19	15	18	
437	19	15	18	
438	19	15	18	
439	19	15	18	
440	19	20	15	
441	19	20	15	
442	19	20	15	
443	19	20	15	
444	14	20	14	
0	1	2	3	4	5	6	7	8	9	10	11	12	13	14	15	16	17	18	19	20	21	22	23	24	25	26	27	28	29	30	31	32	33	34	35	36	37	38	39	40	41	42	43	44	45	46	47	48	49	50	51	52	53	54	55	56	57	58	59	60	61	62	63	64	65	66	67	68	69	70	71	72	73	74	75	76	77	78	79	80	81	82	83	84	85	86	87	88	89	90	91	92	93	94	95	96	97	98	99	100	101	102	103	104	105	106	107	108	109	110	111	112	113	114	115	116	117	118	119	120	121	122	123	124	125	126	127	128	129	130	131	132	133	134	135	136	137	138	139	140	141	142	143	144	145	146	147	148	149	150	151	152	153	154	155	156	157	158	159	160	161	162	163	164	165	166	167	168	169	170	171	172	173	174	175	176	177	178	179	180	181	182	183	184	185	186	187	188	189	190	191	192	193	194	195	196	197	198	199	200	201	202	203	204	205	206	207	208	209	210	211	212	213	214	215	216	217	218	219	220	221	222	223	224	225	226	227	228	229	230	231	232	233	234	235	236	237	238	239	240	241	242	243	244	245	246	247	248	249	250	251	252	253	254	255	256	257	258	259	260	261	262	263	264	265	266	267	268	269	270	271	272	273	274	275	276	277	278	279	280	281	282	283	284	285	286	287	288	289	290	291	292	293	294	295	296	297	298	299	300	301	302	303	304	305	306	307	308	309	310	311	312	313	314	315	316	317	318	319	320	321	322	323	324	325	326	327	328	329	330	331	332	333	334	335	336	337	338	339	340	341	342	343	344	345	346	347	348	349	350	351	352	353	354	355	356	357	358	359	360	361	362	363	364	365	366	367	368	369	370	371	372	373	374	375	376	377	378	379	380	381	382	383	384	385	386	387	388	389	390	391	392	393	394	395	396	397	398	399	400	401	402	403	404	405	406	407	408	409	410	411	412	413	414	415	416	417	418	419	420	421	422	423	424	425	426	427	428	429	430	431	432	433	434	435	436	437	438	439	440	441	442	443	444	
