2304
120	100	160
0	40	52	16	
1	40	52	16	
2	40	52	16	
3	40	52	16	
4	40	52	16	
5	40	52	16	
6	40	52	16	
7	40	52	16	
8	40	52	16	
9	40	52	16	
10	40	52	16	
11	40	52	16	
12	40	52	16	
13	40	52	16	
14	40	52	16	
15	40	52	16	
16	40	52	16	
17	40	52	16	
18	40	52	16	
19	40	52	16	
20	40	52	16	
21	40	52	16	
22	40	52	16	
23	40	52	16	
24	40	52	16	
25	40	52	16	
26	40	52	16	
27	40	52	16	
28	40	52	16	
29	40	52	16	
30	34	48	16	
31	34	48	16	
32	34	48	16	
33	34	48	16	
34	34	48	16	
35	34	48	16	
36	34	48	16	
37	34	48	16	
38	34	48	16	
39	34	48	16	
40	34	48	16	
41	34	48	16	
42	34	48	16	
43	34	48	16	
44	34	48	16	
45	34	48	16	
46	34	48	16	
47	34	48	16	
48	34	48	16	
49	34	48	16	
50	34	48	16	
51	34	48	16	
52	34	48	16	
53	34	48	16	
54	34	48	16	
55	34	48	16	
56	34	48	16	
57	34	48	16	
58	34	48	16	
59	34	48	16	
60	18	23	24	
61	18	23	24	
62	18	23	24	
63	18	23	24	
64	18	23	24	
65	18	23	24	
66	18	23	24	
67	18	23	24	
68	18	23	24	
69	18	23	24	
70	18	23	24	
71	18	23	24	
72	16	21	15	
73	16	21	15	
74	24	30	10	
75	24	30	10	
76	24	30	10	
77	24	30	10	
78	24	30	10	
79	24	30	10	
80	24	30	10	
81	24	30	10	
82	24	30	10	
83	24	30	10	
84	24	30	10	
85	24	30	10	
86	24	30	10	
87	24	30	10	
88	24	30	10	
89	24	30	10	
90	24	30	10	
91	24	30	10	
92	24	30	10	
93	24	30	10	
94	24	30	10	
95	24	30	10	
96	24	30	10	
97	24	30	10	
98	24	30	10	
99	24	30	10	
100	24	30	10	
101	24	30	10	
102	24	30	10	
103	24	30	10	
104	24	30	10	
105	24	30	10	
106	24	30	10	
107	24	30	10	
108	24	30	10	
109	24	30	10	
110	24	30	10	
111	24	30	10	
112	24	30	10	
113	24	30	10	
114	24	30	10	
115	24	30	10	
116	24	30	10	
117	24	30	10	
118	24	30	10	
119	24	30	10	
120	24	30	10	
121	24	30	10	
122	24	30	10	
123	24	30	10	
124	24	30	10	
125	24	30	10	
126	24	30	10	
127	24	30	10	
128	24	30	10	
129	24	30	10	
130	24	30	10	
131	24	30	10	
132	24	30	10	
133	24	30	10	
134	24	30	10	
135	24	30	10	
136	24	30	10	
137	24	30	10	
138	24	30	10	
139	24	30	10	
140	24	30	10	
141	24	30	10	
142	24	30	10	
143	24	30	10	
144	24	30	10	
145	24	30	10	
146	24	30	10	
147	24	30	10	
148	24	30	10	
149	24	30	10	
150	24	30	10	
151	24	30	10	
152	24	30	10	
153	24	30	10	
154	48	35	16	
155	48	35	16	
156	48	35	16	
157	48	35	16	
158	48	35	16	
159	48	35	16	
160	48	35	16	
161	48	35	16	
162	48	35	16	
163	48	35	16	
164	48	35	16	
165	48	35	16	
166	48	35	16	
167	48	35	16	
168	48	35	16	
169	48	35	16	
170	48	35	16	
171	48	35	16	
172	48	35	16	
173	48	35	16	
174	48	35	16	
175	48	35	16	
176	48	35	16	
177	48	35	16	
178	48	35	16	
179	48	35	16	
180	48	35	16	
181	48	35	16	
182	48	35	16	
183	48	35	16	
184	48	35	16	
185	48	35	16	
186	48	35	16	
187	48	35	16	
188	48	35	16	
189	48	35	16	
190	48	35	16	
191	48	35	16	
192	48	35	16	
193	48	35	16	
194	24	30	10	
195	24	30	10	
196	24	30	10	
197	24	30	10	
198	24	30	10	
199	24	30	10	
200	24	30	10	
201	24	30	10	
202	24	30	10	
203	24	30	10	
204	24	30	10	
205	24	30	10	
206	24	30	10	
207	24	30	10	
208	24	30	10	
209	24	30	10	
210	24	40	60	
211	24	40	60	
212	24	40	33	
213	24	30	10	
214	24	30	10	
215	24	30	10	
216	24	30	10	
217	24	30	10	
218	24	30	10	
219	24	30	10	
220	24	30	10	
221	24	30	10	
222	24	30	10	
223	24	30	10	
224	24	30	10	
225	24	30	10	
226	24	30	10	
227	24	30	10	
228	24	30	10	
229	24	30	10	
230	24	30	10	
231	24	30	10	
232	24	30	10	
233	24	30	10	
234	24	30	10	
235	24	30	10	
236	24	30	10	
237	24	30	10	
238	24	30	10	
239	24	30	10	
240	24	30	10	
241	24	30	10	
242	24	30	10	
243	24	30	10	
244	24	30	10	
245	24	30	10	
246	24	30	10	
247	24	30	10	
248	24	30	10	
249	24	30	10	
250	24	30	10	
251	24	30	10	
252	24	30	10	
253	24	30	10	
254	24	30	10	
255	24	30	10	
256	24	30	10	
257	24	30	10	
258	24	30	10	
259	24	30	10	
260	24	30	10	
261	24	30	10	
262	24	30	10	
263	24	30	10	
264	24	30	10	
265	24	30	10	
266	24	30	10	
267	24	30	10	
268	24	30	10	
269	24	30	10	
270	24	30	10	
271	24	30	10	
272	24	30	10	
273	24	30	10	
274	24	30	10	
275	24	30	10	
276	24	30	10	
277	24	30	10	
278	24	30	10	
279	24	30	10	
280	24	30	10	
281	24	30	10	
282	24	30	10	
283	24	30	10	
284	24	30	10	
285	24	30	10	
286	24	30	10	
287	24	30	10	
288	24	30	10	
289	24	30	10	
290	24	30	10	
291	24	30	10	
292	24	30	10	
293	48	35	16	
294	48	35	16	
295	48	35	16	
296	48	35	16	
297	48	35	16	
298	48	35	16	
299	48	35	16	
300	48	35	16	
301	48	35	16	
302	48	35	16	
303	48	35	16	
304	48	35	16	
305	48	35	16	
306	48	35	16	
307	48	35	16	
308	48	35	16	
309	48	35	16	
310	48	35	16	
311	48	35	16	
312	48	35	16	
313	48	35	16	
314	48	35	16	
315	48	35	16	
316	48	35	16	
317	48	35	16	
318	48	35	16	
319	48	35	16	
320	48	35	16	
321	48	35	16	
322	48	35	16	
323	48	35	16	
324	48	35	16	
325	48	35	16	
326	48	35	16	
327	48	35	16	
328	48	35	16	
329	48	35	16	
330	48	35	16	
331	48	35	16	
332	48	35	16	
333	24	30	10	
334	24	30	10	
335	24	30	10	
336	24	30	10	
337	24	30	10	
338	24	30	10	
339	24	30	10	
340	24	30	10	
341	24	30	10	
342	24	30	10	
343	24	30	10	
344	24	30	10	
345	24	30	10	
346	24	30	10	
347	24	30	10	
348	24	30	10	
349	24	40	60	
350	24	40	60	
351	24	40	33	
352	40	54	16	
353	40	54	16	
354	40	54	16	
355	40	54	16	
356	40	54	16	
357	40	54	16	
358	40	54	16	
359	40	54	16	
360	40	54	16	
361	40	54	16	
362	40	54	16	
363	40	54	16	
364	40	54	16	
365	40	54	16	
366	40	54	16	
367	40	54	16	
368	40	54	16	
369	40	54	16	
370	40	54	16	
371	40	54	16	
372	40	54	16	
373	40	54	16	
374	40	54	16	
375	40	54	16	
376	40	54	16	
377	40	54	16	
378	40	54	16	
379	40	54	16	
380	40	54	16	
381	40	54	16	
382	24	23	38	
383	24	23	38	
384	24	23	38	
385	24	23	38	
386	24	23	38	
387	24	23	38	
388	24	23	38	
389	24	23	38	
390	24	23	38	
391	24	23	38	
392	24	23	27	
393	24	23	27	
394	24	23	27	
395	24	23	27	
396	24	23	27	
397	24	23	27	
398	24	23	27	
399	24	23	27	
400	24	23	27	
401	24	23	27	
402	60	23	25	
403	60	23	25	
404	60	23	25	
405	60	23	25	
406	24	23	27	
407	24	23	27	
408	24	23	27	
409	24	23	27	
410	24	23	27	
411	24	23	27	
412	24	23	27	
413	24	23	27	
414	24	23	27	
415	24	23	27	
416	24	23	27	
417	24	23	27	
418	24	23	27	
419	24	23	27	
420	24	23	27	
421	24	23	27	
422	24	23	27	
423	24	23	27	
424	24	23	27	
425	24	23	27	
426	45	23	14	
427	45	23	14	
428	45	23	14	
429	45	23	14	
430	30	24	10	
431	24	22	14	
432	40	52	16	
433	40	52	16	
434	40	52	16	
435	34	48	16	
436	34	48	16	
437	34	48	16	
438	34	48	16	
439	34	48	16	
440	34	48	16	
441	34	48	16	
442	34	48	16	
443	34	48	16	
444	34	48	16	
445	34	48	16	
446	34	48	16	
447	34	48	16	
448	34	48	16	
449	34	48	16	
450	34	48	16	
451	34	48	16	
452	34	48	16	
453	34	48	16	
454	34	48	16	
455	34	48	16	
456	34	48	16	
457	34	48	16	
458	34	48	16	
459	34	48	16	
460	34	48	16	
461	34	48	16	
462	34	48	16	
463	34	48	16	
464	34	48	16	
465	40	52	16	
466	40	52	16	
467	40	52	16	
468	40	52	16	
469	40	52	16	
470	40	52	16	
471	40	52	16	
472	40	52	16	
473	40	52	16	
474	40	52	16	
475	40	52	16	
476	40	52	16	
477	40	52	16	
478	40	52	16	
479	40	52	16	
480	40	52	16	
481	40	52	16	
482	40	52	16	
483	40	52	16	
484	40	52	16	
485	40	52	16	
486	40	52	16	
487	40	52	16	
488	40	52	16	
489	30	22	16	
490	30	22	16	
491	30	22	16	
492	30	22	16	
493	30	22	16	
494	30	22	16	
495	30	22	16	
496	30	22	16	
497	18	23	24	
498	18	23	24	
499	18	23	24	
500	18	23	24	
501	18	23	24	
502	18	23	24	
503	18	23	24	
504	18	23	24	
505	18	23	24	
506	18	23	24	
507	18	23	24	
508	18	23	24	
509	16	21	15	
510	16	21	15	
511	40	52	16	
512	40	52	16	
513	40	52	16	
514	34	48	16	
515	34	48	16	
516	34	48	16	
517	34	48	16	
518	34	48	16	
519	34	48	16	
520	34	48	16	
521	34	48	16	
522	34	48	16	
523	34	48	16	
524	34	48	16	
525	34	48	16	
526	34	48	16	
527	34	48	16	
528	34	48	16	
529	34	48	16	
530	34	48	16	
531	34	48	16	
532	34	48	16	
533	34	48	16	
534	34	48	16	
535	34	48	16	
536	34	48	16	
537	34	48	16	
538	34	48	16	
539	34	48	16	
540	34	48	16	
541	34	48	16	
542	34	48	16	
543	34	48	16	
544	40	52	16	
545	40	52	16	
546	40	52	16	
547	40	52	16	
548	40	52	16	
549	40	52	16	
550	40	52	16	
551	40	52	16	
552	40	52	16	
553	40	52	16	
554	40	52	16	
555	40	52	16	
556	40	52	16	
557	40	52	16	
558	40	52	16	
559	40	52	16	
560	40	52	16	
561	40	52	16	
562	40	52	16	
563	40	52	16	
564	40	52	16	
565	40	52	16	
566	40	52	16	
567	40	52	16	
568	30	22	16	
569	30	22	16	
570	30	22	16	
571	30	22	16	
572	30	22	16	
573	30	22	16	
574	30	22	16	
575	30	22	16	
576	18	23	24	
577	18	23	24	
578	18	23	24	
579	18	23	24	
580	18	23	24	
581	18	23	24	
582	18	23	24	
583	18	23	24	
584	18	23	24	
585	18	23	24	
586	18	23	24	
587	18	23	24	
588	16	21	15	
589	16	21	15	
590	24	34	31	
591	24	34	31	
592	24	34	31	
593	24	34	31	
594	24	34	31	
595	24	34	31	
596	24	34	31	
597	24	34	31	
598	24	34	31	
599	24	34	31	
600	24	34	31	
601	24	34	31	
602	24	34	31	
603	24	34	31	
604	24	34	31	
605	24	34	31	
606	24	34	31	
607	24	34	31	
608	24	34	31	
609	24	34	31	
610	24	34	31	
611	24	34	31	
612	24	34	31	
613	24	34	31	
614	24	34	31	
615	17	39	58	
616	17	39	58	
617	17	39	58	
618	17	39	58	
619	17	39	58	
620	17	39	58	
621	17	39	58	
622	17	39	58	
623	17	39	58	
624	17	39	58	
625	17	39	58	
626	17	39	58	
627	17	39	58	
628	17	39	58	
629	30	27	49	
630	30	27	49	
631	30	27	49	
632	30	27	49	
633	30	27	49	
634	30	27	49	
635	30	27	49	
636	30	27	49	
637	30	27	49	
638	30	27	49	
639	30	27	49	
640	30	27	49	
641	30	21	13	
642	30	21	13	
643	30	21	13	
644	30	21	13	
645	17	15	22	
646	17	15	22	
647	17	15	22	
648	17	15	22	
649	17	15	22	
650	17	15	22	
651	17	15	22	
652	17	15	22	
653	17	15	22	
654	17	15	22	
655	17	15	22	
656	17	15	22	
657	17	15	22	
658	17	15	22	
659	26	24	22	
660	26	24	22	
661	26	24	22	
662	26	24	22	
663	26	24	22	
664	26	24	22	
665	26	24	22	
666	26	24	22	
667	15	17	22	
668	15	17	22	
669	24	31	34	
670	24	31	34	
671	24	31	34	
672	24	31	34	
673	24	31	34	
674	24	31	34	
675	24	31	34	
676	24	31	34	
677	24	31	34	
678	24	31	34	
679	24	31	34	
680	24	31	34	
681	24	31	34	
682	24	31	34	
683	24	31	34	
684	24	31	34	
685	24	31	34	
686	24	31	34	
687	24	31	34	
688	24	31	34	
689	28	10	24	
690	28	10	24	
691	28	10	24	
692	28	10	24	
693	28	10	24	
694	28	10	24	
695	28	10	24	
696	28	10	24	
697	28	10	24	
698	30	22	16	
699	30	22	16	
700	30	22	16	
701	30	22	16	
702	30	22	16	
703	30	22	16	
704	30	22	16	
705	30	22	16	
706	30	22	16	
707	30	22	16	
708	30	22	16	
709	30	22	16	
710	30	22	16	
711	30	22	16	
712	30	22	16	
713	30	22	16	
714	30	22	16	
715	30	22	16	
716	30	22	16	
717	30	22	16	
718	30	22	16	
719	30	22	16	
720	30	22	16	
721	30	22	16	
722	30	22	16	
723	30	22	16	
724	30	22	16	
725	30	22	16	
726	26	28	24	
727	48	35	16	
728	48	35	16	
729	48	35	16	
730	48	35	16	
731	48	35	16	
732	48	35	16	
733	48	35	16	
734	48	35	16	
735	48	35	16	
736	48	35	16	
737	48	35	16	
738	48	35	16	
739	48	35	16	
740	48	35	16	
741	48	35	16	
742	48	35	16	
743	48	35	16	
744	48	35	16	
745	48	35	16	
746	48	35	16	
747	22	21	44	
748	22	21	44	
749	22	21	44	
750	22	21	44	
751	22	21	44	
752	39	12	50	
753	39	12	50	
754	39	12	50	
755	39	12	50	
756	39	12	50	
757	39	12	50	
758	39	12	50	
759	39	12	50	
760	39	12	50	
761	3	4	6	
762	10	28	24	
763	24	34	31	
764	24	34	31	
765	24	34	31	
766	24	34	31	
767	24	34	31	
768	10	17	14	
769	39	56	18	
770	39	56	18	
771	39	56	18	
772	39	56	18	
773	39	56	18	
774	39	56	18	
775	39	56	18	
776	39	56	18	
777	39	56	18	
778	39	56	18	
779	39	56	18	
780	39	56	18	
781	39	56	18	
782	39	56	18	
783	39	56	18	
784	39	56	18	
785	39	56	18	
786	39	56	18	
787	39	56	18	
788	39	56	18	
789	39	56	18	
790	39	56	18	
791	39	56	18	
792	39	56	18	
793	30	22	16	
794	30	22	16	
795	30	22	16	
796	30	22	16	
797	30	22	16	
798	30	22	16	
799	30	22	16	
800	30	22	16	
801	21	28	16	
802	21	28	16	
803	21	28	16	
804	21	28	16	
805	15	18	16	
806	15	18	16	
807	15	18	16	
808	15	18	16	
809	15	18	16	
810	15	18	16	
811	15	18	16	
812	15	18	16	
813	15	18	16	
814	15	18	16	
815	15	18	16	
816	15	18	16	
817	15	18	16	
818	15	18	16	
819	15	18	16	
820	30	22	16	
821	30	22	16	
822	30	22	16	
823	30	22	16	
824	30	22	16	
825	30	22	16	
826	30	22	16	
827	30	22	16	
828	30	22	16	
829	30	22	16	
830	30	22	16	
831	30	22	16	
832	30	22	16	
833	30	22	16	
834	30	22	16	
835	30	22	16	
836	30	22	16	
837	30	22	16	
838	30	22	16	
839	30	22	16	
840	30	22	16	
841	30	22	16	
842	30	22	16	
843	30	22	16	
844	30	22	16	
845	30	22	16	
846	30	22	16	
847	30	22	16	
848	30	22	16	
849	30	22	16	
850	30	22	16	
851	30	22	16	
852	13	44	32	
853	13	44	32	
854	13	44	32	
855	13	44	32	
856	13	44	32	
857	13	44	32	
858	13	44	32	
859	13	44	32	
860	13	44	32	
861	13	11	22	
862	13	11	22	
863	13	11	22	
864	13	11	22	
865	13	11	22	
866	13	11	22	
867	13	11	22	
868	13	11	22	
869	13	11	22	
870	13	11	22	
871	13	11	22	
872	13	11	22	
873	13	11	22	
874	13	11	22	
875	13	11	22	
876	13	11	22	
877	13	11	22	
878	13	11	22	
879	13	11	22	
880	13	11	22	
881	13	11	22	
882	13	11	22	
883	13	11	22	
884	13	11	22	
885	13	11	22	
886	13	11	22	
887	13	11	22	
888	13	11	22	
889	13	11	22	
890	13	11	22	
891	13	11	22	
892	13	11	22	
893	13	11	22	
894	13	11	22	
895	13	11	22	
896	13	11	22	
897	32	44	25	
898	28	24	26	
899	28	24	26	
900	28	24	26	
901	50	20	26	
902	22	20	25	
903	13	20	16	
904	36	29	34	
905	36	29	34	
906	36	29	34	
907	36	29	34	
908	36	29	34	
909	36	29	34	
910	36	29	34	
911	36	29	34	
912	36	29	34	
913	36	29	34	
914	36	29	34	
915	36	29	34	
916	15	16	21	
917	15	16	21	
918	35	48	16	
919	35	48	16	
920	35	48	16	
921	35	48	16	
922	35	48	16	
923	35	48	16	
924	35	48	16	
925	35	48	16	
926	35	48	16	
927	35	48	16	
928	35	48	16	
929	35	48	16	
930	35	48	16	
931	35	48	16	
932	35	48	16	
933	35	48	16	
934	35	48	16	
935	35	48	16	
936	35	48	16	
937	35	48	16	
938	35	48	16	
939	35	48	16	
940	35	48	16	
941	35	48	16	
942	35	48	16	
943	35	48	16	
944	35	48	16	
945	35	48	16	
946	35	48	16	
947	35	48	16	
948	30	13	11	
949	30	13	11	
950	30	13	11	
951	30	13	11	
952	30	13	11	
953	30	13	11	
954	24	23	18	
955	24	23	18	
956	24	23	18	
957	24	23	18	
958	24	23	18	
959	24	23	18	
960	24	23	18	
961	24	23	18	
962	24	23	18	
963	24	23	18	
964	24	23	18	
965	24	23	18	
966	24	23	18	
967	24	23	18	
968	24	23	18	
969	24	23	18	
970	24	23	18	
971	24	23	18	
972	24	23	18	
973	24	23	18	
974	24	23	18	
975	24	23	18	
976	24	23	18	
977	24	23	18	
978	24	23	18	
979	24	23	18	
980	24	23	18	
981	24	23	18	
982	24	23	18	
983	24	23	18	
984	60	23	25	
985	60	23	25	
986	60	23	25	
987	60	23	25	
988	26	14	21	
989	26	14	21	
990	26	14	21	
991	18	15	19	
992	15	16	18	
993	15	16	18	
994	15	16	18	
995	15	16	18	
996	15	16	18	
997	15	16	18	
998	15	16	18	
999	15	16	18	
1000	15	16	18	
1001	15	16	18	
1002	15	16	18	
1003	15	16	18	
1004	15	16	18	
1005	15	16	18	
1006	15	16	18	
1007	15	16	18	
1008	15	16	18	
1009	15	16	18	
1010	14	25	29	
1011	15	23	25	
1012	12	25	26	
1013	12	25	26	
1014	12	25	26	
1015	12	16	41	
1016	12	16	41	
1017	34	29	36	
1018	34	29	36	
1019	34	29	36	
1020	34	29	36	
1021	34	29	36	
1022	34	29	36	
1023	34	29	36	
1024	34	29	36	
1025	34	29	36	
1026	34	29	36	
1027	34	29	36	
1028	34	29	36	
1029	16	18	15	
1030	16	18	15	
1031	16	18	15	
1032	16	18	15	
1033	16	18	15	
1034	16	18	15	
1035	16	18	15	
1036	16	18	15	
1037	32	13	45	
1038	32	13	45	
1039	32	13	45	
1040	32	13	45	
1041	32	13	45	
1042	32	13	45	
1043	32	13	45	
1044	32	13	45	
1045	32	13	45	
1046	30	13	25	
1047	30	13	25	
1048	30	13	25	
1049	16	15	15	
1050	16	15	15	
1051	31	38	31	
1052	31	38	31	
1053	31	38	31	
1054	31	38	31	
1055	31	38	31	
1056	31	38	31	
1057	31	38	31	
1058	31	38	31	
1059	31	38	31	
1060	31	38	31	
1061	35	48	16	
1062	35	48	16	
1063	35	48	16	
1064	35	48	16	
1065	35	48	16	
1066	35	48	16	
1067	35	48	16	
1068	35	48	16	
1069	35	48	16	
1070	35	48	16	
1071	35	48	16	
1072	35	48	16	
1073	35	48	16	
1074	35	48	16	
1075	35	48	16	
1076	35	48	16	
1077	35	48	16	
1078	35	48	16	
1079	35	48	16	
1080	35	48	16	
1081	12	13	26	
1082	12	13	26	
1083	12	13	26	
1084	12	13	26	
1085	24	13	15	
1086	24	13	15	
1087	24	39	21	
1088	24	39	21	
1089	12	39	50	
1090	12	39	50	
1091	12	39	50	
1092	12	39	50	
1093	20	13	16	
1094	20	13	16	
1095	20	13	16	
1096	11	13	22	
1097	11	13	22	
1098	11	13	22	
1099	11	13	22	
1100	16	48	35	
1101	16	48	35	
1102	16	48	35	
1103	16	16	31	
1104	16	16	31	
1105	16	16	31	
1106	14	27	24	
1107	16	21	13	
1108	34	29	36	
1109	34	29	36	
1110	34	29	36	
1111	34	29	36	
1112	34	29	36	
1113	34	29	36	
1114	34	29	36	
1115	34	29	36	
1116	34	29	36	
1117	34	29	36	
1118	34	29	36	
1119	34	29	36	
1120	16	18	15	
1121	16	18	15	
1122	16	18	15	
1123	16	18	15	
1124	16	18	15	
1125	16	18	15	
1126	16	18	15	
1127	16	18	15	
1128	32	13	45	
1129	32	13	45	
1130	32	13	45	
1131	32	13	45	
1132	32	13	45	
1133	32	13	45	
1134	32	13	45	
1135	32	13	45	
1136	32	13	45	
1137	30	13	25	
1138	30	13	25	
1139	30	13	25	
1140	16	15	15	
1141	16	15	15	
1142	31	38	31	
1143	31	38	31	
1144	31	38	31	
1145	31	38	31	
1146	31	38	31	
1147	31	38	31	
1148	31	38	31	
1149	31	38	31	
1150	31	38	31	
1151	31	38	31	
1152	35	48	16	
1153	35	48	16	
1154	35	48	16	
1155	35	48	16	
1156	35	48	16	
1157	35	48	16	
1158	35	48	16	
1159	35	48	16	
1160	35	48	16	
1161	35	48	16	
1162	35	48	16	
1163	35	48	16	
1164	35	48	16	
1165	35	48	16	
1166	35	48	16	
1167	35	48	16	
1168	35	48	16	
1169	35	48	16	
1170	35	48	16	
1171	35	48	16	
1172	12	13	26	
1173	12	13	26	
1174	12	13	26	
1175	12	13	26	
1176	24	13	15	
1177	24	13	15	
1178	24	39	21	
1179	24	39	21	
1180	12	39	50	
1181	12	39	50	
1182	12	39	50	
1183	12	39	50	
1184	20	13	16	
1185	20	13	16	
1186	20	13	16	
1187	11	13	22	
1188	11	13	22	
1189	11	13	22	
1190	11	13	22	
1191	16	48	35	
1192	16	48	35	
1193	16	48	35	
1194	16	16	31	
1195	16	16	31	
1196	16	16	31	
1197	14	27	24	
1198	16	21	13	
1199	39	12	50	
1200	39	12	50	
1201	39	12	50	
1202	39	12	50	
1203	39	12	50	
1204	39	12	50	
1205	39	12	50	
1206	39	12	50	
1207	39	12	50	
1208	39	56	18	
1209	39	56	18	
1210	39	56	18	
1211	39	56	18	
1212	39	56	18	
1213	39	56	18	
1214	39	56	18	
1215	39	56	18	
1216	39	56	18	
1217	39	56	18	
1218	39	56	18	
1219	39	56	18	
1220	39	56	18	
1221	39	56	18	
1222	39	56	18	
1223	39	56	18	
1224	39	56	18	
1225	39	56	18	
1226	39	56	18	
1227	39	56	18	
1228	39	56	18	
1229	39	56	18	
1230	39	56	18	
1231	39	56	18	
1232	40	16	54	
1233	40	16	54	
1234	40	16	54	
1235	40	16	54	
1236	40	16	54	
1237	40	16	54	
1238	10	14	16	
1239	10	14	16	
1240	10	14	16	
1241	10	14	16	
1242	15	16	18	
1243	15	16	18	
1244	15	16	18	
1245	15	16	18	
1246	15	16	18	
1247	15	16	18	
1248	15	16	18	
1249	15	16	18	
1250	15	16	18	
1251	15	16	18	
1252	15	16	18	
1253	15	16	18	
1254	15	16	18	
1255	15	16	18	
1256	15	16	18	
1257	15	16	18	
1258	13	32	44	
1259	13	32	44	
1260	13	32	44	
1261	13	32	44	
1262	13	32	44	
1263	13	32	44	
1264	13	32	44	
1265	13	32	44	
1266	15	18	16	
1267	15	18	16	
1268	15	18	16	
1269	15	18	16	
1270	15	18	16	
1271	15	18	16	
1272	15	18	16	
1273	15	18	16	
1274	15	18	16	
1275	15	18	16	
1276	15	18	16	
1277	15	18	16	
1278	15	18	16	
1279	15	18	16	
1280	15	18	16	
1281	15	18	16	
1282	15	18	16	
1283	15	18	16	
1284	15	18	16	
1285	15	18	16	
1286	15	18	16	
1287	34	31	24	
1288	34	31	24	
1289	34	31	24	
1290	34	31	24	
1291	34	31	24	
1292	34	31	24	
1293	16	31	16	
1294	26	16	16	
1295	26	16	16	
1296	15	15	16	
1297	15	15	16	
1298	15	15	16	
1299	18	39	56	
1300	18	39	56	
1301	18	39	56	
1302	18	39	56	
1303	18	39	56	
1304	18	39	56	
1305	18	39	56	
1306	18	39	56	
1307	18	39	56	
1308	18	39	56	
1309	18	39	56	
1310	18	39	56	
1311	15	19	18	
1312	15	19	18	
1313	15	19	18	
1314	15	19	18	
1315	15	19	18	
1316	15	19	18	
1317	15	19	18	
1318	15	19	18	
1319	15	19	18	
1320	15	19	18	
1321	15	19	18	
1322	15	19	18	
1323	15	19	18	
1324	15	19	18	
1325	32	13	45	
1326	32	13	45	
1327	32	13	45	
1328	32	13	45	
1329	32	13	45	
1330	32	13	45	
1331	32	13	45	
1332	32	13	45	
1333	32	13	45	
1334	34	26	29	
1335	34	26	29	
1336	34	26	29	
1337	35	48	16	
1338	35	48	16	
1339	35	48	16	
1340	35	48	16	
1341	35	48	16	
1342	35	48	16	
1343	35	48	16	
1344	35	48	16	
1345	35	48	16	
1346	35	48	16	
1347	35	48	16	
1348	35	48	16	
1349	35	48	16	
1350	35	48	16	
1351	35	48	16	
1352	35	48	16	
1353	35	48	16	
1354	35	48	16	
1355	35	48	16	
1356	35	48	16	
1357	35	48	16	
1358	35	48	16	
1359	35	48	16	
1360	35	48	16	
1361	35	48	16	
1362	35	48	16	
1363	35	48	16	
1364	35	48	16	
1365	35	48	16	
1366	35	48	16	
1367	30	11	13	
1368	30	11	13	
1369	30	11	13	
1370	19	11	14	
1371	19	11	14	
1372	19	11	14	
1373	19	11	14	
1374	14	13	20	
1375	14	13	20	
1376	14	13	20	
1377	13	11	16	
1378	17	13	15	
1379	17	13	15	
1380	17	13	15	
1381	13	11	30	
1382	21	13	30	
1383	21	13	30	
1384	21	13	30	
1385	21	13	30	
1386	21	13	30	
1387	15	16	18	
1388	15	16	18	
1389	15	16	18	
1390	15	16	18	
1391	15	16	18	
1392	15	16	18	
1393	15	16	18	
1394	15	16	18	
1395	15	16	18	
1396	15	16	18	
1397	15	16	18	
1398	15	16	18	
1399	15	16	18	
1400	15	16	18	
1401	15	16	18	
1402	15	16	18	
1403	15	16	18	
1404	15	16	18	
1405	13	31	25	
1406	12	39	50	
1407	12	39	50	
1408	12	39	50	
1409	2	2	3	
1410	18	39	56	
1411	18	39	56	
1412	18	39	56	
1413	18	39	56	
1414	18	39	56	
1415	18	39	56	
1416	18	39	56	
1417	18	39	56	
1418	18	39	56	
1419	18	39	56	
1420	18	39	56	
1421	18	39	56	
1422	15	19	18	
1423	15	19	18	
1424	15	19	18	
1425	15	19	18	
1426	15	19	18	
1427	15	19	18	
1428	15	19	18	
1429	15	19	18	
1430	15	19	18	
1431	15	19	18	
1432	15	19	18	
1433	15	19	18	
1434	15	19	18	
1435	15	19	18	
1436	32	13	45	
1437	32	13	45	
1438	32	13	45	
1439	32	13	45	
1440	32	13	45	
1441	32	13	45	
1442	32	13	45	
1443	32	13	45	
1444	32	13	45	
1445	34	26	29	
1446	34	26	29	
1447	34	26	29	
1448	35	48	16	
1449	35	48	16	
1450	35	48	16	
1451	35	48	16	
1452	35	48	16	
1453	35	48	16	
1454	35	48	16	
1455	35	48	16	
1456	35	48	16	
1457	35	48	16	
1458	35	48	16	
1459	35	48	16	
1460	35	48	16	
1461	35	48	16	
1462	35	48	16	
1463	35	48	16	
1464	35	48	16	
1465	35	48	16	
1466	35	48	16	
1467	35	48	16	
1468	35	48	16	
1469	35	48	16	
1470	35	48	16	
1471	35	48	16	
1472	35	48	16	
1473	35	48	16	
1474	35	48	16	
1475	35	48	16	
1476	35	48	16	
1477	35	48	16	
1478	30	11	13	
1479	30	11	13	
1480	30	11	13	
1481	19	11	14	
1482	19	11	14	
1483	19	11	14	
1484	19	11	14	
1485	14	13	20	
1486	14	13	20	
1487	14	13	20	
1488	13	11	16	
1489	17	13	15	
1490	17	13	15	
1491	17	13	15	
1492	13	11	30	
1493	21	13	30	
1494	21	13	30	
1495	21	13	30	
1496	21	13	30	
1497	21	13	30	
1498	15	16	18	
1499	15	16	18	
1500	15	16	18	
1501	15	16	18	
1502	15	16	18	
1503	15	16	18	
1504	15	16	18	
1505	15	16	18	
1506	15	16	18	
1507	15	16	18	
1508	15	16	18	
1509	15	16	18	
1510	15	16	18	
1511	15	16	18	
1512	15	16	18	
1513	15	16	18	
1514	15	16	18	
1515	15	16	18	
1516	13	31	25	
1517	12	39	50	
1518	12	39	50	
1519	12	39	50	
1520	2	2	3	
1521	18	39	56	
1522	18	39	56	
1523	18	39	56	
1524	18	39	56	
1525	18	39	56	
1526	18	39	56	
1527	18	39	56	
1528	18	39	56	
1529	18	39	56	
1530	18	39	56	
1531	18	39	56	
1532	18	39	56	
1533	15	19	18	
1534	15	19	18	
1535	15	19	18	
1536	15	19	18	
1537	15	19	18	
1538	15	19	18	
1539	15	19	18	
1540	15	19	18	
1541	15	19	18	
1542	15	19	18	
1543	15	19	18	
1544	15	19	18	
1545	15	19	18	
1546	15	19	18	
1547	32	13	45	
1548	32	13	45	
1549	32	13	45	
1550	32	13	45	
1551	32	13	45	
1552	32	13	45	
1553	32	13	45	
1554	32	13	45	
1555	32	13	45	
1556	34	26	29	
1557	34	26	29	
1558	34	26	29	
1559	35	48	16	
1560	35	48	16	
1561	35	48	16	
1562	35	48	16	
1563	35	48	16	
1564	35	48	16	
1565	35	48	16	
1566	35	48	16	
1567	35	48	16	
1568	35	48	16	
1569	35	48	16	
1570	35	48	16	
1571	35	48	16	
1572	35	48	16	
1573	35	48	16	
1574	35	48	16	
1575	35	48	16	
1576	35	48	16	
1577	35	48	16	
1578	35	48	16	
1579	35	48	16	
1580	35	48	16	
1581	35	48	16	
1582	35	48	16	
1583	35	48	16	
1584	35	48	16	
1585	35	48	16	
1586	35	48	16	
1587	35	48	16	
1588	35	48	16	
1589	30	11	13	
1590	30	11	13	
1591	30	11	13	
1592	19	11	14	
1593	19	11	14	
1594	19	11	14	
1595	19	11	14	
1596	14	13	20	
1597	14	13	20	
1598	14	13	20	
1599	13	11	16	
1600	17	13	15	
1601	17	13	15	
1602	17	13	15	
1603	13	11	30	
1604	21	13	30	
1605	21	13	30	
1606	21	13	30	
1607	21	13	30	
1608	21	13	30	
1609	15	16	18	
1610	15	16	18	
1611	15	16	18	
1612	15	16	18	
1613	15	16	18	
1614	15	16	18	
1615	15	16	18	
1616	15	16	18	
1617	15	16	18	
1618	15	16	18	
1619	15	16	18	
1620	15	16	18	
1621	15	16	18	
1622	15	16	18	
1623	15	16	18	
1624	15	16	18	
1625	15	16	18	
1626	15	16	18	
1627	13	31	25	
1628	12	39	50	
1629	12	39	50	
1630	12	39	50	
1631	2	2	3	
1632	36	14	44	
1633	36	14	44	
1634	36	14	44	
1635	36	14	44	
1636	36	14	44	
1637	36	14	44	
1638	36	14	44	
1639	36	14	44	
1640	36	14	44	
1641	36	14	44	
1642	36	14	44	
1643	36	14	44	
1644	36	14	44	
1645	36	14	44	
1646	36	14	44	
1647	36	14	44	
1648	36	14	44	
1649	36	14	44	
1650	36	14	44	
1651	36	14	44	
1652	36	14	44	
1653	26	24	28	
1654	26	24	28	
1655	26	24	28	
1656	26	24	28	
1657	48	35	16	
1658	48	35	16	
1659	48	35	16	
1660	48	35	16	
1661	48	35	16	
1662	48	35	16	
1663	48	35	16	
1664	48	35	16	
1665	48	35	16	
1666	48	35	16	
1667	48	35	16	
1668	48	35	16	
1669	48	35	16	
1670	48	35	16	
1671	48	35	16	
1672	48	35	16	
1673	48	35	16	
1674	48	35	16	
1675	48	35	16	
1676	48	35	16	
1677	34	29	37	
1678	34	29	37	
1679	34	29	37	
1680	34	29	37	
1681	34	29	37	
1682	34	29	37	
1683	34	29	37	
1684	34	29	37	
1685	19	22	11	
1686	19	22	11	
1687	19	22	11	
1688	36	34	29	
1689	36	34	29	
1690	36	34	29	
1691	36	34	29	
1692	36	34	29	
1693	36	34	29	
1694	36	34	29	
1695	36	34	29	
1696	36	34	29	
1697	36	34	29	
1698	17	13	15	
1699	17	13	15	
1700	17	13	15	
1701	17	13	15	
1702	17	13	15	
1703	17	13	15	
1704	17	13	15	
1705	17	13	15	
1706	17	13	15	
1707	17	13	15	
1708	13	32	45	
1709	13	32	45	
1710	13	32	45	
1711	13	31	25	
1712	17	38	58	
1713	17	38	58	
1714	17	38	58	
1715	17	38	58	
1716	17	38	58	
1717	17	38	58	
1718	17	38	58	
1719	17	38	58	
1720	17	38	58	
1721	17	38	58	
1722	17	38	58	
1723	17	38	58	
1724	17	38	58	
1725	17	38	58	
1726	17	58	38	
1727	17	58	38	
1728	17	58	38	
1729	17	58	38	
1730	17	58	38	
1731	17	58	38	
1732	17	58	38	
1733	17	58	38	
1734	17	58	38	
1735	17	58	38	
1736	17	58	38	
1737	17	58	38	
1738	17	58	38	
1739	17	58	38	
1740	20	19	26	
1741	20	19	26	
1742	20	19	26	
1743	20	23	25	
1744	20	23	25	
1745	20	23	25	
1746	20	23	25	
1747	20	23	25	
1748	20	23	25	
1749	17	18	20	
1750	17	18	20	
1751	17	18	20	
1752	17	18	20	
1753	17	18	20	
1754	17	18	20	
1755	17	18	20	
1756	17	18	19	
1757	17	18	19	
1758	17	18	19	
1759	17	18	19	
1760	17	18	19	
1761	17	18	19	
1762	17	18	19	
1763	30	29	26	
1764	30	29	26	
1765	26	23	45	
1766	26	23	45	
1767	26	23	45	
1768	39	18	56	
1769	39	18	56	
1770	39	18	56	
1771	23	23	17	
1772	23	23	17	
1773	23	23	17	
1774	23	23	17	
1775	23	23	17	
1776	23	23	17	
1777	23	23	17	
1778	23	23	17	
1779	23	23	17	
1780	23	23	17	
1781	23	23	17	
1782	23	23	17	
1783	23	23	17	
1784	23	23	17	
1785	23	23	17	
1786	23	23	17	
1787	23	23	17	
1788	23	23	17	
1789	23	23	17	
1790	23	23	17	
1791	23	23	17	
1792	23	23	17	
1793	23	23	17	
1794	23	23	17	
1795	23	23	17	
1796	23	23	17	
1797	23	23	17	
1798	23	23	17	
1799	45	23	14	
1800	20	19	26	
1801	20	19	26	
1802	20	19	26	
1803	14	19	26	
1804	14	19	26	
1805	14	19	26	
1806	45	23	14	
1807	33	45	26	
1808	12	13	26	
1809	22	11	13	
1810	22	11	13	
1811	17	38	58	
1812	17	38	58	
1813	17	38	58	
1814	17	38	58	
1815	17	38	58	
1816	17	38	58	
1817	17	38	58	
1818	17	38	58	
1819	17	38	58	
1820	17	38	58	
1821	17	38	58	
1822	17	38	58	
1823	17	38	58	
1824	17	38	58	
1825	17	58	38	
1826	17	58	38	
1827	17	58	38	
1828	17	58	38	
1829	17	58	38	
1830	17	58	38	
1831	17	58	38	
1832	17	58	38	
1833	17	58	38	
1834	17	58	38	
1835	17	58	38	
1836	17	58	38	
1837	17	58	38	
1838	17	58	38	
1839	20	19	26	
1840	20	19	26	
1841	20	19	26	
1842	20	23	25	
1843	20	23	25	
1844	20	23	25	
1845	20	23	25	
1846	20	23	25	
1847	20	23	25	
1848	17	18	20	
1849	17	18	20	
1850	17	18	20	
1851	17	18	20	
1852	17	18	20	
1853	17	18	20	
1854	17	18	20	
1855	17	18	19	
1856	17	18	19	
1857	17	18	19	
1858	17	18	19	
1859	17	18	19	
1860	17	18	19	
1861	17	18	19	
1862	30	29	26	
1863	30	29	26	
1864	26	23	45	
1865	26	23	45	
1866	26	23	45	
1867	39	18	56	
1868	39	18	56	
1869	39	18	56	
1870	23	23	17	
1871	23	23	17	
1872	23	23	17	
1873	23	23	17	
1874	23	23	17	
1875	23	23	17	
1876	23	23	17	
1877	23	23	17	
1878	23	23	17	
1879	23	23	17	
1880	23	23	17	
1881	23	23	17	
1882	23	23	17	
1883	23	23	17	
1884	23	23	17	
1885	23	23	17	
1886	23	23	17	
1887	23	23	17	
1888	23	23	17	
1889	23	23	17	
1890	23	23	17	
1891	23	23	17	
1892	23	23	17	
1893	23	23	17	
1894	23	23	17	
1895	23	23	17	
1896	23	23	17	
1897	23	23	17	
1898	45	23	14	
1899	20	19	26	
1900	20	19	26	
1901	20	19	26	
1902	14	19	26	
1903	14	19	26	
1904	14	19	26	
1905	45	23	14	
1906	33	45	26	
1907	12	13	26	
1908	22	11	13	
1909	22	11	13	
1910	17	38	58	
1911	17	38	58	
1912	17	38	58	
1913	17	38	58	
1914	17	38	58	
1915	17	38	58	
1916	17	38	58	
1917	17	38	58	
1918	17	38	58	
1919	17	38	58	
1920	17	38	58	
1921	17	38	58	
1922	17	38	58	
1923	17	38	58	
1924	17	58	38	
1925	17	58	38	
1926	17	58	38	
1927	17	58	38	
1928	17	58	38	
1929	17	58	38	
1930	17	58	38	
1931	17	58	38	
1932	17	58	38	
1933	17	58	38	
1934	17	58	38	
1935	17	58	38	
1936	17	58	38	
1937	17	58	38	
1938	20	19	26	
1939	20	19	26	
1940	20	19	26	
1941	20	23	25	
1942	20	23	25	
1943	20	23	25	
1944	20	23	25	
1945	20	23	25	
1946	20	23	25	
1947	17	18	20	
1948	17	18	20	
1949	17	18	20	
1950	17	18	20	
1951	17	18	20	
1952	17	18	20	
1953	17	18	20	
1954	17	18	19	
1955	17	18	19	
1956	17	18	19	
1957	17	18	19	
1958	17	18	19	
1959	17	18	19	
1960	17	18	19	
1961	30	29	26	
1962	30	29	26	
1963	26	23	45	
1964	26	23	45	
1965	26	23	45	
1966	39	18	56	
1967	39	18	56	
1968	39	18	56	
1969	23	23	17	
1970	23	23	17	
1971	23	23	17	
1972	23	23	17	
1973	23	23	17	
1974	23	23	17	
1975	23	23	17	
1976	23	23	17	
1977	23	23	17	
1978	23	23	17	
1979	23	23	17	
1980	23	23	17	
1981	23	23	17	
1982	23	23	17	
1983	23	23	17	
1984	23	23	17	
1985	23	23	17	
1986	23	23	17	
1987	23	23	17	
1988	23	23	17	
1989	23	23	17	
1990	23	23	17	
1991	23	23	17	
1992	23	23	17	
1993	23	23	17	
1994	23	23	17	
1995	23	23	17	
1996	23	23	17	
1997	45	23	14	
1998	20	19	26	
1999	20	19	26	
2000	20	19	26	
2001	14	19	26	
2002	14	19	26	
2003	14	19	26	
2004	45	23	14	
2005	33	45	26	
2006	12	13	26	
2007	22	11	13	
2008	22	11	13	
2009	34	37	29	
2010	34	37	29	
2011	34	37	29	
2012	34	37	29	
2013	34	37	29	
2014	34	37	29	
2015	20	26	50	
2016	20	26	50	
2017	20	26	50	
2018	20	26	50	
2019	20	26	50	
2020	20	26	50	
2021	17	38	58	
2022	17	38	58	
2023	17	38	58	
2024	17	38	58	
2025	17	38	58	
2026	17	38	58	
2027	17	38	58	
2028	17	38	58	
2029	17	38	58	
2030	17	38	58	
2031	17	38	58	
2032	17	38	58	
2033	29	34	37	
2034	29	34	37	
2035	29	34	37	
2036	29	34	37	
2037	29	34	37	
2038	29	34	37	
2039	29	34	37	
2040	29	34	37	
2041	29	34	37	
2042	20	15	19	
2043	20	15	19	
2044	20	15	19	
2045	20	15	19	
2046	20	15	19	
2047	20	15	19	
2048	20	15	19	
2049	20	15	19	
2050	20	19	15	
2051	20	19	15	
2052	20	19	15	
2053	20	19	15	
2054	20	19	15	
2055	20	19	15	
2056	20	19	15	
2057	20	19	15	
2058	20	19	15	
2059	20	19	15	
2060	29	22	37	
2061	29	22	37	
2062	29	22	37	
2063	29	22	37	
2064	29	22	37	
2065	29	22	37	
2066	29	22	37	
2067	29	22	37	
2068	23	16	11	
2069	23	16	11	
2070	15	18	19	
2071	15	18	19	
2072	15	18	19	
2073	15	18	19	
2074	15	18	19	
2075	15	18	19	
2076	15	18	19	
2077	15	18	19	
2078	15	18	19	
2079	15	18	19	
2080	15	18	19	
2081	15	18	19	
2082	19	25	24	
2083	19	25	24	
2084	19	25	24	
2085	19	25	24	
2086	19	25	24	
2087	19	25	24	
2088	19	22	11	
2089	16	35	48	
2090	16	35	48	
2091	16	35	48	
2092	16	35	48	
2093	16	35	48	
2094	16	35	48	
2095	15	16	15	
2096	15	16	15	
2097	15	16	15	
2098	15	16	15	
2099	17	58	38	
2100	17	58	38	
2101	17	58	38	
2102	17	58	38	
2103	17	58	38	
2104	17	58	38	
2105	17	58	38	
2106	17	58	38	
2107	17	58	38	
2108	17	58	38	
2109	17	58	38	
2110	17	58	38	
2111	17	58	38	
2112	17	58	38	
2113	17	58	38	
2114	17	58	38	
2115	17	58	38	
2116	17	58	38	
2117	17	58	38	
2118	17	58	38	
2119	17	58	38	
2120	17	39	58	
2121	17	39	58	
2122	17	39	58	
2123	17	39	58	
2124	17	39	58	
2125	17	39	58	
2126	17	39	58	
2127	17	39	58	
2128	33	39	37	
2129	33	39	37	
2130	26	33	45	
2131	32	25	44	
2132	26	33	45	
2133	20	25	22	
2134	20	25	22	
2135	49	29	35	
2136	49	29	35	
2137	52	40	16	
2138	16	40	54	
2139	16	40	54	
2140	16	40	54	
2141	18	47	27	
2142	16	20	13	
2143	48	35	16	
2144	16	21	12	
2145	29	34	37	
2146	29	34	37	
2147	19	15	18	
2148	19	15	18	
2149	19	15	18	
2150	19	15	18	
2151	19	20	15	
2152	19	20	15	
2153	19	20	15	
2154	19	20	15	
2155	14	20	14	
2156	22	24	26	
2157	22	24	26	
2158	22	24	26	
2159	22	24	14	
2160	21	24	33	
2161	17	38	56	
2162	17	38	56	
2163	17	38	56	
2164	17	38	56	
2165	17	38	56	
2166	17	38	56	
2167	17	38	56	
2168	17	38	56	
2169	17	38	56	
2170	17	38	56	
2171	17	38	56	
2172	17	38	56	
2173	17	38	56	
2174	17	38	56	
2175	17	38	56	
2176	17	38	56	
2177	17	38	56	
2178	17	38	56	
2179	17	38	56	
2180	17	38	56	
2181	17	38	56	
2182	17	38	56	
2183	17	38	56	
2184	17	38	56	
2185	17	38	56	
2186	17	38	56	
2187	17	38	56	
2188	17	38	56	
2189	21	33	24	
2190	21	33	24	
2191	21	33	24	
2192	21	33	24	
2193	56	38	17	
2194	56	38	17	
2195	56	38	17	
2196	56	38	17	
2197	25	20	14	
2198	25	20	14	
2199	45	23	14	
2200	14	20	14	
2201	19	11	14	
2202	25	24	27	
2203	25	24	27	
2204	25	24	27	
2205	30	24	24	
2206	30	24	24	
2207	27	24	23	
2208	30	21	13	
2209	33	21	24	
2210	33	21	24	
2211	25	24	24	
2212	29	23	43	
2213	30	22	16	
2214	30	22	16	
2215	30	22	16	
2216	23	23	20	
2217	22	21	44	
2218	39	33	37	
2219	15	22	29	
2220	15	20	19	
2221	15	18	16	
2222	15	17	13	
2223	12	16	18	
2224	12	18	16	
2225	23	23	17	
2226	23	23	17	
2227	23	22	18	
2228	23	18	38	
2229	56	38	17	
2230	56	38	17	
2231	56	38	17	
2232	56	38	17	
2233	56	38	17	
2234	56	38	17	
2235	56	38	17	
2236	56	38	17	
2237	56	38	17	
2238	56	38	17	
2239	56	38	17	
2240	56	38	17	
2241	56	38	17	
2242	56	38	17	
2243	56	38	17	
2244	56	38	17	
2245	56	38	17	
2246	56	38	17	
2247	56	38	17	
2248	56	38	17	
2249	56	38	17	
2250	56	38	17	
2251	56	38	17	
2252	56	38	17	
2253	56	38	17	
2254	56	38	17	
2255	56	38	17	
2256	20	24	29	
2257	20	24	29	
2258	40	11	60	
2259	40	11	60	
2260	20	19	16	
2261	20	19	16	
2262	40	16	54	
2263	27	24	25	
2264	27	24	25	
2265	27	24	24	
2266	27	23	39	
2267	27	23	39	
2268	31	38	31	
2269	31	38	31	
2270	58	38	17	
2271	58	38	17	
2272	56	38	17	
2273	56	38	17	
2274	56	38	17	
2275	56	38	17	
2276	56	38	17	
2277	25	24	19	
2278	25	20	19	
2279	25	20	19	
2280	25	20	19	
2281	19	20	26	
2282	19	20	16	
2283	18	20	17	
2284	27	23	39	
2285	27	23	39	
2286	27	21	17	
2287	27	21	17	
2288	26	16	16	
2289	26	16	16	
2290	26	16	16	
2291	32	32	25	
2292	32	32	25	
2293	50	35	39	
2294	39	25	30	
2295	41	23	62	
2296	29	20	41	
2297	27	20	34	
2298	27	20	34	
2299	16	22	30	
2300	49	29	35	
2301	49	30	27	
2302	40	11	60	
2303	39	17	58	
0	1	2	3	4	5	6	7	8	9	10	11	12	13	14	15	16	17	18	19	20	21	22	23	24	25	26	27	28	29	30	31	32	33	34	35	36	37	38	39	40	41	42	43	44	45	46	47	48	49	50	51	52	53	54	55	56	57	58	59	60	61	62	63	64	65	66	67	68	69	70	71	72	73	74	75	76	77	78	79	80	81	82	83	84	85	86	87	88	89	90	91	92	93	94	95	96	97	98	99	100	101	102	103	104	105	106	107	108	109	110	111	112	113	114	115	116	117	118	119	120	121	122	123	124	125	126	127	128	129	130	131	132	133	134	135	136	137	138	139	140	141	142	143	144	145	146	147	148	149	150	151	152	153	154	155	156	157	158	159	160	161	162	163	164	165	166	167	168	169	170	171	172	173	174	175	176	177	178	179	180	181	182	183	184	185	186	187	188	189	190	191	192	193	194	195	196	197	198	199	200	201	202	203	204	205	206	207	208	209	210	211	212	213	214	215	216	217	218	219	220	221	222	223	224	225	226	227	228	229	230	231	232	233	234	235	236	237	238	239	240	241	242	243	244	245	246	247	248	249	250	251	252	253	254	255	256	257	258	259	260	261	262	263	264	265	266	267	268	269	270	271	272	273	274	275	276	277	278	279	280	281	282	283	284	285	286	287	288	289	290	291	292	293	294	295	296	297	298	299	300	301	302	303	304	305	306	307	308	309	310	311	312	313	314	315	316	317	318	319	320	321	322	323	324	325	326	327	328	329	330	331	332	333	334	335	336	337	338	339	340	341	342	343	344	345	346	347	348	349	350	351	352	353	354	355	356	357	358	359	360	361	362	363	364	365	366	367	368	369	370	371	372	373	374	375	376	377	378	379	380	381	382	383	384	385	386	387	388	389	390	391	392	393	394	395	396	397	398	399	400	401	402	403	404	405	406	407	408	409	410	411	412	413	414	415	416	417	418	419	420	421	422	423	424	425	426	427	428	429	430	431	432	433	434	435	436	437	438	439	440	441	442	443	444	445	446	447	448	449	450	451	452	453	454	455	456	457	458	459	460	461	462	463	464	465	466	467	468	469	470	471	472	473	474	475	476	477	478	479	480	481	482	483	484	485	486	487	488	489	490	491	492	493	494	495	496	497	498	499	500	501	502	503	504	505	506	507	508	509	510	511	512	513	514	515	516	517	518	519	520	521	522	523	524	525	526	527	528	529	530	531	532	533	534	535	536	537	538	539	540	541	542	543	544	545	546	547	548	549	550	551	552	553	554	555	556	557	558	559	560	561	562	563	564	565	566	567	568	569	570	571	572	573	574	575	576	577	578	579	580	581	582	583	584	585	586	587	588	589	590	591	592	593	594	595	596	597	598	599	600	601	602	603	604	605	606	607	608	609	610	611	612	613	614	615	616	617	618	619	620	621	622	623	624	625	626	627	628	629	630	631	632	633	634	635	636	637	638	639	640	641	642	643	644	645	646	647	648	649	650	651	652	653	654	655	656	657	658	659	660	661	662	663	664	665	666	667	668	669	670	671	672	673	674	675	676	677	678	679	680	681	682	683	684	685	686	687	688	689	690	691	692	693	694	695	696	697	698	699	700	701	702	703	704	705	706	707	708	709	710	711	712	713	714	715	716	717	718	719	720	721	722	723	724	725	726	727	728	729	730	731	732	733	734	735	736	737	738	739	740	741	742	743	744	745	746	747	748	749	750	751	752	753	754	755	756	757	758	759	760	761	762	763	764	765	766	767	768	769	770	771	772	773	774	775	776	777	778	779	780	781	782	783	784	785	786	787	788	789	790	791	792	793	794	795	796	797	798	799	800	801	802	803	804	805	806	807	808	809	810	811	812	813	814	815	816	817	818	819	820	821	822	823	824	825	826	827	828	829	830	831	832	833	834	835	836	837	838	839	840	841	842	843	844	845	846	847	848	849	850	851	852	853	854	855	856	857	858	859	860	861	862	863	864	865	866	867	868	869	870	871	872	873	874	875	876	877	878	879	880	881	882	883	884	885	886	887	888	889	890	891	892	893	894	895	896	897	898	899	900	901	902	903	904	905	906	907	908	909	910	911	912	913	914	915	916	917	918	919	920	921	922	923	924	925	926	927	928	929	930	931	932	933	934	935	936	937	938	939	940	941	942	943	944	945	946	947	948	949	950	951	952	953	954	955	956	957	958	959	960	961	962	963	964	965	966	967	968	969	970	971	972	973	974	975	976	977	978	979	980	981	982	983	984	985	986	987	988	989	990	991	992	993	994	995	996	997	998	999	1000	1001	1002	1003	1004	1005	1006	1007	1008	1009	1010	1011	1012	1013	1014	1015	1016	1017	1018	1019	1020	1021	1022	1023	1024	1025	1026	1027	1028	1029	1030	1031	1032	1033	1034	1035	1036	1037	1038	1039	1040	1041	1042	1043	1044	1045	1046	1047	1048	1049	1050	1051	1052	1053	1054	1055	1056	1057	1058	1059	1060	1061	1062	1063	1064	1065	1066	1067	1068	1069	1070	1071	1072	1073	1074	1075	1076	1077	1078	1079	1080	1081	1082	1083	1084	1085	1086	1087	1088	1089	1090	1091	1092	1093	1094	1095	1096	1097	1098	1099	1100	1101	1102	1103	1104	1105	1106	1107	1108	1109	1110	1111	1112	1113	1114	1115	1116	1117	1118	1119	1120	1121	1122	1123	1124	1125	1126	1127	1128	1129	1130	1131	1132	1133	1134	1135	1136	1137	1138	1139	1140	1141	1142	1143	1144	1145	1146	1147	1148	1149	1150	1151	1152	1153	1154	1155	1156	1157	1158	1159	1160	1161	1162	1163	1164	1165	1166	1167	1168	1169	1170	1171	1172	1173	1174	1175	1176	1177	1178	1179	1180	1181	1182	1183	1184	1185	1186	1187	1188	1189	1190	1191	1192	1193	1194	1195	1196	1197	1198	1199	1200	1201	1202	1203	1204	1205	1206	1207	1208	1209	1210	1211	1212	1213	1214	1215	1216	1217	1218	1219	1220	1221	1222	1223	1224	1225	1226	1227	1228	1229	1230	1231	1232	1233	1234	1235	1236	1237	1238	1239	1240	1241	1242	1243	1244	1245	1246	1247	1248	1249	1250	1251	1252	1253	1254	1255	1256	1257	1258	1259	1260	1261	1262	1263	1264	1265	1266	1267	1268	1269	1270	1271	1272	1273	1274	1275	1276	1277	1278	1279	1280	1281	1282	1283	1284	1285	1286	1287	1288	1289	1290	1291	1292	1293	1294	1295	1296	1297	1298	1299	1300	1301	1302	1303	1304	1305	1306	1307	1308	1309	1310	1311	1312	1313	1314	1315	1316	1317	1318	1319	1320	1321	1322	1323	1324	1325	1326	1327	1328	1329	1330	1331	1332	1333	1334	1335	1336	1337	1338	1339	1340	1341	1342	1343	1344	1345	1346	1347	1348	1349	1350	1351	1352	1353	1354	1355	1356	1357	1358	1359	1360	1361	1362	1363	1364	1365	1366	1367	1368	1369	1370	1371	1372	1373	1374	1375	1376	1377	1378	1379	1380	1381	1382	1383	1384	1385	1386	1387	1388	1389	1390	1391	1392	1393	1394	1395	1396	1397	1398	1399	1400	1401	1402	1403	1404	1405	1406	1407	1408	1409	1410	1411	1412	1413	1414	1415	1416	1417	1418	1419	1420	1421	1422	1423	1424	1425	1426	1427	1428	1429	1430	1431	1432	1433	1434	1435	1436	1437	1438	1439	1440	1441	1442	1443	1444	1445	1446	1447	1448	1449	1450	1451	1452	1453	1454	1455	1456	1457	1458	1459	1460	1461	1462	1463	1464	1465	1466	1467	1468	1469	1470	1471	1472	1473	1474	1475	1476	1477	1478	1479	1480	1481	1482	1483	1484	1485	1486	1487	1488	1489	1490	1491	1492	1493	1494	1495	1496	1497	1498	1499	1500	1501	1502	1503	1504	1505	1506	1507	1508	1509	1510	1511	1512	1513	1514	1515	1516	1517	1518	1519	1520	1521	1522	1523	1524	1525	1526	1527	1528	1529	1530	1531	1532	1533	1534	1535	1536	1537	1538	1539	1540	1541	1542	1543	1544	1545	1546	1547	1548	1549	1550	1551	1552	1553	1554	1555	1556	1557	1558	1559	1560	1561	1562	1563	1564	1565	1566	1567	1568	1569	1570	1571	1572	1573	1574	1575	1576	1577	1578	1579	1580	1581	1582	1583	1584	1585	1586	1587	1588	1589	1590	1591	1592	1593	1594	1595	1596	1597	1598	1599	1600	1601	1602	1603	1604	1605	1606	1607	1608	1609	1610	1611	1612	1613	1614	1615	1616	1617	1618	1619	1620	1621	1622	1623	1624	1625	1626	1627	1628	1629	1630	1631	1632	1633	1634	1635	1636	1637	1638	1639	1640	1641	1642	1643	1644	1645	1646	1647	1648	1649	1650	1651	1652	1653	1654	1655	1656	1657	1658	1659	1660	1661	1662	1663	1664	1665	1666	1667	1668	1669	1670	1671	1672	1673	1674	1675	1676	1677	1678	1679	1680	1681	1682	1683	1684	1685	1686	1687	1688	1689	1690	1691	1692	1693	1694	1695	1696	1697	1698	1699	1700	1701	1702	1703	1704	1705	1706	1707	1708	1709	1710	1711	1712	1713	1714	1715	1716	1717	1718	1719	1720	1721	1722	1723	1724	1725	1726	1727	1728	1729	1730	1731	1732	1733	1734	1735	1736	1737	1738	1739	1740	1741	1742	1743	1744	1745	1746	1747	1748	1749	1750	1751	1752	1753	1754	1755	1756	1757	1758	1759	1760	1761	1762	1763	1764	1765	1766	1767	1768	1769	1770	1771	1772	1773	1774	1775	1776	1777	1778	1779	1780	1781	1782	1783	1784	1785	1786	1787	1788	1789	1790	1791	1792	1793	1794	1795	1796	1797	1798	1799	1800	1801	1802	1803	1804	1805	1806	1807	1808	1809	1810	1811	1812	1813	1814	1815	1816	1817	1818	1819	1820	1821	1822	1823	1824	1825	1826	1827	1828	1829	1830	1831	1832	1833	1834	1835	1836	1837	1838	1839	1840	1841	1842	1843	1844	1845	1846	1847	1848	1849	1850	1851	1852	1853	1854	1855	1856	1857	1858	1859	1860	1861	1862	1863	1864	1865	1866	1867	1868	1869	1870	1871	1872	1873	1874	1875	1876	1877	1878	1879	1880	1881	1882	1883	1884	1885	1886	1887	1888	1889	1890	1891	1892	1893	1894	1895	1896	1897	1898	1899	1900	1901	1902	1903	1904	1905	1906	1907	1908	1909	1910	1911	1912	1913	1914	1915	1916	1917	1918	1919	1920	1921	1922	1923	1924	1925	1926	1927	1928	1929	1930	1931	1932	1933	1934	1935	1936	1937	1938	1939	1940	1941	1942	1943	1944	1945	1946	1947	1948	1949	1950	1951	1952	1953	1954	1955	1956	1957	1958	1959	1960	1961	1962	1963	1964	1965	1966	1967	1968	1969	1970	1971	1972	1973	1974	1975	1976	1977	1978	1979	1980	1981	1982	1983	1984	1985	1986	1987	1988	1989	1990	1991	1992	1993	1994	1995	1996	1997	1998	1999	2000	2001	2002	2003	2004	2005	2006	2007	2008	2009	2010	2011	2012	2013	2014	2015	2016	2017	2018	2019	2020	2021	2022	2023	2024	2025	2026	2027	2028	2029	2030	2031	2032	2033	2034	2035	2036	2037	2038	2039	2040	2041	2042	2043	2044	2045	2046	2047	2048	2049	2050	2051	2052	2053	2054	2055	2056	2057	2058	2059	2060	2061	2062	2063	2064	2065	2066	2067	2068	2069	2070	2071	2072	2073	2074	2075	2076	2077	2078	2079	2080	2081	2082	2083	2084	2085	2086	2087	2088	2089	2090	2091	2092	2093	2094	2095	2096	2097	2098	2099	2100	2101	2102	2103	2104	2105	2106	2107	2108	2109	2110	2111	2112	2113	2114	2115	2116	2117	2118	2119	2120	2121	2122	2123	2124	2125	2126	2127	2128	2129	2130	2131	2132	2133	2134	2135	2136	2137	2138	2139	2140	2141	2142	2143	2144	2145	2146	2147	2148	2149	2150	2151	2152	2153	2154	2155	2156	2157	2158	2159	2160	2161	2162	2163	2164	2165	2166	2167	2168	2169	2170	2171	2172	2173	2174	2175	2176	2177	2178	2179	2180	2181	2182	2183	2184	2185	2186	2187	2188	2189	2190	2191	2192	2193	2194	2195	2196	2197	2198	2199	2200	2201	2202	2203	2204	2205	2206	2207	2208	2209	2210	2211	2212	2213	2214	2215	2216	2217	2218	2219	2220	2221	2222	2223	2224	2225	2226	2227	2228	2229	2230	2231	2232	2233	2234	2235	2236	2237	2238	2239	2240	2241	2242	2243	2244	2245	2246	2247	2248	2249	2250	2251	2252	2253	2254	2255	2256	2257	2258	2259	2260	2261	2262	2263	2264	2265	2266	2267	2268	2269	2270	2271	2272	2273	2274	2275	2276	2277	2278	2279	2280	2281	2282	2283	2284	2285	2286	2287	2288	2289	2290	2291	2292	2293	2294	2295	2296	2297	2298	2299	2300	2301	2302	2303	
