2196
120	100	160
0	40	52	16	
1	40	52	16	
2	40	52	16	
3	40	52	16	
4	40	52	16	
5	40	52	16	
6	40	52	16	
7	40	52	16	
8	40	52	16	
9	40	52	16	
10	40	52	16	
11	40	52	16	
12	40	52	16	
13	40	52	16	
14	40	52	16	
15	40	52	16	
16	40	52	16	
17	40	52	16	
18	40	52	16	
19	40	52	16	
20	40	52	16	
21	40	52	16	
22	40	52	16	
23	40	52	16	
24	40	52	16	
25	40	52	16	
26	40	52	16	
27	40	52	16	
28	40	52	16	
29	40	52	16	
30	34	48	16	
31	34	48	16	
32	34	48	16	
33	34	48	16	
34	34	48	16	
35	34	48	16	
36	34	48	16	
37	34	48	16	
38	34	48	16	
39	34	48	16	
40	34	48	16	
41	34	48	16	
42	34	48	16	
43	34	48	16	
44	34	48	16	
45	34	48	16	
46	34	48	16	
47	34	48	16	
48	34	48	16	
49	34	48	16	
50	34	48	16	
51	34	48	16	
52	34	48	16	
53	34	48	16	
54	34	48	16	
55	34	48	16	
56	34	48	16	
57	34	48	16	
58	34	48	16	
59	34	48	16	
60	18	23	24	
61	18	23	24	
62	18	23	24	
63	18	23	24	
64	18	23	24	
65	18	23	24	
66	18	23	24	
67	18	23	24	
68	18	23	24	
69	18	23	24	
70	18	23	24	
71	18	23	24	
72	16	21	15	
73	16	21	15	
74	40	52	16	
75	40	52	16	
76	40	52	16	
77	40	52	16	
78	40	52	16	
79	40	52	16	
80	40	52	16	
81	40	52	16	
82	40	52	16	
83	40	52	16	
84	40	52	16	
85	40	52	16	
86	40	52	16	
87	40	52	16	
88	40	52	16	
89	40	52	16	
90	40	52	16	
91	40	52	16	
92	40	52	16	
93	40	52	16	
94	40	52	16	
95	40	52	16	
96	40	52	16	
97	40	52	16	
98	40	52	16	
99	40	52	16	
100	40	52	16	
101	40	52	16	
102	40	52	16	
103	40	52	16	
104	34	48	16	
105	34	48	16	
106	34	48	16	
107	34	48	16	
108	34	48	16	
109	34	48	16	
110	34	48	16	
111	34	48	16	
112	34	48	16	
113	34	48	16	
114	34	48	16	
115	34	48	16	
116	34	48	16	
117	34	48	16	
118	34	48	16	
119	34	48	16	
120	34	48	16	
121	34	48	16	
122	34	48	16	
123	34	48	16	
124	34	48	16	
125	34	48	16	
126	34	48	16	
127	34	48	16	
128	34	48	16	
129	34	48	16	
130	34	48	16	
131	34	48	16	
132	34	48	16	
133	34	48	16	
134	18	23	24	
135	18	23	24	
136	18	23	24	
137	18	23	24	
138	18	23	24	
139	18	23	24	
140	18	23	24	
141	18	23	24	
142	18	23	24	
143	18	23	24	
144	18	23	24	
145	18	23	24	
146	16	21	15	
147	16	21	15	
148	40	54	16	
149	40	54	16	
150	40	54	16	
151	40	54	16	
152	40	54	16	
153	40	54	16	
154	40	54	16	
155	40	54	16	
156	40	54	16	
157	40	54	16	
158	40	54	16	
159	40	54	16	
160	40	54	16	
161	40	54	16	
162	40	54	16	
163	40	54	16	
164	40	54	16	
165	40	54	16	
166	40	54	16	
167	40	54	16	
168	40	54	16	
169	40	54	16	
170	40	54	16	
171	40	54	16	
172	40	54	16	
173	40	54	16	
174	40	54	16	
175	40	54	16	
176	40	54	16	
177	40	54	16	
178	24	23	38	
179	24	23	38	
180	24	23	38	
181	24	23	38	
182	24	23	38	
183	24	23	38	
184	24	23	38	
185	24	23	38	
186	24	23	38	
187	24	23	38	
188	24	23	27	
189	24	23	27	
190	24	23	27	
191	24	23	27	
192	24	23	27	
193	24	23	27	
194	24	23	27	
195	24	23	27	
196	24	23	27	
197	24	23	27	
198	60	23	25	
199	60	23	25	
200	60	23	25	
201	60	23	25	
202	24	23	27	
203	24	23	27	
204	24	23	27	
205	24	23	27	
206	24	23	27	
207	24	23	27	
208	24	23	27	
209	24	23	27	
210	24	23	27	
211	24	23	27	
212	24	23	27	
213	24	23	27	
214	24	23	27	
215	24	23	27	
216	24	23	27	
217	24	23	27	
218	24	23	27	
219	24	23	27	
220	24	23	27	
221	24	23	27	
222	45	23	14	
223	45	23	14	
224	45	23	14	
225	45	23	14	
226	30	24	10	
227	24	22	14	
228	40	54	16	
229	40	54	16	
230	40	54	16	
231	40	54	16	
232	40	54	16	
233	40	54	16	
234	40	54	16	
235	40	54	16	
236	40	54	16	
237	40	54	16	
238	40	54	16	
239	40	54	16	
240	40	54	16	
241	40	54	16	
242	40	54	16	
243	40	54	16	
244	40	54	16	
245	40	54	16	
246	40	54	16	
247	40	54	16	
248	40	54	16	
249	40	54	16	
250	40	54	16	
251	40	54	16	
252	40	54	16	
253	40	54	16	
254	40	54	16	
255	40	54	16	
256	40	54	16	
257	40	54	16	
258	24	23	38	
259	24	23	38	
260	24	23	38	
261	24	23	38	
262	24	23	38	
263	24	23	38	
264	24	23	38	
265	24	23	38	
266	24	23	38	
267	24	23	38	
268	24	23	27	
269	24	23	27	
270	24	23	27	
271	24	23	27	
272	24	23	27	
273	24	23	27	
274	24	23	27	
275	24	23	27	
276	24	23	27	
277	24	23	27	
278	60	23	25	
279	60	23	25	
280	60	23	25	
281	60	23	25	
282	24	23	27	
283	24	23	27	
284	24	23	27	
285	24	23	27	
286	24	23	27	
287	24	23	27	
288	24	23	27	
289	24	23	27	
290	24	23	27	
291	24	23	27	
292	24	23	27	
293	24	23	27	
294	24	23	27	
295	24	23	27	
296	24	23	27	
297	24	23	27	
298	24	23	27	
299	24	23	27	
300	24	23	27	
301	24	23	27	
302	45	23	14	
303	45	23	14	
304	45	23	14	
305	45	23	14	
306	30	24	10	
307	24	22	14	
308	40	52	16	
309	40	52	16	
310	40	52	16	
311	34	48	16	
312	34	48	16	
313	34	48	16	
314	34	48	16	
315	34	48	16	
316	34	48	16	
317	34	48	16	
318	34	48	16	
319	34	48	16	
320	34	48	16	
321	34	48	16	
322	34	48	16	
323	34	48	16	
324	34	48	16	
325	34	48	16	
326	34	48	16	
327	34	48	16	
328	34	48	16	
329	34	48	16	
330	34	48	16	
331	34	48	16	
332	34	48	16	
333	34	48	16	
334	34	48	16	
335	34	48	16	
336	34	48	16	
337	34	48	16	
338	34	48	16	
339	34	48	16	
340	34	48	16	
341	40	52	16	
342	40	52	16	
343	40	52	16	
344	40	52	16	
345	40	52	16	
346	40	52	16	
347	40	52	16	
348	40	52	16	
349	40	52	16	
350	40	52	16	
351	40	52	16	
352	40	52	16	
353	40	52	16	
354	40	52	16	
355	40	52	16	
356	40	52	16	
357	40	52	16	
358	40	52	16	
359	40	52	16	
360	40	52	16	
361	40	52	16	
362	40	52	16	
363	40	52	16	
364	40	52	16	
365	30	22	16	
366	30	22	16	
367	30	22	16	
368	30	22	16	
369	30	22	16	
370	30	22	16	
371	30	22	16	
372	30	22	16	
373	18	23	24	
374	18	23	24	
375	18	23	24	
376	18	23	24	
377	18	23	24	
378	18	23	24	
379	18	23	24	
380	18	23	24	
381	18	23	24	
382	18	23	24	
383	18	23	24	
384	18	23	24	
385	16	21	15	
386	16	21	15	
387	24	31	34	
388	24	31	34	
389	24	31	34	
390	24	31	34	
391	24	31	34	
392	24	31	34	
393	24	31	34	
394	24	31	34	
395	24	31	34	
396	24	31	34	
397	24	31	34	
398	24	31	34	
399	24	31	34	
400	24	31	34	
401	24	31	34	
402	24	31	34	
403	24	31	34	
404	24	31	34	
405	24	31	34	
406	24	31	34	
407	28	10	24	
408	28	10	24	
409	28	10	24	
410	28	10	24	
411	28	10	24	
412	28	10	24	
413	28	10	24	
414	28	10	24	
415	28	10	24	
416	30	22	16	
417	30	22	16	
418	30	22	16	
419	30	22	16	
420	30	22	16	
421	30	22	16	
422	30	22	16	
423	30	22	16	
424	30	22	16	
425	30	22	16	
426	30	22	16	
427	30	22	16	
428	30	22	16	
429	30	22	16	
430	30	22	16	
431	30	22	16	
432	30	22	16	
433	30	22	16	
434	30	22	16	
435	30	22	16	
436	30	22	16	
437	30	22	16	
438	30	22	16	
439	30	22	16	
440	30	22	16	
441	30	22	16	
442	30	22	16	
443	30	22	16	
444	26	28	24	
445	48	35	16	
446	48	35	16	
447	48	35	16	
448	48	35	16	
449	48	35	16	
450	48	35	16	
451	48	35	16	
452	48	35	16	
453	48	35	16	
454	48	35	16	
455	48	35	16	
456	48	35	16	
457	48	35	16	
458	48	35	16	
459	48	35	16	
460	48	35	16	
461	48	35	16	
462	48	35	16	
463	48	35	16	
464	48	35	16	
465	22	21	44	
466	22	21	44	
467	22	21	44	
468	22	21	44	
469	22	21	44	
470	39	12	50	
471	39	12	50	
472	39	12	50	
473	39	12	50	
474	39	12	50	
475	39	12	50	
476	39	12	50	
477	39	12	50	
478	39	12	50	
479	3	4	6	
480	10	28	24	
481	24	34	31	
482	24	34	31	
483	24	34	31	
484	24	34	31	
485	24	34	31	
486	10	17	14	
487	24	31	34	
488	24	31	34	
489	24	31	34	
490	24	31	34	
491	24	31	34	
492	24	31	34	
493	24	31	34	
494	24	31	34	
495	24	31	34	
496	24	31	34	
497	24	31	34	
498	24	31	34	
499	24	31	34	
500	24	31	34	
501	24	31	34	
502	24	31	34	
503	24	31	34	
504	24	31	34	
505	24	31	34	
506	24	31	34	
507	28	10	24	
508	28	10	24	
509	28	10	24	
510	28	10	24	
511	28	10	24	
512	28	10	24	
513	28	10	24	
514	28	10	24	
515	28	10	24	
516	30	22	16	
517	30	22	16	
518	30	22	16	
519	30	22	16	
520	30	22	16	
521	30	22	16	
522	30	22	16	
523	30	22	16	
524	30	22	16	
525	30	22	16	
526	30	22	16	
527	30	22	16	
528	30	22	16	
529	30	22	16	
530	30	22	16	
531	30	22	16	
532	30	22	16	
533	30	22	16	
534	30	22	16	
535	30	22	16	
536	30	22	16	
537	30	22	16	
538	30	22	16	
539	30	22	16	
540	30	22	16	
541	30	22	16	
542	30	22	16	
543	30	22	16	
544	26	28	24	
545	48	35	16	
546	48	35	16	
547	48	35	16	
548	48	35	16	
549	48	35	16	
550	48	35	16	
551	48	35	16	
552	48	35	16	
553	48	35	16	
554	48	35	16	
555	48	35	16	
556	48	35	16	
557	48	35	16	
558	48	35	16	
559	48	35	16	
560	48	35	16	
561	48	35	16	
562	48	35	16	
563	48	35	16	
564	48	35	16	
565	22	21	44	
566	22	21	44	
567	22	21	44	
568	22	21	44	
569	22	21	44	
570	39	12	50	
571	39	12	50	
572	39	12	50	
573	39	12	50	
574	39	12	50	
575	39	12	50	
576	39	12	50	
577	39	12	50	
578	39	12	50	
579	3	4	6	
580	10	28	24	
581	24	34	31	
582	24	34	31	
583	24	34	31	
584	24	34	31	
585	24	34	31	
586	10	17	14	
587	35	48	16	
588	35	48	16	
589	35	48	16	
590	35	48	16	
591	35	48	16	
592	35	48	16	
593	35	48	16	
594	35	48	16	
595	35	48	16	
596	35	48	16	
597	35	48	16	
598	35	48	16	
599	35	48	16	
600	35	48	16	
601	35	48	16	
602	35	48	16	
603	35	48	16	
604	35	48	16	
605	35	48	16	
606	35	48	16	
607	35	48	16	
608	35	48	16	
609	35	48	16	
610	35	48	16	
611	35	48	16	
612	35	48	16	
613	35	48	16	
614	35	48	16	
615	35	48	16	
616	35	48	16	
617	31	34	24	
618	31	34	24	
619	31	34	24	
620	31	34	24	
621	31	34	24	
622	31	34	24	
623	31	34	24	
624	31	34	24	
625	31	34	24	
626	31	34	24	
627	31	34	24	
628	31	34	24	
629	31	34	24	
630	31	34	24	
631	31	34	24	
632	31	34	24	
633	31	34	24	
634	31	34	24	
635	23	18	24	
636	23	18	24	
637	23	18	24	
638	23	18	24	
639	23	18	24	
640	23	18	24	
641	23	18	24	
642	23	18	24	
643	23	18	24	
644	23	18	24	
645	23	18	24	
646	23	18	24	
647	23	18	24	
648	23	18	24	
649	23	18	24	
650	23	18	24	
651	23	18	24	
652	23	18	24	
653	23	18	24	
654	23	18	24	
655	23	18	24	
656	23	18	24	
657	23	18	24	
658	23	18	24	
659	23	18	24	
660	23	18	24	
661	23	18	24	
662	23	18	24	
663	23	18	24	
664	23	18	24	
665	21	17	16	
666	21	17	16	
667	21	17	16	
668	21	17	16	
669	21	17	16	
670	21	17	16	
671	21	17	16	
672	21	17	16	
673	28	17	15	
674	28	17	15	
675	28	17	15	
676	28	17	15	
677	27	34	20	
678	27	34	20	
679	27	34	20	
680	27	34	20	
681	27	34	20	
682	27	34	20	
683	27	34	20	
684	27	34	20	
685	15	16	18	
686	15	16	18	
687	15	16	18	
688	15	16	18	
689	15	16	18	
690	15	16	18	
691	15	16	18	
692	15	16	18	
693	15	16	18	
694	15	16	18	
695	15	16	18	
696	15	16	18	
697	15	16	18	
698	15	16	18	
699	15	16	18	
700	15	16	18	
701	15	16	18	
702	15	16	18	
703	13	48	34	
704	25	20	30	
705	25	20	30	
706	25	20	30	
707	25	20	30	
708	25	20	30	
709	25	20	30	
710	25	20	30	
711	25	20	30	
712	25	20	30	
713	25	20	30	
714	25	20	30	
715	25	20	30	
716	25	20	30	
717	25	20	30	
718	25	20	30	
719	25	20	30	
720	25	20	30	
721	25	20	30	
722	25	20	30	
723	25	20	30	
724	37	33	39	
725	37	33	39	
726	37	33	39	
727	37	33	39	
728	37	33	39	
729	37	33	39	
730	37	33	39	
731	37	33	39	
732	37	33	39	
733	25	26	12	
734	25	26	12	
735	25	26	12	
736	29	20	11	
737	11	22	13	
738	11	22	13	
739	11	22	13	
740	7	19	13	
741	39	58	17	
742	39	58	17	
743	39	58	17	
744	39	58	17	
745	39	58	17	
746	39	58	17	
747	39	58	17	
748	13	22	11	
749	13	22	11	
750	13	22	11	
751	13	22	11	
752	13	22	11	
753	13	22	11	
754	19	14	11	
755	17	42	26	
756	17	42	26	
757	17	42	26	
758	17	42	26	
759	17	42	26	
760	17	42	26	
761	17	42	26	
762	17	42	26	
763	17	42	26	
764	17	42	26	
765	19	14	11	
766	29	37	26	
767	29	37	26	
768	29	37	26	
769	29	37	26	
770	29	37	26	
771	24	21	39	
772	24	21	39	
773	24	21	39	
774	24	21	39	
775	24	21	39	
776	24	21	39	
777	24	21	39	
778	24	21	39	
779	24	21	39	
780	16	21	13	
781	16	21	13	
782	16	21	13	
783	20	25	30	
784	20	25	30	
785	20	25	30	
786	20	25	30	
787	20	25	30	
788	20	25	30	
789	20	25	30	
790	20	25	30	
791	20	25	30	
792	20	25	30	
793	20	25	30	
794	20	25	30	
795	20	25	30	
796	20	25	30	
797	20	25	30	
798	20	25	30	
799	14	25	20	
800	14	25	20	
801	14	25	20	
802	14	25	20	
803	14	25	20	
804	14	25	20	
805	14	25	20	
806	14	25	20	
807	36	29	34	
808	36	29	34	
809	36	29	34	
810	36	29	34	
811	36	29	34	
812	36	29	34	
813	36	29	34	
814	36	29	34	
815	36	29	34	
816	36	29	34	
817	36	29	34	
818	36	29	34	
819	15	16	21	
820	15	16	21	
821	35	48	16	
822	35	48	16	
823	35	48	16	
824	35	48	16	
825	35	48	16	
826	35	48	16	
827	35	48	16	
828	35	48	16	
829	35	48	16	
830	35	48	16	
831	35	48	16	
832	35	48	16	
833	35	48	16	
834	35	48	16	
835	35	48	16	
836	35	48	16	
837	35	48	16	
838	35	48	16	
839	35	48	16	
840	35	48	16	
841	35	48	16	
842	35	48	16	
843	35	48	16	
844	35	48	16	
845	35	48	16	
846	35	48	16	
847	35	48	16	
848	35	48	16	
849	35	48	16	
850	35	48	16	
851	30	13	11	
852	30	13	11	
853	30	13	11	
854	30	13	11	
855	30	13	11	
856	30	13	11	
857	24	23	18	
858	24	23	18	
859	24	23	18	
860	24	23	18	
861	24	23	18	
862	24	23	18	
863	24	23	18	
864	24	23	18	
865	24	23	18	
866	24	23	18	
867	24	23	18	
868	24	23	18	
869	24	23	18	
870	24	23	18	
871	24	23	18	
872	24	23	18	
873	24	23	18	
874	24	23	18	
875	24	23	18	
876	24	23	18	
877	24	23	18	
878	24	23	18	
879	24	23	18	
880	24	23	18	
881	24	23	18	
882	24	23	18	
883	24	23	18	
884	24	23	18	
885	24	23	18	
886	24	23	18	
887	60	23	25	
888	60	23	25	
889	60	23	25	
890	60	23	25	
891	26	14	21	
892	26	14	21	
893	26	14	21	
894	18	15	19	
895	15	16	18	
896	15	16	18	
897	15	16	18	
898	15	16	18	
899	15	16	18	
900	15	16	18	
901	15	16	18	
902	15	16	18	
903	15	16	18	
904	15	16	18	
905	15	16	18	
906	15	16	18	
907	15	16	18	
908	15	16	18	
909	15	16	18	
910	15	16	18	
911	15	16	18	
912	15	16	18	
913	14	25	29	
914	15	23	25	
915	12	25	26	
916	12	25	26	
917	12	25	26	
918	12	16	41	
919	12	16	41	
920	34	29	36	
921	34	29	36	
922	34	29	36	
923	34	29	36	
924	34	29	36	
925	34	29	36	
926	34	29	36	
927	34	29	36	
928	34	29	36	
929	34	29	36	
930	34	29	36	
931	34	29	36	
932	16	18	15	
933	16	18	15	
934	16	18	15	
935	16	18	15	
936	16	18	15	
937	16	18	15	
938	16	18	15	
939	16	18	15	
940	32	13	45	
941	32	13	45	
942	32	13	45	
943	32	13	45	
944	32	13	45	
945	32	13	45	
946	32	13	45	
947	32	13	45	
948	32	13	45	
949	30	13	25	
950	30	13	25	
951	30	13	25	
952	16	15	15	
953	16	15	15	
954	31	38	31	
955	31	38	31	
956	31	38	31	
957	31	38	31	
958	31	38	31	
959	31	38	31	
960	31	38	31	
961	31	38	31	
962	31	38	31	
963	31	38	31	
964	35	48	16	
965	35	48	16	
966	35	48	16	
967	35	48	16	
968	35	48	16	
969	35	48	16	
970	35	48	16	
971	35	48	16	
972	35	48	16	
973	35	48	16	
974	35	48	16	
975	35	48	16	
976	35	48	16	
977	35	48	16	
978	35	48	16	
979	35	48	16	
980	35	48	16	
981	35	48	16	
982	35	48	16	
983	35	48	16	
984	12	13	26	
985	12	13	26	
986	12	13	26	
987	12	13	26	
988	24	13	15	
989	24	13	15	
990	24	39	21	
991	24	39	21	
992	12	39	50	
993	12	39	50	
994	12	39	50	
995	12	39	50	
996	20	13	16	
997	20	13	16	
998	20	13	16	
999	11	13	22	
1000	11	13	22	
1001	11	13	22	
1002	11	13	22	
1003	16	48	35	
1004	16	48	35	
1005	16	48	35	
1006	16	16	31	
1007	16	16	31	
1008	16	16	31	
1009	14	27	24	
1010	16	21	13	
1011	39	12	50	
1012	39	12	50	
1013	39	12	50	
1014	39	12	50	
1015	39	12	50	
1016	39	12	50	
1017	39	12	50	
1018	39	12	50	
1019	39	12	50	
1020	39	56	18	
1021	39	56	18	
1022	39	56	18	
1023	39	56	18	
1024	39	56	18	
1025	39	56	18	
1026	39	56	18	
1027	39	56	18	
1028	39	56	18	
1029	39	56	18	
1030	39	56	18	
1031	39	56	18	
1032	39	56	18	
1033	39	56	18	
1034	39	56	18	
1035	39	56	18	
1036	39	56	18	
1037	39	56	18	
1038	39	56	18	
1039	39	56	18	
1040	39	56	18	
1041	39	56	18	
1042	39	56	18	
1043	39	56	18	
1044	40	16	54	
1045	40	16	54	
1046	40	16	54	
1047	40	16	54	
1048	40	16	54	
1049	40	16	54	
1050	10	14	16	
1051	10	14	16	
1052	10	14	16	
1053	10	14	16	
1054	15	16	18	
1055	15	16	18	
1056	15	16	18	
1057	15	16	18	
1058	15	16	18	
1059	15	16	18	
1060	15	16	18	
1061	15	16	18	
1062	15	16	18	
1063	15	16	18	
1064	15	16	18	
1065	15	16	18	
1066	15	16	18	
1067	15	16	18	
1068	15	16	18	
1069	15	16	18	
1070	13	32	44	
1071	13	32	44	
1072	13	32	44	
1073	13	32	44	
1074	13	32	44	
1075	13	32	44	
1076	13	32	44	
1077	13	32	44	
1078	15	18	16	
1079	15	18	16	
1080	15	18	16	
1081	15	18	16	
1082	15	18	16	
1083	15	18	16	
1084	15	18	16	
1085	15	18	16	
1086	15	18	16	
1087	15	18	16	
1088	15	18	16	
1089	15	18	16	
1090	15	18	16	
1091	15	18	16	
1092	15	18	16	
1093	15	18	16	
1094	15	18	16	
1095	15	18	16	
1096	15	18	16	
1097	15	18	16	
1098	15	18	16	
1099	34	31	24	
1100	34	31	24	
1101	34	31	24	
1102	34	31	24	
1103	34	31	24	
1104	34	31	24	
1105	16	31	16	
1106	26	16	16	
1107	26	16	16	
1108	15	15	16	
1109	15	15	16	
1110	15	15	16	
1111	18	39	56	
1112	18	39	56	
1113	18	39	56	
1114	18	39	56	
1115	18	39	56	
1116	18	39	56	
1117	18	39	56	
1118	18	39	56	
1119	18	39	56	
1120	18	39	56	
1121	18	39	56	
1122	18	39	56	
1123	15	19	18	
1124	15	19	18	
1125	15	19	18	
1126	15	19	18	
1127	15	19	18	
1128	15	19	18	
1129	15	19	18	
1130	15	19	18	
1131	15	19	18	
1132	15	19	18	
1133	15	19	18	
1134	15	19	18	
1135	15	19	18	
1136	15	19	18	
1137	32	13	45	
1138	32	13	45	
1139	32	13	45	
1140	32	13	45	
1141	32	13	45	
1142	32	13	45	
1143	32	13	45	
1144	32	13	45	
1145	32	13	45	
1146	34	26	29	
1147	34	26	29	
1148	34	26	29	
1149	35	48	16	
1150	35	48	16	
1151	35	48	16	
1152	35	48	16	
1153	35	48	16	
1154	35	48	16	
1155	35	48	16	
1156	35	48	16	
1157	35	48	16	
1158	35	48	16	
1159	35	48	16	
1160	35	48	16	
1161	35	48	16	
1162	35	48	16	
1163	35	48	16	
1164	35	48	16	
1165	35	48	16	
1166	35	48	16	
1167	35	48	16	
1168	35	48	16	
1169	35	48	16	
1170	35	48	16	
1171	35	48	16	
1172	35	48	16	
1173	35	48	16	
1174	35	48	16	
1175	35	48	16	
1176	35	48	16	
1177	35	48	16	
1178	35	48	16	
1179	30	11	13	
1180	30	11	13	
1181	30	11	13	
1182	19	11	14	
1183	19	11	14	
1184	19	11	14	
1185	19	11	14	
1186	14	13	20	
1187	14	13	20	
1188	14	13	20	
1189	13	11	16	
1190	17	13	15	
1191	17	13	15	
1192	17	13	15	
1193	13	11	30	
1194	21	13	30	
1195	21	13	30	
1196	21	13	30	
1197	21	13	30	
1198	21	13	30	
1199	15	16	18	
1200	15	16	18	
1201	15	16	18	
1202	15	16	18	
1203	15	16	18	
1204	15	16	18	
1205	15	16	18	
1206	15	16	18	
1207	15	16	18	
1208	15	16	18	
1209	15	16	18	
1210	15	16	18	
1211	15	16	18	
1212	15	16	18	
1213	15	16	18	
1214	15	16	18	
1215	15	16	18	
1216	15	16	18	
1217	13	31	25	
1218	12	39	50	
1219	12	39	50	
1220	12	39	50	
1221	2	2	3	
1222	18	39	56	
1223	18	39	56	
1224	18	39	56	
1225	18	39	56	
1226	18	39	56	
1227	18	39	56	
1228	18	39	56	
1229	18	39	56	
1230	18	39	56	
1231	18	39	56	
1232	18	39	56	
1233	18	39	56	
1234	15	19	18	
1235	15	19	18	
1236	15	19	18	
1237	15	19	18	
1238	15	19	18	
1239	15	19	18	
1240	15	19	18	
1241	15	19	18	
1242	15	19	18	
1243	15	19	18	
1244	15	19	18	
1245	15	19	18	
1246	15	19	18	
1247	15	19	18	
1248	32	13	45	
1249	32	13	45	
1250	32	13	45	
1251	32	13	45	
1252	32	13	45	
1253	32	13	45	
1254	32	13	45	
1255	32	13	45	
1256	32	13	45	
1257	34	26	29	
1258	34	26	29	
1259	34	26	29	
1260	35	48	16	
1261	35	48	16	
1262	35	48	16	
1263	35	48	16	
1264	35	48	16	
1265	35	48	16	
1266	35	48	16	
1267	35	48	16	
1268	35	48	16	
1269	35	48	16	
1270	35	48	16	
1271	35	48	16	
1272	35	48	16	
1273	35	48	16	
1274	35	48	16	
1275	35	48	16	
1276	35	48	16	
1277	35	48	16	
1278	35	48	16	
1279	35	48	16	
1280	35	48	16	
1281	35	48	16	
1282	35	48	16	
1283	35	48	16	
1284	35	48	16	
1285	35	48	16	
1286	35	48	16	
1287	35	48	16	
1288	35	48	16	
1289	35	48	16	
1290	30	11	13	
1291	30	11	13	
1292	30	11	13	
1293	19	11	14	
1294	19	11	14	
1295	19	11	14	
1296	19	11	14	
1297	14	13	20	
1298	14	13	20	
1299	14	13	20	
1300	13	11	16	
1301	17	13	15	
1302	17	13	15	
1303	17	13	15	
1304	13	11	30	
1305	21	13	30	
1306	21	13	30	
1307	21	13	30	
1308	21	13	30	
1309	21	13	30	
1310	15	16	18	
1311	15	16	18	
1312	15	16	18	
1313	15	16	18	
1314	15	16	18	
1315	15	16	18	
1316	15	16	18	
1317	15	16	18	
1318	15	16	18	
1319	15	16	18	
1320	15	16	18	
1321	15	16	18	
1322	15	16	18	
1323	15	16	18	
1324	15	16	18	
1325	15	16	18	
1326	15	16	18	
1327	15	16	18	
1328	13	31	25	
1329	12	39	50	
1330	12	39	50	
1331	12	39	50	
1332	2	2	3	
1333	17	38	58	
1334	17	38	58	
1335	17	38	58	
1336	17	38	58	
1337	17	38	58	
1338	17	38	58	
1339	17	38	58	
1340	17	38	58	
1341	17	38	58	
1342	17	38	58	
1343	17	38	58	
1344	17	38	58	
1345	17	38	58	
1346	17	38	58	
1347	17	58	38	
1348	17	58	38	
1349	17	58	38	
1350	17	58	38	
1351	17	58	38	
1352	17	58	38	
1353	17	58	38	
1354	17	58	38	
1355	17	58	38	
1356	17	58	38	
1357	17	58	38	
1358	17	58	38	
1359	17	58	38	
1360	17	58	38	
1361	20	19	26	
1362	20	19	26	
1363	20	19	26	
1364	20	23	25	
1365	20	23	25	
1366	20	23	25	
1367	20	23	25	
1368	20	23	25	
1369	20	23	25	
1370	17	18	20	
1371	17	18	20	
1372	17	18	20	
1373	17	18	20	
1374	17	18	20	
1375	17	18	20	
1376	17	18	20	
1377	17	18	19	
1378	17	18	19	
1379	17	18	19	
1380	17	18	19	
1381	17	18	19	
1382	17	18	19	
1383	17	18	19	
1384	30	29	26	
1385	30	29	26	
1386	26	23	45	
1387	26	23	45	
1388	26	23	45	
1389	39	18	56	
1390	39	18	56	
1391	39	18	56	
1392	23	23	17	
1393	23	23	17	
1394	23	23	17	
1395	23	23	17	
1396	23	23	17	
1397	23	23	17	
1398	23	23	17	
1399	23	23	17	
1400	23	23	17	
1401	23	23	17	
1402	23	23	17	
1403	23	23	17	
1404	23	23	17	
1405	23	23	17	
1406	23	23	17	
1407	23	23	17	
1408	23	23	17	
1409	23	23	17	
1410	23	23	17	
1411	23	23	17	
1412	23	23	17	
1413	23	23	17	
1414	23	23	17	
1415	23	23	17	
1416	23	23	17	
1417	23	23	17	
1418	23	23	17	
1419	23	23	17	
1420	45	23	14	
1421	20	19	26	
1422	20	19	26	
1423	20	19	26	
1424	14	19	26	
1425	14	19	26	
1426	14	19	26	
1427	45	23	14	
1428	33	45	26	
1429	12	13	26	
1430	22	11	13	
1431	22	11	13	
1432	34	37	29	
1433	34	37	29	
1434	34	37	29	
1435	34	37	29	
1436	34	37	29	
1437	34	37	29	
1438	20	26	50	
1439	20	26	50	
1440	20	26	50	
1441	20	26	50	
1442	20	26	50	
1443	20	26	50	
1444	17	38	58	
1445	17	38	58	
1446	17	38	58	
1447	17	38	58	
1448	17	38	58	
1449	17	38	58	
1450	17	38	58	
1451	17	38	58	
1452	17	38	58	
1453	17	38	58	
1454	17	38	58	
1455	17	38	58	
1456	29	34	37	
1457	29	34	37	
1458	29	34	37	
1459	29	34	37	
1460	29	34	37	
1461	29	34	37	
1462	29	34	37	
1463	29	34	37	
1464	29	34	37	
1465	20	15	19	
1466	20	15	19	
1467	20	15	19	
1468	20	15	19	
1469	20	15	19	
1470	20	15	19	
1471	20	15	19	
1472	20	15	19	
1473	20	19	15	
1474	20	19	15	
1475	20	19	15	
1476	20	19	15	
1477	20	19	15	
1478	20	19	15	
1479	20	19	15	
1480	20	19	15	
1481	20	19	15	
1482	20	19	15	
1483	29	22	37	
1484	29	22	37	
1485	29	22	37	
1486	29	22	37	
1487	29	22	37	
1488	29	22	37	
1489	29	22	37	
1490	29	22	37	
1491	23	16	11	
1492	23	16	11	
1493	15	18	19	
1494	15	18	19	
1495	15	18	19	
1496	15	18	19	
1497	15	18	19	
1498	15	18	19	
1499	15	18	19	
1500	15	18	19	
1501	15	18	19	
1502	15	18	19	
1503	15	18	19	
1504	15	18	19	
1505	19	25	24	
1506	19	25	24	
1507	19	25	24	
1508	19	25	24	
1509	19	25	24	
1510	19	25	24	
1511	19	22	11	
1512	16	35	48	
1513	16	35	48	
1514	16	35	48	
1515	16	35	48	
1516	16	35	48	
1517	16	35	48	
1518	15	16	15	
1519	15	16	15	
1520	15	16	15	
1521	15	16	15	
1522	17	38	56	
1523	17	38	56	
1524	17	38	56	
1525	17	38	56	
1526	17	38	56	
1527	17	38	56	
1528	17	38	56	
1529	17	38	56	
1530	17	38	56	
1531	17	38	56	
1532	17	38	56	
1533	17	38	56	
1534	17	38	56	
1535	17	38	56	
1536	41	23	62	
1537	41	23	62	
1538	29	37	34	
1539	29	37	34	
1540	29	37	34	
1541	29	37	34	
1542	29	37	34	
1543	29	37	34	
1544	29	37	34	
1545	29	37	34	
1546	29	37	34	
1547	29	37	34	
1548	29	37	34	
1549	29	37	34	
1550	17	38	56	
1551	17	38	56	
1552	17	38	56	
1553	17	38	56	
1554	17	38	56	
1555	17	38	56	
1556	17	38	56	
1557	22	23	24	
1558	22	23	24	
1559	22	23	24	
1560	22	23	24	
1561	23	18	24	
1562	23	18	24	
1563	23	18	24	
1564	23	18	24	
1565	60	23	25	
1566	20	23	23	
1567	20	23	23	
1568	20	23	23	
1569	25	23	46	
1570	23	38	24	
1571	23	38	24	
1572	18	19	15	
1573	18	19	15	
1574	18	19	15	
1575	18	19	15	
1576	18	19	15	
1577	18	19	15	
1578	18	19	15	
1579	18	19	15	
1580	18	19	15	
1581	18	19	15	
1582	18	19	15	
1583	18	19	15	
1584	18	19	15	
1585	18	19	15	
1586	18	19	15	
1587	18	19	15	
1588	15	19	18	
1589	15	19	18	
1590	15	19	18	
1591	15	19	18	
1592	15	19	18	
1593	15	19	18	
1594	38	24	22	
1595	26	23	45	
1596	34	24	25	
1597	33	24	41	
1598	26	22	24	
1599	26	22	24	
1600	26	22	24	
1601	23	38	18	
1602	17	38	56	
1603	17	38	56	
1604	17	38	56	
1605	17	38	56	
1606	17	38	56	
1607	17	38	56	
1608	17	38	56	
1609	17	38	56	
1610	17	38	56	
1611	17	38	56	
1612	17	38	56	
1613	17	38	56	
1614	17	38	56	
1615	17	38	56	
1616	41	23	62	
1617	41	23	62	
1618	29	37	34	
1619	29	37	34	
1620	29	37	34	
1621	29	37	34	
1622	29	37	34	
1623	29	37	34	
1624	29	37	34	
1625	29	37	34	
1626	29	37	34	
1627	29	37	34	
1628	29	37	34	
1629	29	37	34	
1630	17	38	56	
1631	17	38	56	
1632	17	38	56	
1633	17	38	56	
1634	17	38	56	
1635	17	38	56	
1636	17	38	56	
1637	22	23	24	
1638	22	23	24	
1639	22	23	24	
1640	22	23	24	
1641	23	18	24	
1642	23	18	24	
1643	23	18	24	
1644	23	18	24	
1645	60	23	25	
1646	20	23	23	
1647	20	23	23	
1648	20	23	23	
1649	25	23	46	
1650	23	38	24	
1651	23	38	24	
1652	18	19	15	
1653	18	19	15	
1654	18	19	15	
1655	18	19	15	
1656	18	19	15	
1657	18	19	15	
1658	18	19	15	
1659	18	19	15	
1660	18	19	15	
1661	18	19	15	
1662	18	19	15	
1663	18	19	15	
1664	18	19	15	
1665	18	19	15	
1666	18	19	15	
1667	18	19	15	
1668	15	19	18	
1669	15	19	18	
1670	15	19	18	
1671	15	19	18	
1672	15	19	18	
1673	15	19	18	
1674	38	24	22	
1675	26	23	45	
1676	34	24	25	
1677	33	24	41	
1678	26	22	24	
1679	26	22	24	
1680	26	22	24	
1681	23	38	18	
1682	48	34	16	
1683	48	34	16	
1684	48	34	16	
1685	14	21	14	
1686	14	21	14	
1687	14	21	14	
1688	14	21	14	
1689	14	21	14	
1690	14	21	14	
1691	14	21	14	
1692	14	21	14	
1693	14	21	14	
1694	14	21	14	
1695	14	21	14	
1696	14	21	14	
1697	18	39	56	
1698	18	39	56	
1699	18	39	56	
1700	18	39	56	
1701	18	39	56	
1702	18	39	56	
1703	18	39	56	
1704	18	39	56	
1705	18	39	56	
1706	18	39	56	
1707	18	39	56	
1708	18	39	56	
1709	22	20	25	
1710	19	18	15	
1711	19	18	15	
1712	19	18	15	
1713	19	18	15	
1714	19	18	15	
1715	19	18	15	
1716	19	18	15	
1717	19	18	15	
1718	19	18	15	
1719	19	18	15	
1720	19	18	15	
1721	19	18	15	
1722	19	18	15	
1723	19	18	15	
1724	19	18	15	
1725	29	22	37	
1726	29	22	37	
1727	21	19	19	
1728	21	19	19	
1729	21	19	19	
1730	21	19	20	
1731	18	17	19	
1732	18	17	19	
1733	18	17	19	
1734	18	17	19	
1735	18	17	19	
1736	18	16	15	
1737	18	16	15	
1738	18	16	15	
1739	18	16	15	
1740	18	16	15	
1741	32	13	45	
1742	32	13	45	
1743	16	13	20	
1744	16	13	20	
1745	23	16	14	
1746	23	16	14	
1747	30	27	49	
1748	30	27	49	
1749	30	27	49	
1750	30	25	20	
1751	30	25	20	
1752	30	25	20	
1753	15	19	18	
1754	15	19	18	
1755	15	19	18	
1756	15	19	18	
1757	15	19	18	
1758	15	19	18	
1759	15	19	18	
1760	15	19	18	
1761	15	19	18	
1762	15	19	18	
1763	15	19	18	
1764	15	19	18	
1765	15	19	18	
1766	15	19	18	
1767	15	19	18	
1768	15	19	18	
1769	15	19	18	
1770	15	19	18	
1771	15	19	18	
1772	15	19	18	
1773	15	19	18	
1774	15	19	18	
1775	15	19	18	
1776	15	19	18	
1777	15	19	18	
1778	15	19	18	
1779	15	19	18	
1780	15	19	18	
1781	15	19	18	
1782	15	19	18	
1783	20	19	15	
1784	20	19	15	
1785	20	19	15	
1786	20	19	15	
1787	20	19	15	
1788	20	19	15	
1789	20	19	15	
1790	17	15	14	
1791	17	15	14	
1792	36	34	29	
1793	36	34	29	
1794	36	34	29	
1795	36	34	29	
1796	36	34	29	
1797	36	34	29	
1798	36	34	29	
1799	36	34	29	
1800	36	34	29	
1801	36	34	29	
1802	18	19	15	
1803	18	19	15	
1804	18	19	15	
1805	18	19	15	
1806	16	15	15	
1807	16	15	15	
1808	16	15	15	
1809	13	32	44	
1810	16	15	18	
1811	17	15	14	
1812	17	15	14	
1813	17	15	14	
1814	21	14	14	
1815	12	39	50	
1816	12	39	50	
1817	12	39	50	
1818	48	34	16	
1819	48	34	16	
1820	48	34	16	
1821	14	21	14	
1822	14	21	14	
1823	14	21	14	
1824	14	21	14	
1825	14	21	14	
1826	14	21	14	
1827	14	21	14	
1828	14	21	14	
1829	14	21	14	
1830	14	21	14	
1831	14	21	14	
1832	14	21	14	
1833	18	39	56	
1834	18	39	56	
1835	18	39	56	
1836	18	39	56	
1837	18	39	56	
1838	18	39	56	
1839	18	39	56	
1840	18	39	56	
1841	18	39	56	
1842	18	39	56	
1843	18	39	56	
1844	18	39	56	
1845	22	20	25	
1846	19	18	15	
1847	19	18	15	
1848	19	18	15	
1849	19	18	15	
1850	19	18	15	
1851	19	18	15	
1852	19	18	15	
1853	19	18	15	
1854	19	18	15	
1855	19	18	15	
1856	19	18	15	
1857	19	18	15	
1858	19	18	15	
1859	19	18	15	
1860	19	18	15	
1861	29	22	37	
1862	29	22	37	
1863	21	19	19	
1864	21	19	19	
1865	21	19	19	
1866	21	19	20	
1867	18	17	19	
1868	18	17	19	
1869	18	17	19	
1870	18	17	19	
1871	18	17	19	
1872	18	16	15	
1873	18	16	15	
1874	18	16	15	
1875	18	16	15	
1876	18	16	15	
1877	32	13	45	
1878	32	13	45	
1879	16	13	20	
1880	16	13	20	
1881	23	16	14	
1882	23	16	14	
1883	30	27	49	
1884	30	27	49	
1885	30	27	49	
1886	30	25	20	
1887	30	25	20	
1888	30	25	20	
1889	15	19	18	
1890	15	19	18	
1891	15	19	18	
1892	15	19	18	
1893	15	19	18	
1894	15	19	18	
1895	15	19	18	
1896	15	19	18	
1897	15	19	18	
1898	15	19	18	
1899	15	19	18	
1900	15	19	18	
1901	15	19	18	
1902	15	19	18	
1903	15	19	18	
1904	15	19	18	
1905	15	19	18	
1906	15	19	18	
1907	15	19	18	
1908	15	19	18	
1909	15	19	18	
1910	15	19	18	
1911	15	19	18	
1912	15	19	18	
1913	15	19	18	
1914	15	19	18	
1915	15	19	18	
1916	15	19	18	
1917	15	19	18	
1918	15	19	18	
1919	20	19	15	
1920	20	19	15	
1921	20	19	15	
1922	20	19	15	
1923	20	19	15	
1924	20	19	15	
1925	20	19	15	
1926	17	15	14	
1927	17	15	14	
1928	36	34	29	
1929	36	34	29	
1930	36	34	29	
1931	36	34	29	
1932	36	34	29	
1933	36	34	29	
1934	36	34	29	
1935	36	34	29	
1936	36	34	29	
1937	36	34	29	
1938	18	19	15	
1939	18	19	15	
1940	18	19	15	
1941	18	19	15	
1942	16	15	15	
1943	16	15	15	
1944	16	15	15	
1945	13	32	44	
1946	16	15	18	
1947	17	15	14	
1948	17	15	14	
1949	17	15	14	
1950	21	14	14	
1951	12	39	50	
1952	12	39	50	
1953	12	39	50	
1954	22	24	26	
1955	22	24	26	
1956	22	24	26	
1957	22	24	14	
1958	21	24	33	
1959	17	38	56	
1960	17	38	56	
1961	17	38	56	
1962	17	38	56	
1963	17	38	56	
1964	17	38	56	
1965	17	38	56	
1966	17	38	56	
1967	17	38	56	
1968	17	38	56	
1969	17	38	56	
1970	17	38	56	
1971	17	38	56	
1972	17	38	56	
1973	17	38	56	
1974	17	38	56	
1975	17	38	56	
1976	17	38	56	
1977	17	38	56	
1978	17	38	56	
1979	17	38	56	
1980	17	38	56	
1981	17	38	56	
1982	17	38	56	
1983	17	38	56	
1984	17	38	56	
1985	17	38	56	
1986	17	38	56	
1987	21	33	24	
1988	21	33	24	
1989	21	33	24	
1990	21	33	24	
1991	56	38	17	
1992	56	38	17	
1993	56	38	17	
1994	56	38	17	
1995	25	20	14	
1996	25	20	14	
1997	45	23	14	
1998	14	20	14	
1999	19	11	14	
2000	25	24	27	
2001	25	24	27	
2002	25	24	27	
2003	30	24	24	
2004	30	24	24	
2005	27	24	23	
2006	30	21	13	
2007	33	21	24	
2008	33	21	24	
2009	25	24	24	
2010	29	23	43	
2011	30	22	16	
2012	30	22	16	
2013	30	22	16	
2014	23	23	20	
2015	22	21	44	
2016	39	33	37	
2017	15	22	29	
2018	15	20	19	
2019	15	18	16	
2020	15	17	13	
2021	12	16	18	
2022	12	18	16	
2023	23	23	17	
2024	23	23	17	
2025	23	22	18	
2026	23	18	38	
2027	56	38	17	
2028	56	38	17	
2029	56	38	17	
2030	56	38	17	
2031	56	38	17	
2032	56	38	17	
2033	56	38	17	
2034	56	38	17	
2035	56	38	17	
2036	56	38	17	
2037	56	38	17	
2038	56	38	17	
2039	56	38	17	
2040	56	38	17	
2041	56	38	17	
2042	56	38	17	
2043	56	38	17	
2044	56	38	17	
2045	56	38	17	
2046	56	38	17	
2047	56	38	17	
2048	56	38	17	
2049	56	38	17	
2050	56	38	17	
2051	56	38	17	
2052	56	38	17	
2053	56	38	17	
2054	20	24	29	
2055	20	24	29	
2056	40	11	60	
2057	40	11	60	
2058	20	19	16	
2059	20	19	16	
2060	40	16	54	
2061	27	24	25	
2062	27	24	25	
2063	27	24	24	
2064	27	23	39	
2065	27	23	39	
2066	31	38	31	
2067	31	38	31	
2068	58	38	17	
2069	58	38	17	
2070	56	38	17	
2071	56	38	17	
2072	56	38	17	
2073	56	38	17	
2074	56	38	17	
2075	25	24	19	
2076	25	20	19	
2077	25	20	19	
2078	25	20	19	
2079	19	20	26	
2080	19	20	16	
2081	18	20	17	
2082	27	23	39	
2083	27	23	39	
2084	27	21	17	
2085	27	21	17	
2086	26	16	16	
2087	26	16	16	
2088	26	16	16	
2089	17	38	56	
2090	17	38	56	
2091	14	36	44	
2092	38	56	17	
2093	38	56	17	
2094	38	56	17	
2095	38	56	17	
2096	38	56	17	
2097	38	56	17	
2098	38	56	17	
2099	38	56	17	
2100	38	56	17	
2101	38	56	17	
2102	38	56	17	
2103	38	56	17	
2104	38	56	17	
2105	38	56	17	
2106	38	56	17	
2107	38	56	17	
2108	38	56	17	
2109	38	56	17	
2110	38	56	17	
2111	38	56	17	
2112	38	56	17	
2113	38	56	17	
2114	38	56	17	
2115	38	56	17	
2116	38	56	17	
2117	38	56	17	
2118	38	56	17	
2119	17	38	56	
2120	17	38	56	
2121	17	38	56	
2122	17	38	56	
2123	17	38	56	
2124	17	38	56	
2125	17	38	56	
2126	17	38	56	
2127	17	38	56	
2128	17	38	56	
2129	17	38	56	
2130	17	38	56	
2131	29	37	34	
2132	56	18	39	
2133	56	18	39	
2134	17	30	17	
2135	16	30	22	
2136	17	38	56	
2137	17	38	56	
2138	14	36	44	
2139	38	56	17	
2140	38	56	17	
2141	38	56	17	
2142	38	56	17	
2143	38	56	17	
2144	38	56	17	
2145	38	56	17	
2146	38	56	17	
2147	38	56	17	
2148	38	56	17	
2149	38	56	17	
2150	38	56	17	
2151	38	56	17	
2152	38	56	17	
2153	38	56	17	
2154	38	56	17	
2155	38	56	17	
2156	38	56	17	
2157	38	56	17	
2158	38	56	17	
2159	38	56	17	
2160	38	56	17	
2161	38	56	17	
2162	38	56	17	
2163	38	56	17	
2164	38	56	17	
2165	38	56	17	
2166	17	38	56	
2167	17	38	56	
2168	17	38	56	
2169	17	38	56	
2170	17	38	56	
2171	17	38	56	
2172	17	38	56	
2173	17	38	56	
2174	17	38	56	
2175	17	38	56	
2176	17	38	56	
2177	17	38	56	
2178	29	37	34	
2179	56	18	39	
2180	56	18	39	
2181	17	30	17	
2182	16	30	22	
2183	32	32	25	
2184	32	32	25	
2185	50	35	39	
2186	39	25	30	
2187	41	23	62	
2188	29	20	41	
2189	27	20	34	
2190	27	20	34	
2191	16	22	30	
2192	49	29	35	
2193	49	30	27	
2194	40	11	60	
2195	39	17	58	
0	1	2	3	4	5	6	7	8	9	10	11	12	13	14	15	16	17	18	19	20	21	22	23	24	25	26	27	28	29	30	31	32	33	34	35	36	37	38	39	40	41	42	43	44	45	46	47	48	49	50	51	52	53	54	55	56	57	58	59	60	61	62	63	64	65	66	67	68	69	70	71	72	73	74	75	76	77	78	79	80	81	82	83	84	85	86	87	88	89	90	91	92	93	94	95	96	97	98	99	100	101	102	103	104	105	106	107	108	109	110	111	112	113	114	115	116	117	118	119	120	121	122	123	124	125	126	127	128	129	130	131	132	133	134	135	136	137	138	139	140	141	142	143	144	145	146	147	148	149	150	151	152	153	154	155	156	157	158	159	160	161	162	163	164	165	166	167	168	169	170	171	172	173	174	175	176	177	178	179	180	181	182	183	184	185	186	187	188	189	190	191	192	193	194	195	196	197	198	199	200	201	202	203	204	205	206	207	208	209	210	211	212	213	214	215	216	217	218	219	220	221	222	223	224	225	226	227	228	229	230	231	232	233	234	235	236	237	238	239	240	241	242	243	244	245	246	247	248	249	250	251	252	253	254	255	256	257	258	259	260	261	262	263	264	265	266	267	268	269	270	271	272	273	274	275	276	277	278	279	280	281	282	283	284	285	286	287	288	289	290	291	292	293	294	295	296	297	298	299	300	301	302	303	304	305	306	307	308	309	310	311	312	313	314	315	316	317	318	319	320	321	322	323	324	325	326	327	328	329	330	331	332	333	334	335	336	337	338	339	340	341	342	343	344	345	346	347	348	349	350	351	352	353	354	355	356	357	358	359	360	361	362	363	364	365	366	367	368	369	370	371	372	373	374	375	376	377	378	379	380	381	382	383	384	385	386	387	388	389	390	391	392	393	394	395	396	397	398	399	400	401	402	403	404	405	406	407	408	409	410	411	412	413	414	415	416	417	418	419	420	421	422	423	424	425	426	427	428	429	430	431	432	433	434	435	436	437	438	439	440	441	442	443	444	445	446	447	448	449	450	451	452	453	454	455	456	457	458	459	460	461	462	463	464	465	466	467	468	469	470	471	472	473	474	475	476	477	478	479	480	481	482	483	484	485	486	487	488	489	490	491	492	493	494	495	496	497	498	499	500	501	502	503	504	505	506	507	508	509	510	511	512	513	514	515	516	517	518	519	520	521	522	523	524	525	526	527	528	529	530	531	532	533	534	535	536	537	538	539	540	541	542	543	544	545	546	547	548	549	550	551	552	553	554	555	556	557	558	559	560	561	562	563	564	565	566	567	568	569	570	571	572	573	574	575	576	577	578	579	580	581	582	583	584	585	586	587	588	589	590	591	592	593	594	595	596	597	598	599	600	601	602	603	604	605	606	607	608	609	610	611	612	613	614	615	616	617	618	619	620	621	622	623	624	625	626	627	628	629	630	631	632	633	634	635	636	637	638	639	640	641	642	643	644	645	646	647	648	649	650	651	652	653	654	655	656	657	658	659	660	661	662	663	664	665	666	667	668	669	670	671	672	673	674	675	676	677	678	679	680	681	682	683	684	685	686	687	688	689	690	691	692	693	694	695	696	697	698	699	700	701	702	703	704	705	706	707	708	709	710	711	712	713	714	715	716	717	718	719	720	721	722	723	724	725	726	727	728	729	730	731	732	733	734	735	736	737	738	739	740	741	742	743	744	745	746	747	748	749	750	751	752	753	754	755	756	757	758	759	760	761	762	763	764	765	766	767	768	769	770	771	772	773	774	775	776	777	778	779	780	781	782	783	784	785	786	787	788	789	790	791	792	793	794	795	796	797	798	799	800	801	802	803	804	805	806	807	808	809	810	811	812	813	814	815	816	817	818	819	820	821	822	823	824	825	826	827	828	829	830	831	832	833	834	835	836	837	838	839	840	841	842	843	844	845	846	847	848	849	850	851	852	853	854	855	856	857	858	859	860	861	862	863	864	865	866	867	868	869	870	871	872	873	874	875	876	877	878	879	880	881	882	883	884	885	886	887	888	889	890	891	892	893	894	895	896	897	898	899	900	901	902	903	904	905	906	907	908	909	910	911	912	913	914	915	916	917	918	919	920	921	922	923	924	925	926	927	928	929	930	931	932	933	934	935	936	937	938	939	940	941	942	943	944	945	946	947	948	949	950	951	952	953	954	955	956	957	958	959	960	961	962	963	964	965	966	967	968	969	970	971	972	973	974	975	976	977	978	979	980	981	982	983	984	985	986	987	988	989	990	991	992	993	994	995	996	997	998	999	1000	1001	1002	1003	1004	1005	1006	1007	1008	1009	1010	1011	1012	1013	1014	1015	1016	1017	1018	1019	1020	1021	1022	1023	1024	1025	1026	1027	1028	1029	1030	1031	1032	1033	1034	1035	1036	1037	1038	1039	1040	1041	1042	1043	1044	1045	1046	1047	1048	1049	1050	1051	1052	1053	1054	1055	1056	1057	1058	1059	1060	1061	1062	1063	1064	1065	1066	1067	1068	1069	1070	1071	1072	1073	1074	1075	1076	1077	1078	1079	1080	1081	1082	1083	1084	1085	1086	1087	1088	1089	1090	1091	1092	1093	1094	1095	1096	1097	1098	1099	1100	1101	1102	1103	1104	1105	1106	1107	1108	1109	1110	1111	1112	1113	1114	1115	1116	1117	1118	1119	1120	1121	1122	1123	1124	1125	1126	1127	1128	1129	1130	1131	1132	1133	1134	1135	1136	1137	1138	1139	1140	1141	1142	1143	1144	1145	1146	1147	1148	1149	1150	1151	1152	1153	1154	1155	1156	1157	1158	1159	1160	1161	1162	1163	1164	1165	1166	1167	1168	1169	1170	1171	1172	1173	1174	1175	1176	1177	1178	1179	1180	1181	1182	1183	1184	1185	1186	1187	1188	1189	1190	1191	1192	1193	1194	1195	1196	1197	1198	1199	1200	1201	1202	1203	1204	1205	1206	1207	1208	1209	1210	1211	1212	1213	1214	1215	1216	1217	1218	1219	1220	1221	1222	1223	1224	1225	1226	1227	1228	1229	1230	1231	1232	1233	1234	1235	1236	1237	1238	1239	1240	1241	1242	1243	1244	1245	1246	1247	1248	1249	1250	1251	1252	1253	1254	1255	1256	1257	1258	1259	1260	1261	1262	1263	1264	1265	1266	1267	1268	1269	1270	1271	1272	1273	1274	1275	1276	1277	1278	1279	1280	1281	1282	1283	1284	1285	1286	1287	1288	1289	1290	1291	1292	1293	1294	1295	1296	1297	1298	1299	1300	1301	1302	1303	1304	1305	1306	1307	1308	1309	1310	1311	1312	1313	1314	1315	1316	1317	1318	1319	1320	1321	1322	1323	1324	1325	1326	1327	1328	1329	1330	1331	1332	1333	1334	1335	1336	1337	1338	1339	1340	1341	1342	1343	1344	1345	1346	1347	1348	1349	1350	1351	1352	1353	1354	1355	1356	1357	1358	1359	1360	1361	1362	1363	1364	1365	1366	1367	1368	1369	1370	1371	1372	1373	1374	1375	1376	1377	1378	1379	1380	1381	1382	1383	1384	1385	1386	1387	1388	1389	1390	1391	1392	1393	1394	1395	1396	1397	1398	1399	1400	1401	1402	1403	1404	1405	1406	1407	1408	1409	1410	1411	1412	1413	1414	1415	1416	1417	1418	1419	1420	1421	1422	1423	1424	1425	1426	1427	1428	1429	1430	1431	1432	1433	1434	1435	1436	1437	1438	1439	1440	1441	1442	1443	1444	1445	1446	1447	1448	1449	1450	1451	1452	1453	1454	1455	1456	1457	1458	1459	1460	1461	1462	1463	1464	1465	1466	1467	1468	1469	1470	1471	1472	1473	1474	1475	1476	1477	1478	1479	1480	1481	1482	1483	1484	1485	1486	1487	1488	1489	1490	1491	1492	1493	1494	1495	1496	1497	1498	1499	1500	1501	1502	1503	1504	1505	1506	1507	1508	1509	1510	1511	1512	1513	1514	1515	1516	1517	1518	1519	1520	1521	1522	1523	1524	1525	1526	1527	1528	1529	1530	1531	1532	1533	1534	1535	1536	1537	1538	1539	1540	1541	1542	1543	1544	1545	1546	1547	1548	1549	1550	1551	1552	1553	1554	1555	1556	1557	1558	1559	1560	1561	1562	1563	1564	1565	1566	1567	1568	1569	1570	1571	1572	1573	1574	1575	1576	1577	1578	1579	1580	1581	1582	1583	1584	1585	1586	1587	1588	1589	1590	1591	1592	1593	1594	1595	1596	1597	1598	1599	1600	1601	1602	1603	1604	1605	1606	1607	1608	1609	1610	1611	1612	1613	1614	1615	1616	1617	1618	1619	1620	1621	1622	1623	1624	1625	1626	1627	1628	1629	1630	1631	1632	1633	1634	1635	1636	1637	1638	1639	1640	1641	1642	1643	1644	1645	1646	1647	1648	1649	1650	1651	1652	1653	1654	1655	1656	1657	1658	1659	1660	1661	1662	1663	1664	1665	1666	1667	1668	1669	1670	1671	1672	1673	1674	1675	1676	1677	1678	1679	1680	1681	1682	1683	1684	1685	1686	1687	1688	1689	1690	1691	1692	1693	1694	1695	1696	1697	1698	1699	1700	1701	1702	1703	1704	1705	1706	1707	1708	1709	1710	1711	1712	1713	1714	1715	1716	1717	1718	1719	1720	1721	1722	1723	1724	1725	1726	1727	1728	1729	1730	1731	1732	1733	1734	1735	1736	1737	1738	1739	1740	1741	1742	1743	1744	1745	1746	1747	1748	1749	1750	1751	1752	1753	1754	1755	1756	1757	1758	1759	1760	1761	1762	1763	1764	1765	1766	1767	1768	1769	1770	1771	1772	1773	1774	1775	1776	1777	1778	1779	1780	1781	1782	1783	1784	1785	1786	1787	1788	1789	1790	1791	1792	1793	1794	1795	1796	1797	1798	1799	1800	1801	1802	1803	1804	1805	1806	1807	1808	1809	1810	1811	1812	1813	1814	1815	1816	1817	1818	1819	1820	1821	1822	1823	1824	1825	1826	1827	1828	1829	1830	1831	1832	1833	1834	1835	1836	1837	1838	1839	1840	1841	1842	1843	1844	1845	1846	1847	1848	1849	1850	1851	1852	1853	1854	1855	1856	1857	1858	1859	1860	1861	1862	1863	1864	1865	1866	1867	1868	1869	1870	1871	1872	1873	1874	1875	1876	1877	1878	1879	1880	1881	1882	1883	1884	1885	1886	1887	1888	1889	1890	1891	1892	1893	1894	1895	1896	1897	1898	1899	1900	1901	1902	1903	1904	1905	1906	1907	1908	1909	1910	1911	1912	1913	1914	1915	1916	1917	1918	1919	1920	1921	1922	1923	1924	1925	1926	1927	1928	1929	1930	1931	1932	1933	1934	1935	1936	1937	1938	1939	1940	1941	1942	1943	1944	1945	1946	1947	1948	1949	1950	1951	1952	1953	1954	1955	1956	1957	1958	1959	1960	1961	1962	1963	1964	1965	1966	1967	1968	1969	1970	1971	1972	1973	1974	1975	1976	1977	1978	1979	1980	1981	1982	1983	1984	1985	1986	1987	1988	1989	1990	1991	1992	1993	1994	1995	1996	1997	1998	1999	2000	2001	2002	2003	2004	2005	2006	2007	2008	2009	2010	2011	2012	2013	2014	2015	2016	2017	2018	2019	2020	2021	2022	2023	2024	2025	2026	2027	2028	2029	2030	2031	2032	2033	2034	2035	2036	2037	2038	2039	2040	2041	2042	2043	2044	2045	2046	2047	2048	2049	2050	2051	2052	2053	2054	2055	2056	2057	2058	2059	2060	2061	2062	2063	2064	2065	2066	2067	2068	2069	2070	2071	2072	2073	2074	2075	2076	2077	2078	2079	2080	2081	2082	2083	2084	2085	2086	2087	2088	2089	2090	2091	2092	2093	2094	2095	2096	2097	2098	2099	2100	2101	2102	2103	2104	2105	2106	2107	2108	2109	2110	2111	2112	2113	2114	2115	2116	2117	2118	2119	2120	2121	2122	2123	2124	2125	2126	2127	2128	2129	2130	2131	2132	2133	2134	2135	2136	2137	2138	2139	2140	2141	2142	2143	2144	2145	2146	2147	2148	2149	2150	2151	2152	2153	2154	2155	2156	2157	2158	2159	2160	2161	2162	2163	2164	2165	2166	2167	2168	2169	2170	2171	2172	2173	2174	2175	2176	2177	2178	2179	2180	2181	2182	2183	2184	2185	2186	2187	2188	2189	2190	2191	2192	2193	2194	2195	
