1903
120	100	160
0	40	52	16	
1	40	52	16	
2	40	52	16	
3	34	48	16	
4	34	48	16	
5	34	48	16	
6	34	48	16	
7	34	48	16	
8	34	48	16	
9	34	48	16	
10	34	48	16	
11	34	48	16	
12	34	48	16	
13	34	48	16	
14	34	48	16	
15	34	48	16	
16	34	48	16	
17	34	48	16	
18	34	48	16	
19	34	48	16	
20	34	48	16	
21	34	48	16	
22	34	48	16	
23	34	48	16	
24	34	48	16	
25	34	48	16	
26	34	48	16	
27	34	48	16	
28	34	48	16	
29	34	48	16	
30	34	48	16	
31	34	48	16	
32	34	48	16	
33	40	52	16	
34	40	52	16	
35	40	52	16	
36	40	52	16	
37	40	52	16	
38	40	52	16	
39	40	52	16	
40	40	52	16	
41	40	52	16	
42	40	52	16	
43	40	52	16	
44	40	52	16	
45	40	52	16	
46	40	52	16	
47	40	52	16	
48	40	52	16	
49	40	52	16	
50	40	52	16	
51	40	52	16	
52	40	52	16	
53	40	52	16	
54	40	52	16	
55	40	52	16	
56	40	52	16	
57	30	22	16	
58	30	22	16	
59	30	22	16	
60	30	22	16	
61	30	22	16	
62	30	22	16	
63	30	22	16	
64	30	22	16	
65	18	23	24	
66	18	23	24	
67	18	23	24	
68	18	23	24	
69	18	23	24	
70	18	23	24	
71	18	23	24	
72	18	23	24	
73	18	23	24	
74	18	23	24	
75	18	23	24	
76	18	23	24	
77	16	21	15	
78	16	21	15	
79	24	34	31	
80	24	34	31	
81	24	34	31	
82	24	34	31	
83	24	34	31	
84	24	34	31	
85	24	34	31	
86	24	34	31	
87	24	34	31	
88	24	34	31	
89	24	34	31	
90	24	34	31	
91	24	34	31	
92	24	34	31	
93	24	34	31	
94	24	34	31	
95	24	34	31	
96	24	34	31	
97	24	34	31	
98	24	34	31	
99	24	34	31	
100	24	34	31	
101	24	34	31	
102	24	34	31	
103	24	34	31	
104	17	39	58	
105	17	39	58	
106	17	39	58	
107	17	39	58	
108	17	39	58	
109	17	39	58	
110	17	39	58	
111	17	39	58	
112	17	39	58	
113	17	39	58	
114	17	39	58	
115	17	39	58	
116	17	39	58	
117	17	39	58	
118	30	27	49	
119	30	27	49	
120	30	27	49	
121	30	27	49	
122	30	27	49	
123	30	27	49	
124	30	27	49	
125	30	27	49	
126	30	27	49	
127	30	27	49	
128	30	27	49	
129	30	27	49	
130	30	21	13	
131	30	21	13	
132	30	21	13	
133	30	21	13	
134	17	15	22	
135	17	15	22	
136	17	15	22	
137	17	15	22	
138	17	15	22	
139	17	15	22	
140	17	15	22	
141	17	15	22	
142	17	15	22	
143	17	15	22	
144	17	15	22	
145	17	15	22	
146	17	15	22	
147	17	15	22	
148	26	24	22	
149	26	24	22	
150	26	24	22	
151	26	24	22	
152	26	24	22	
153	26	24	22	
154	26	24	22	
155	26	24	22	
156	15	17	22	
157	15	17	22	
158	24	31	34	
159	24	31	34	
160	24	31	34	
161	24	31	34	
162	24	31	34	
163	24	31	34	
164	24	31	34	
165	24	31	34	
166	24	31	34	
167	24	31	34	
168	24	31	34	
169	24	31	34	
170	24	31	34	
171	24	31	34	
172	24	31	34	
173	24	31	34	
174	24	31	34	
175	24	31	34	
176	24	31	34	
177	24	31	34	
178	28	10	24	
179	28	10	24	
180	28	10	24	
181	28	10	24	
182	28	10	24	
183	28	10	24	
184	28	10	24	
185	28	10	24	
186	28	10	24	
187	30	22	16	
188	30	22	16	
189	30	22	16	
190	30	22	16	
191	30	22	16	
192	30	22	16	
193	30	22	16	
194	30	22	16	
195	30	22	16	
196	30	22	16	
197	30	22	16	
198	30	22	16	
199	30	22	16	
200	30	22	16	
201	30	22	16	
202	30	22	16	
203	30	22	16	
204	30	22	16	
205	30	22	16	
206	30	22	16	
207	30	22	16	
208	30	22	16	
209	30	22	16	
210	30	22	16	
211	30	22	16	
212	30	22	16	
213	30	22	16	
214	30	22	16	
215	26	28	24	
216	48	35	16	
217	48	35	16	
218	48	35	16	
219	48	35	16	
220	48	35	16	
221	48	35	16	
222	48	35	16	
223	48	35	16	
224	48	35	16	
225	48	35	16	
226	48	35	16	
227	48	35	16	
228	48	35	16	
229	48	35	16	
230	48	35	16	
231	48	35	16	
232	48	35	16	
233	48	35	16	
234	48	35	16	
235	48	35	16	
236	22	21	44	
237	22	21	44	
238	22	21	44	
239	22	21	44	
240	22	21	44	
241	39	12	50	
242	39	12	50	
243	39	12	50	
244	39	12	50	
245	39	12	50	
246	39	12	50	
247	39	12	50	
248	39	12	50	
249	39	12	50	
250	3	4	6	
251	10	28	24	
252	24	34	31	
253	24	34	31	
254	24	34	31	
255	24	34	31	
256	24	34	31	
257	10	17	14	
258	35	48	16	
259	35	48	16	
260	35	48	16	
261	35	48	16	
262	35	48	16	
263	35	48	16	
264	35	48	16	
265	35	48	16	
266	35	48	16	
267	35	48	16	
268	35	48	16	
269	35	48	16	
270	35	48	16	
271	35	48	16	
272	35	48	16	
273	35	48	16	
274	35	48	16	
275	35	48	16	
276	35	48	16	
277	35	48	16	
278	35	48	16	
279	35	48	16	
280	35	48	16	
281	35	48	16	
282	35	48	16	
283	35	48	16	
284	35	48	16	
285	35	48	16	
286	35	48	16	
287	35	48	16	
288	31	34	24	
289	31	34	24	
290	31	34	24	
291	31	34	24	
292	31	34	24	
293	31	34	24	
294	31	34	24	
295	31	34	24	
296	31	34	24	
297	31	34	24	
298	31	34	24	
299	31	34	24	
300	31	34	24	
301	31	34	24	
302	31	34	24	
303	31	34	24	
304	31	34	24	
305	31	34	24	
306	23	18	24	
307	23	18	24	
308	23	18	24	
309	23	18	24	
310	23	18	24	
311	23	18	24	
312	23	18	24	
313	23	18	24	
314	23	18	24	
315	23	18	24	
316	23	18	24	
317	23	18	24	
318	23	18	24	
319	23	18	24	
320	23	18	24	
321	23	18	24	
322	23	18	24	
323	23	18	24	
324	23	18	24	
325	23	18	24	
326	23	18	24	
327	23	18	24	
328	23	18	24	
329	23	18	24	
330	23	18	24	
331	23	18	24	
332	23	18	24	
333	23	18	24	
334	23	18	24	
335	23	18	24	
336	21	17	16	
337	21	17	16	
338	21	17	16	
339	21	17	16	
340	21	17	16	
341	21	17	16	
342	21	17	16	
343	21	17	16	
344	28	17	15	
345	28	17	15	
346	28	17	15	
347	28	17	15	
348	27	34	20	
349	27	34	20	
350	27	34	20	
351	27	34	20	
352	27	34	20	
353	27	34	20	
354	27	34	20	
355	27	34	20	
356	15	16	18	
357	15	16	18	
358	15	16	18	
359	15	16	18	
360	15	16	18	
361	15	16	18	
362	15	16	18	
363	15	16	18	
364	15	16	18	
365	15	16	18	
366	15	16	18	
367	15	16	18	
368	15	16	18	
369	15	16	18	
370	15	16	18	
371	15	16	18	
372	15	16	18	
373	15	16	18	
374	13	48	34	
375	35	48	16	
376	35	48	16	
377	35	48	16	
378	35	48	16	
379	35	48	16	
380	35	48	16	
381	35	48	16	
382	35	48	16	
383	35	48	16	
384	35	48	16	
385	35	48	16	
386	35	48	16	
387	35	48	16	
388	35	48	16	
389	35	48	16	
390	35	48	16	
391	35	48	16	
392	35	48	16	
393	35	48	16	
394	35	48	16	
395	35	48	16	
396	35	48	16	
397	35	48	16	
398	35	48	16	
399	35	48	16	
400	35	48	16	
401	35	48	16	
402	35	48	16	
403	35	48	16	
404	35	48	16	
405	31	34	24	
406	31	34	24	
407	31	34	24	
408	31	34	24	
409	31	34	24	
410	31	34	24	
411	31	34	24	
412	31	34	24	
413	31	34	24	
414	31	34	24	
415	31	34	24	
416	31	34	24	
417	31	34	24	
418	31	34	24	
419	31	34	24	
420	31	34	24	
421	31	34	24	
422	31	34	24	
423	23	18	24	
424	23	18	24	
425	23	18	24	
426	23	18	24	
427	23	18	24	
428	23	18	24	
429	23	18	24	
430	23	18	24	
431	23	18	24	
432	23	18	24	
433	23	18	24	
434	23	18	24	
435	23	18	24	
436	23	18	24	
437	23	18	24	
438	23	18	24	
439	23	18	24	
440	23	18	24	
441	23	18	24	
442	23	18	24	
443	23	18	24	
444	23	18	24	
445	23	18	24	
446	23	18	24	
447	23	18	24	
448	23	18	24	
449	23	18	24	
450	23	18	24	
451	23	18	24	
452	23	18	24	
453	21	17	16	
454	21	17	16	
455	21	17	16	
456	21	17	16	
457	21	17	16	
458	21	17	16	
459	21	17	16	
460	21	17	16	
461	28	17	15	
462	28	17	15	
463	28	17	15	
464	28	17	15	
465	27	34	20	
466	27	34	20	
467	27	34	20	
468	27	34	20	
469	27	34	20	
470	27	34	20	
471	27	34	20	
472	27	34	20	
473	15	16	18	
474	15	16	18	
475	15	16	18	
476	15	16	18	
477	15	16	18	
478	15	16	18	
479	15	16	18	
480	15	16	18	
481	15	16	18	
482	15	16	18	
483	15	16	18	
484	15	16	18	
485	15	16	18	
486	15	16	18	
487	15	16	18	
488	15	16	18	
489	15	16	18	
490	15	16	18	
491	13	48	34	
492	25	20	30	
493	25	20	30	
494	25	20	30	
495	25	20	30	
496	25	20	30	
497	25	20	30	
498	25	20	30	
499	25	20	30	
500	25	20	30	
501	25	20	30	
502	25	20	30	
503	25	20	30	
504	25	20	30	
505	25	20	30	
506	25	20	30	
507	25	20	30	
508	25	20	30	
509	25	20	30	
510	25	20	30	
511	25	20	30	
512	37	33	39	
513	37	33	39	
514	37	33	39	
515	37	33	39	
516	37	33	39	
517	37	33	39	
518	37	33	39	
519	37	33	39	
520	37	33	39	
521	25	26	12	
522	25	26	12	
523	25	26	12	
524	29	20	11	
525	11	22	13	
526	11	22	13	
527	11	22	13	
528	7	19	13	
529	39	58	17	
530	39	58	17	
531	39	58	17	
532	39	58	17	
533	39	58	17	
534	39	58	17	
535	39	58	17	
536	13	22	11	
537	13	22	11	
538	13	22	11	
539	13	22	11	
540	13	22	11	
541	13	22	11	
542	19	14	11	
543	17	42	26	
544	17	42	26	
545	17	42	26	
546	17	42	26	
547	17	42	26	
548	17	42	26	
549	17	42	26	
550	17	42	26	
551	17	42	26	
552	17	42	26	
553	19	14	11	
554	29	37	26	
555	29	37	26	
556	29	37	26	
557	29	37	26	
558	29	37	26	
559	24	21	39	
560	24	21	39	
561	24	21	39	
562	24	21	39	
563	24	21	39	
564	24	21	39	
565	24	21	39	
566	24	21	39	
567	24	21	39	
568	16	21	13	
569	16	21	13	
570	16	21	13	
571	20	25	30	
572	20	25	30	
573	20	25	30	
574	20	25	30	
575	20	25	30	
576	20	25	30	
577	20	25	30	
578	20	25	30	
579	20	25	30	
580	20	25	30	
581	20	25	30	
582	20	25	30	
583	20	25	30	
584	20	25	30	
585	20	25	30	
586	20	25	30	
587	14	25	20	
588	14	25	20	
589	14	25	20	
590	14	25	20	
591	14	25	20	
592	14	25	20	
593	14	25	20	
594	14	25	20	
595	25	20	30	
596	25	20	30	
597	25	20	30	
598	25	20	30	
599	25	20	30	
600	25	20	30	
601	25	20	30	
602	25	20	30	
603	25	20	30	
604	25	20	30	
605	25	20	30	
606	25	20	30	
607	25	20	30	
608	25	20	30	
609	25	20	30	
610	25	20	30	
611	25	20	30	
612	25	20	30	
613	25	20	30	
614	25	20	30	
615	37	33	39	
616	37	33	39	
617	37	33	39	
618	37	33	39	
619	37	33	39	
620	37	33	39	
621	37	33	39	
622	37	33	39	
623	37	33	39	
624	25	26	12	
625	25	26	12	
626	25	26	12	
627	29	20	11	
628	11	22	13	
629	11	22	13	
630	11	22	13	
631	7	19	13	
632	39	58	17	
633	39	58	17	
634	39	58	17	
635	39	58	17	
636	39	58	17	
637	39	58	17	
638	39	58	17	
639	13	22	11	
640	13	22	11	
641	13	22	11	
642	13	22	11	
643	13	22	11	
644	13	22	11	
645	19	14	11	
646	17	42	26	
647	17	42	26	
648	17	42	26	
649	17	42	26	
650	17	42	26	
651	17	42	26	
652	17	42	26	
653	17	42	26	
654	17	42	26	
655	17	42	26	
656	19	14	11	
657	29	37	26	
658	29	37	26	
659	29	37	26	
660	29	37	26	
661	29	37	26	
662	24	21	39	
663	24	21	39	
664	24	21	39	
665	24	21	39	
666	24	21	39	
667	24	21	39	
668	24	21	39	
669	24	21	39	
670	24	21	39	
671	16	21	13	
672	16	21	13	
673	16	21	13	
674	20	25	30	
675	20	25	30	
676	20	25	30	
677	20	25	30	
678	20	25	30	
679	20	25	30	
680	20	25	30	
681	20	25	30	
682	20	25	30	
683	20	25	30	
684	20	25	30	
685	20	25	30	
686	20	25	30	
687	20	25	30	
688	20	25	30	
689	20	25	30	
690	14	25	20	
691	14	25	20	
692	14	25	20	
693	14	25	20	
694	14	25	20	
695	14	25	20	
696	14	25	20	
697	14	25	20	
698	39	56	18	
699	39	56	18	
700	39	56	18	
701	39	56	18	
702	39	56	18	
703	39	56	18	
704	39	56	18	
705	39	56	18	
706	39	56	18	
707	39	56	18	
708	39	56	18	
709	39	56	18	
710	39	56	18	
711	39	56	18	
712	39	56	18	
713	39	56	18	
714	39	56	18	
715	39	56	18	
716	39	56	18	
717	39	56	18	
718	39	56	18	
719	39	56	18	
720	39	56	18	
721	39	56	18	
722	30	22	16	
723	30	22	16	
724	30	22	16	
725	30	22	16	
726	30	22	16	
727	30	22	16	
728	30	22	16	
729	30	22	16	
730	21	28	16	
731	21	28	16	
732	21	28	16	
733	21	28	16	
734	15	18	16	
735	15	18	16	
736	15	18	16	
737	15	18	16	
738	15	18	16	
739	15	18	16	
740	15	18	16	
741	15	18	16	
742	15	18	16	
743	15	18	16	
744	15	18	16	
745	15	18	16	
746	15	18	16	
747	15	18	16	
748	15	18	16	
749	30	22	16	
750	30	22	16	
751	30	22	16	
752	30	22	16	
753	30	22	16	
754	30	22	16	
755	30	22	16	
756	30	22	16	
757	30	22	16	
758	30	22	16	
759	30	22	16	
760	30	22	16	
761	30	22	16	
762	30	22	16	
763	30	22	16	
764	30	22	16	
765	30	22	16	
766	30	22	16	
767	30	22	16	
768	30	22	16	
769	30	22	16	
770	30	22	16	
771	30	22	16	
772	30	22	16	
773	30	22	16	
774	30	22	16	
775	30	22	16	
776	30	22	16	
777	30	22	16	
778	30	22	16	
779	30	22	16	
780	30	22	16	
781	13	44	32	
782	13	44	32	
783	13	44	32	
784	13	44	32	
785	13	44	32	
786	13	44	32	
787	13	44	32	
788	13	44	32	
789	13	44	32	
790	13	11	22	
791	13	11	22	
792	13	11	22	
793	13	11	22	
794	13	11	22	
795	13	11	22	
796	13	11	22	
797	13	11	22	
798	13	11	22	
799	13	11	22	
800	13	11	22	
801	13	11	22	
802	13	11	22	
803	13	11	22	
804	13	11	22	
805	13	11	22	
806	13	11	22	
807	13	11	22	
808	13	11	22	
809	13	11	22	
810	13	11	22	
811	13	11	22	
812	13	11	22	
813	13	11	22	
814	13	11	22	
815	13	11	22	
816	13	11	22	
817	13	11	22	
818	13	11	22	
819	13	11	22	
820	13	11	22	
821	13	11	22	
822	13	11	22	
823	13	11	22	
824	13	11	22	
825	13	11	22	
826	32	44	25	
827	28	24	26	
828	28	24	26	
829	28	24	26	
830	50	20	26	
831	22	20	25	
832	13	20	16	
833	39	56	18	
834	39	56	18	
835	39	56	18	
836	39	56	18	
837	39	56	18	
838	39	56	18	
839	39	56	18	
840	39	56	18	
841	39	56	18	
842	39	56	18	
843	39	56	18	
844	39	56	18	
845	39	56	18	
846	39	56	18	
847	39	56	18	
848	39	56	18	
849	39	56	18	
850	39	56	18	
851	39	56	18	
852	39	56	18	
853	39	56	18	
854	39	56	18	
855	39	56	18	
856	39	56	18	
857	30	22	16	
858	30	22	16	
859	30	22	16	
860	30	22	16	
861	30	22	16	
862	30	22	16	
863	30	22	16	
864	30	22	16	
865	21	28	16	
866	21	28	16	
867	21	28	16	
868	21	28	16	
869	15	18	16	
870	15	18	16	
871	15	18	16	
872	15	18	16	
873	15	18	16	
874	15	18	16	
875	15	18	16	
876	15	18	16	
877	15	18	16	
878	15	18	16	
879	15	18	16	
880	15	18	16	
881	15	18	16	
882	15	18	16	
883	15	18	16	
884	30	22	16	
885	30	22	16	
886	30	22	16	
887	30	22	16	
888	30	22	16	
889	30	22	16	
890	30	22	16	
891	30	22	16	
892	30	22	16	
893	30	22	16	
894	30	22	16	
895	30	22	16	
896	30	22	16	
897	30	22	16	
898	30	22	16	
899	30	22	16	
900	30	22	16	
901	30	22	16	
902	30	22	16	
903	30	22	16	
904	30	22	16	
905	30	22	16	
906	30	22	16	
907	30	22	16	
908	30	22	16	
909	30	22	16	
910	30	22	16	
911	30	22	16	
912	30	22	16	
913	30	22	16	
914	30	22	16	
915	30	22	16	
916	13	44	32	
917	13	44	32	
918	13	44	32	
919	13	44	32	
920	13	44	32	
921	13	44	32	
922	13	44	32	
923	13	44	32	
924	13	44	32	
925	13	11	22	
926	13	11	22	
927	13	11	22	
928	13	11	22	
929	13	11	22	
930	13	11	22	
931	13	11	22	
932	13	11	22	
933	13	11	22	
934	13	11	22	
935	13	11	22	
936	13	11	22	
937	13	11	22	
938	13	11	22	
939	13	11	22	
940	13	11	22	
941	13	11	22	
942	13	11	22	
943	13	11	22	
944	13	11	22	
945	13	11	22	
946	13	11	22	
947	13	11	22	
948	13	11	22	
949	13	11	22	
950	13	11	22	
951	13	11	22	
952	13	11	22	
953	13	11	22	
954	13	11	22	
955	13	11	22	
956	13	11	22	
957	13	11	22	
958	13	11	22	
959	13	11	22	
960	13	11	22	
961	32	44	25	
962	28	24	26	
963	28	24	26	
964	28	24	26	
965	50	20	26	
966	22	20	25	
967	13	20	16	
968	36	29	34	
969	36	29	34	
970	36	29	34	
971	36	29	34	
972	36	29	34	
973	36	29	34	
974	36	29	34	
975	36	29	34	
976	36	29	34	
977	36	29	34	
978	36	29	34	
979	36	29	34	
980	15	16	21	
981	15	16	21	
982	35	48	16	
983	35	48	16	
984	35	48	16	
985	35	48	16	
986	35	48	16	
987	35	48	16	
988	35	48	16	
989	35	48	16	
990	35	48	16	
991	35	48	16	
992	35	48	16	
993	35	48	16	
994	35	48	16	
995	35	48	16	
996	35	48	16	
997	35	48	16	
998	35	48	16	
999	35	48	16	
1000	35	48	16	
1001	35	48	16	
1002	35	48	16	
1003	35	48	16	
1004	35	48	16	
1005	35	48	16	
1006	35	48	16	
1007	35	48	16	
1008	35	48	16	
1009	35	48	16	
1010	35	48	16	
1011	35	48	16	
1012	30	13	11	
1013	30	13	11	
1014	30	13	11	
1015	30	13	11	
1016	30	13	11	
1017	30	13	11	
1018	24	23	18	
1019	24	23	18	
1020	24	23	18	
1021	24	23	18	
1022	24	23	18	
1023	24	23	18	
1024	24	23	18	
1025	24	23	18	
1026	24	23	18	
1027	24	23	18	
1028	24	23	18	
1029	24	23	18	
1030	24	23	18	
1031	24	23	18	
1032	24	23	18	
1033	24	23	18	
1034	24	23	18	
1035	24	23	18	
1036	24	23	18	
1037	24	23	18	
1038	24	23	18	
1039	24	23	18	
1040	24	23	18	
1041	24	23	18	
1042	24	23	18	
1043	24	23	18	
1044	24	23	18	
1045	24	23	18	
1046	24	23	18	
1047	24	23	18	
1048	60	23	25	
1049	60	23	25	
1050	60	23	25	
1051	60	23	25	
1052	26	14	21	
1053	26	14	21	
1054	26	14	21	
1055	18	15	19	
1056	15	16	18	
1057	15	16	18	
1058	15	16	18	
1059	15	16	18	
1060	15	16	18	
1061	15	16	18	
1062	15	16	18	
1063	15	16	18	
1064	15	16	18	
1065	15	16	18	
1066	15	16	18	
1067	15	16	18	
1068	15	16	18	
1069	15	16	18	
1070	15	16	18	
1071	15	16	18	
1072	15	16	18	
1073	15	16	18	
1074	14	25	29	
1075	15	23	25	
1076	12	25	26	
1077	12	25	26	
1078	12	25	26	
1079	12	16	41	
1080	12	16	41	
1081	34	29	36	
1082	34	29	36	
1083	34	29	36	
1084	34	29	36	
1085	34	29	36	
1086	34	29	36	
1087	34	29	36	
1088	34	29	36	
1089	34	29	36	
1090	34	29	36	
1091	34	29	36	
1092	34	29	36	
1093	16	18	15	
1094	16	18	15	
1095	16	18	15	
1096	16	18	15	
1097	16	18	15	
1098	16	18	15	
1099	16	18	15	
1100	16	18	15	
1101	32	13	45	
1102	32	13	45	
1103	32	13	45	
1104	32	13	45	
1105	32	13	45	
1106	32	13	45	
1107	32	13	45	
1108	32	13	45	
1109	32	13	45	
1110	30	13	25	
1111	30	13	25	
1112	30	13	25	
1113	16	15	15	
1114	16	15	15	
1115	31	38	31	
1116	31	38	31	
1117	31	38	31	
1118	31	38	31	
1119	31	38	31	
1120	31	38	31	
1121	31	38	31	
1122	31	38	31	
1123	31	38	31	
1124	31	38	31	
1125	35	48	16	
1126	35	48	16	
1127	35	48	16	
1128	35	48	16	
1129	35	48	16	
1130	35	48	16	
1131	35	48	16	
1132	35	48	16	
1133	35	48	16	
1134	35	48	16	
1135	35	48	16	
1136	35	48	16	
1137	35	48	16	
1138	35	48	16	
1139	35	48	16	
1140	35	48	16	
1141	35	48	16	
1142	35	48	16	
1143	35	48	16	
1144	35	48	16	
1145	12	13	26	
1146	12	13	26	
1147	12	13	26	
1148	12	13	26	
1149	24	13	15	
1150	24	13	15	
1151	24	39	21	
1152	24	39	21	
1153	12	39	50	
1154	12	39	50	
1155	12	39	50	
1156	12	39	50	
1157	20	13	16	
1158	20	13	16	
1159	20	13	16	
1160	11	13	22	
1161	11	13	22	
1162	11	13	22	
1163	11	13	22	
1164	16	48	35	
1165	16	48	35	
1166	16	48	35	
1167	16	16	31	
1168	16	16	31	
1169	16	16	31	
1170	14	27	24	
1171	16	21	13	
1172	39	12	50	
1173	39	12	50	
1174	39	12	50	
1175	39	12	50	
1176	39	12	50	
1177	39	12	50	
1178	39	12	50	
1179	39	12	50	
1180	39	12	50	
1181	39	56	18	
1182	39	56	18	
1183	39	56	18	
1184	39	56	18	
1185	39	56	18	
1186	39	56	18	
1187	39	56	18	
1188	39	56	18	
1189	39	56	18	
1190	39	56	18	
1191	39	56	18	
1192	39	56	18	
1193	39	56	18	
1194	39	56	18	
1195	39	56	18	
1196	39	56	18	
1197	39	56	18	
1198	39	56	18	
1199	39	56	18	
1200	39	56	18	
1201	39	56	18	
1202	39	56	18	
1203	39	56	18	
1204	39	56	18	
1205	40	16	54	
1206	40	16	54	
1207	40	16	54	
1208	40	16	54	
1209	40	16	54	
1210	40	16	54	
1211	10	14	16	
1212	10	14	16	
1213	10	14	16	
1214	10	14	16	
1215	15	16	18	
1216	15	16	18	
1217	15	16	18	
1218	15	16	18	
1219	15	16	18	
1220	15	16	18	
1221	15	16	18	
1222	15	16	18	
1223	15	16	18	
1224	15	16	18	
1225	15	16	18	
1226	15	16	18	
1227	15	16	18	
1228	15	16	18	
1229	15	16	18	
1230	15	16	18	
1231	13	32	44	
1232	13	32	44	
1233	13	32	44	
1234	13	32	44	
1235	13	32	44	
1236	13	32	44	
1237	13	32	44	
1238	13	32	44	
1239	15	18	16	
1240	15	18	16	
1241	15	18	16	
1242	15	18	16	
1243	15	18	16	
1244	15	18	16	
1245	15	18	16	
1246	15	18	16	
1247	15	18	16	
1248	15	18	16	
1249	15	18	16	
1250	15	18	16	
1251	15	18	16	
1252	15	18	16	
1253	15	18	16	
1254	15	18	16	
1255	15	18	16	
1256	15	18	16	
1257	15	18	16	
1258	15	18	16	
1259	15	18	16	
1260	34	31	24	
1261	34	31	24	
1262	34	31	24	
1263	34	31	24	
1264	34	31	24	
1265	34	31	24	
1266	16	31	16	
1267	26	16	16	
1268	26	16	16	
1269	15	15	16	
1270	15	15	16	
1271	15	15	16	
1272	18	39	56	
1273	18	39	56	
1274	18	39	56	
1275	18	39	56	
1276	18	39	56	
1277	18	39	56	
1278	18	39	56	
1279	18	39	56	
1280	18	39	56	
1281	18	39	56	
1282	18	39	56	
1283	18	39	56	
1284	15	19	18	
1285	15	19	18	
1286	15	19	18	
1287	15	19	18	
1288	15	19	18	
1289	15	19	18	
1290	15	19	18	
1291	15	19	18	
1292	15	19	18	
1293	15	19	18	
1294	15	19	18	
1295	15	19	18	
1296	15	19	18	
1297	15	19	18	
1298	32	13	45	
1299	32	13	45	
1300	32	13	45	
1301	32	13	45	
1302	32	13	45	
1303	32	13	45	
1304	32	13	45	
1305	32	13	45	
1306	32	13	45	
1307	34	26	29	
1308	34	26	29	
1309	34	26	29	
1310	35	48	16	
1311	35	48	16	
1312	35	48	16	
1313	35	48	16	
1314	35	48	16	
1315	35	48	16	
1316	35	48	16	
1317	35	48	16	
1318	35	48	16	
1319	35	48	16	
1320	35	48	16	
1321	35	48	16	
1322	35	48	16	
1323	35	48	16	
1324	35	48	16	
1325	35	48	16	
1326	35	48	16	
1327	35	48	16	
1328	35	48	16	
1329	35	48	16	
1330	35	48	16	
1331	35	48	16	
1332	35	48	16	
1333	35	48	16	
1334	35	48	16	
1335	35	48	16	
1336	35	48	16	
1337	35	48	16	
1338	35	48	16	
1339	35	48	16	
1340	30	11	13	
1341	30	11	13	
1342	30	11	13	
1343	19	11	14	
1344	19	11	14	
1345	19	11	14	
1346	19	11	14	
1347	14	13	20	
1348	14	13	20	
1349	14	13	20	
1350	13	11	16	
1351	17	13	15	
1352	17	13	15	
1353	17	13	15	
1354	13	11	30	
1355	21	13	30	
1356	21	13	30	
1357	21	13	30	
1358	21	13	30	
1359	21	13	30	
1360	15	16	18	
1361	15	16	18	
1362	15	16	18	
1363	15	16	18	
1364	15	16	18	
1365	15	16	18	
1366	15	16	18	
1367	15	16	18	
1368	15	16	18	
1369	15	16	18	
1370	15	16	18	
1371	15	16	18	
1372	15	16	18	
1373	15	16	18	
1374	15	16	18	
1375	15	16	18	
1376	15	16	18	
1377	15	16	18	
1378	13	31	25	
1379	12	39	50	
1380	12	39	50	
1381	12	39	50	
1382	2	2	3	
1383	18	39	56	
1384	18	39	56	
1385	18	39	56	
1386	18	39	56	
1387	18	39	56	
1388	18	39	56	
1389	18	39	56	
1390	18	39	56	
1391	18	39	56	
1392	18	39	56	
1393	18	39	56	
1394	18	39	56	
1395	15	19	18	
1396	15	19	18	
1397	15	19	18	
1398	15	19	18	
1399	15	19	18	
1400	15	19	18	
1401	15	19	18	
1402	15	19	18	
1403	15	19	18	
1404	15	19	18	
1405	15	19	18	
1406	15	19	18	
1407	15	19	18	
1408	15	19	18	
1409	32	13	45	
1410	32	13	45	
1411	32	13	45	
1412	32	13	45	
1413	32	13	45	
1414	32	13	45	
1415	32	13	45	
1416	32	13	45	
1417	32	13	45	
1418	34	26	29	
1419	34	26	29	
1420	34	26	29	
1421	35	48	16	
1422	35	48	16	
1423	35	48	16	
1424	35	48	16	
1425	35	48	16	
1426	35	48	16	
1427	35	48	16	
1428	35	48	16	
1429	35	48	16	
1430	35	48	16	
1431	35	48	16	
1432	35	48	16	
1433	35	48	16	
1434	35	48	16	
1435	35	48	16	
1436	35	48	16	
1437	35	48	16	
1438	35	48	16	
1439	35	48	16	
1440	35	48	16	
1441	35	48	16	
1442	35	48	16	
1443	35	48	16	
1444	35	48	16	
1445	35	48	16	
1446	35	48	16	
1447	35	48	16	
1448	35	48	16	
1449	35	48	16	
1450	35	48	16	
1451	30	11	13	
1452	30	11	13	
1453	30	11	13	
1454	19	11	14	
1455	19	11	14	
1456	19	11	14	
1457	19	11	14	
1458	14	13	20	
1459	14	13	20	
1460	14	13	20	
1461	13	11	16	
1462	17	13	15	
1463	17	13	15	
1464	17	13	15	
1465	13	11	30	
1466	21	13	30	
1467	21	13	30	
1468	21	13	30	
1469	21	13	30	
1470	21	13	30	
1471	15	16	18	
1472	15	16	18	
1473	15	16	18	
1474	15	16	18	
1475	15	16	18	
1476	15	16	18	
1477	15	16	18	
1478	15	16	18	
1479	15	16	18	
1480	15	16	18	
1481	15	16	18	
1482	15	16	18	
1483	15	16	18	
1484	15	16	18	
1485	15	16	18	
1486	15	16	18	
1487	15	16	18	
1488	15	16	18	
1489	13	31	25	
1490	12	39	50	
1491	12	39	50	
1492	12	39	50	
1493	2	2	3	
1494	22	18	23	
1495	22	18	23	
1496	22	18	23	
1497	22	18	23	
1498	22	18	23	
1499	22	18	23	
1500	22	18	23	
1501	22	18	23	
1502	22	18	23	
1503	22	18	23	
1504	22	18	23	
1505	22	18	23	
1506	22	18	23	
1507	22	18	23	
1508	22	18	23	
1509	17	38	56	
1510	17	38	56	
1511	17	38	56	
1512	17	38	56	
1513	17	38	56	
1514	17	38	56	
1515	17	38	56	
1516	17	38	56	
1517	17	38	56	
1518	17	38	56	
1519	17	38	56	
1520	17	38	56	
1521	17	38	56	
1522	17	38	56	
1523	38	17	58	
1524	38	17	58	
1525	17	38	56	
1526	17	38	56	
1527	17	38	56	
1528	17	38	56	
1529	17	38	56	
1530	17	38	56	
1531	17	38	56	
1532	17	38	56	
1533	17	38	56	
1534	17	38	56	
1535	17	38	56	
1536	17	38	56	
1537	17	38	56	
1538	17	38	56	
1539	26	17	33	
1540	58	38	17	
1541	58	38	17	
1542	58	38	17	
1543	58	38	17	
1544	58	38	17	
1545	58	38	17	
1546	58	38	17	
1547	58	38	17	
1548	44	36	14	
1549	44	36	14	
1550	44	36	14	
1551	44	36	14	
1552	21	17	16	
1553	21	17	16	
1554	17	17	31	
1555	17	17	31	
1556	17	17	31	
1557	17	17	31	
1558	18	14	28	
1559	26	21	14	
1560	26	21	14	
1561	14	20	14	
1562	14	20	14	
1563	20	14	14	
1564	16	13	20	
1565	17	58	38	
1566	17	58	38	
1567	17	58	38	
1568	17	58	38	
1569	17	58	38	
1570	17	58	38	
1571	17	58	38	
1572	17	58	38	
1573	17	58	38	
1574	17	58	38	
1575	17	58	38	
1576	17	58	38	
1577	17	58	38	
1578	17	58	38	
1579	17	58	38	
1580	17	58	38	
1581	17	58	38	
1582	17	58	38	
1583	17	58	38	
1584	17	58	38	
1585	17	58	38	
1586	17	39	58	
1587	17	39	58	
1588	17	39	58	
1589	17	39	58	
1590	17	39	58	
1591	17	39	58	
1592	17	39	58	
1593	17	39	58	
1594	33	39	37	
1595	33	39	37	
1596	26	33	45	
1597	32	25	44	
1598	26	33	45	
1599	20	25	22	
1600	20	25	22	
1601	49	29	35	
1602	49	29	35	
1603	52	40	16	
1604	16	40	54	
1605	16	40	54	
1606	16	40	54	
1607	18	47	27	
1608	16	20	13	
1609	48	35	16	
1610	16	21	12	
1611	29	34	37	
1612	29	34	37	
1613	19	15	18	
1614	19	15	18	
1615	19	15	18	
1616	19	15	18	
1617	19	20	15	
1618	19	20	15	
1619	19	20	15	
1620	19	20	15	
1621	14	20	14	
1622	22	24	26	
1623	22	24	26	
1624	22	24	26	
1625	22	24	14	
1626	21	24	33	
1627	17	38	56	
1628	17	38	56	
1629	17	38	56	
1630	17	38	56	
1631	17	38	56	
1632	17	38	56	
1633	17	38	56	
1634	17	38	56	
1635	17	38	56	
1636	17	38	56	
1637	17	38	56	
1638	17	38	56	
1639	17	38	56	
1640	17	38	56	
1641	17	38	56	
1642	17	38	56	
1643	17	38	56	
1644	17	38	56	
1645	17	38	56	
1646	17	38	56	
1647	17	38	56	
1648	17	38	56	
1649	17	38	56	
1650	17	38	56	
1651	17	38	56	
1652	17	38	56	
1653	17	38	56	
1654	17	38	56	
1655	21	33	24	
1656	21	33	24	
1657	21	33	24	
1658	21	33	24	
1659	56	38	17	
1660	56	38	17	
1661	56	38	17	
1662	56	38	17	
1663	25	20	14	
1664	25	20	14	
1665	45	23	14	
1666	14	20	14	
1667	19	11	14	
1668	25	24	27	
1669	25	24	27	
1670	25	24	27	
1671	30	24	24	
1672	30	24	24	
1673	27	24	23	
1674	30	21	13	
1675	33	21	24	
1676	33	21	24	
1677	25	24	24	
1678	29	23	43	
1679	30	22	16	
1680	30	22	16	
1681	30	22	16	
1682	23	23	20	
1683	22	21	44	
1684	39	33	37	
1685	15	22	29	
1686	15	20	19	
1687	15	18	16	
1688	15	17	13	
1689	12	16	18	
1690	12	18	16	
1691	23	23	17	
1692	23	23	17	
1693	23	22	18	
1694	23	18	38	
1695	22	24	26	
1696	22	24	26	
1697	22	24	26	
1698	22	24	14	
1699	21	24	33	
1700	17	38	56	
1701	17	38	56	
1702	17	38	56	
1703	17	38	56	
1704	17	38	56	
1705	17	38	56	
1706	17	38	56	
1707	17	38	56	
1708	17	38	56	
1709	17	38	56	
1710	17	38	56	
1711	17	38	56	
1712	17	38	56	
1713	17	38	56	
1714	17	38	56	
1715	17	38	56	
1716	17	38	56	
1717	17	38	56	
1718	17	38	56	
1719	17	38	56	
1720	17	38	56	
1721	17	38	56	
1722	17	38	56	
1723	17	38	56	
1724	17	38	56	
1725	17	38	56	
1726	17	38	56	
1727	17	38	56	
1728	21	33	24	
1729	21	33	24	
1730	21	33	24	
1731	21	33	24	
1732	56	38	17	
1733	56	38	17	
1734	56	38	17	
1735	56	38	17	
1736	25	20	14	
1737	25	20	14	
1738	45	23	14	
1739	14	20	14	
1740	19	11	14	
1741	25	24	27	
1742	25	24	27	
1743	25	24	27	
1744	30	24	24	
1745	30	24	24	
1746	27	24	23	
1747	30	21	13	
1748	33	21	24	
1749	33	21	24	
1750	25	24	24	
1751	29	23	43	
1752	30	22	16	
1753	30	22	16	
1754	30	22	16	
1755	23	23	20	
1756	22	21	44	
1757	39	33	37	
1758	15	22	29	
1759	15	20	19	
1760	15	18	16	
1761	15	17	13	
1762	12	16	18	
1763	12	18	16	
1764	23	23	17	
1765	23	23	17	
1766	23	22	18	
1767	23	18	38	
1768	22	24	26	
1769	22	24	26	
1770	22	24	26	
1771	22	24	14	
1772	21	24	33	
1773	17	38	56	
1774	17	38	56	
1775	17	38	56	
1776	17	38	56	
1777	17	38	56	
1778	17	38	56	
1779	17	38	56	
1780	17	38	56	
1781	17	38	56	
1782	17	38	56	
1783	17	38	56	
1784	17	38	56	
1785	17	38	56	
1786	17	38	56	
1787	17	38	56	
1788	17	38	56	
1789	17	38	56	
1790	17	38	56	
1791	17	38	56	
1792	17	38	56	
1793	17	38	56	
1794	17	38	56	
1795	17	38	56	
1796	17	38	56	
1797	17	38	56	
1798	17	38	56	
1799	17	38	56	
1800	17	38	56	
1801	21	33	24	
1802	21	33	24	
1803	21	33	24	
1804	21	33	24	
1805	56	38	17	
1806	56	38	17	
1807	56	38	17	
1808	56	38	17	
1809	25	20	14	
1810	25	20	14	
1811	45	23	14	
1812	14	20	14	
1813	19	11	14	
1814	25	24	27	
1815	25	24	27	
1816	25	24	27	
1817	30	24	24	
1818	30	24	24	
1819	27	24	23	
1820	30	21	13	
1821	33	21	24	
1822	33	21	24	
1823	25	24	24	
1824	29	23	43	
1825	30	22	16	
1826	30	22	16	
1827	30	22	16	
1828	23	23	20	
1829	22	21	44	
1830	39	33	37	
1831	15	22	29	
1832	15	20	19	
1833	15	18	16	
1834	15	17	13	
1835	12	16	18	
1836	12	18	16	
1837	23	23	17	
1838	23	23	17	
1839	23	22	18	
1840	23	18	38	
1841	56	38	17	
1842	56	38	17	
1843	56	38	17	
1844	56	38	17	
1845	56	38	17	
1846	56	38	17	
1847	56	38	17	
1848	56	38	17	
1849	56	38	17	
1850	56	38	17	
1851	56	38	17	
1852	56	38	17	
1853	56	38	17	
1854	56	38	17	
1855	56	38	17	
1856	56	38	17	
1857	56	38	17	
1858	56	38	17	
1859	56	38	17	
1860	56	38	17	
1861	56	38	17	
1862	56	38	17	
1863	56	38	17	
1864	56	38	17	
1865	56	38	17	
1866	56	38	17	
1867	56	38	17	
1868	20	24	29	
1869	20	24	29	
1870	40	11	60	
1871	40	11	60	
1872	20	19	16	
1873	20	19	16	
1874	40	16	54	
1875	27	24	25	
1876	27	24	25	
1877	27	24	24	
1878	27	23	39	
1879	27	23	39	
1880	31	38	31	
1881	31	38	31	
1882	58	38	17	
1883	58	38	17	
1884	56	38	17	
1885	56	38	17	
1886	56	38	17	
1887	56	38	17	
1888	56	38	17	
1889	25	24	19	
1890	25	20	19	
1891	25	20	19	
1892	25	20	19	
1893	19	20	26	
1894	19	20	16	
1895	18	20	17	
1896	27	23	39	
1897	27	23	39	
1898	27	21	17	
1899	27	21	17	
1900	26	16	16	
1901	26	16	16	
1902	26	16	16	
0	1	2	3	4	5	6	7	8	9	10	11	12	13	14	15	16	17	18	19	20	21	22	23	24	25	26	27	28	29	30	31	32	33	34	35	36	37	38	39	40	41	42	43	44	45	46	47	48	49	50	51	52	53	54	55	56	57	58	59	60	61	62	63	64	65	66	67	68	69	70	71	72	73	74	75	76	77	78	79	80	81	82	83	84	85	86	87	88	89	90	91	92	93	94	95	96	97	98	99	100	101	102	103	104	105	106	107	108	109	110	111	112	113	114	115	116	117	118	119	120	121	122	123	124	125	126	127	128	129	130	131	132	133	134	135	136	137	138	139	140	141	142	143	144	145	146	147	148	149	150	151	152	153	154	155	156	157	158	159	160	161	162	163	164	165	166	167	168	169	170	171	172	173	174	175	176	177	178	179	180	181	182	183	184	185	186	187	188	189	190	191	192	193	194	195	196	197	198	199	200	201	202	203	204	205	206	207	208	209	210	211	212	213	214	215	216	217	218	219	220	221	222	223	224	225	226	227	228	229	230	231	232	233	234	235	236	237	238	239	240	241	242	243	244	245	246	247	248	249	250	251	252	253	254	255	256	257	258	259	260	261	262	263	264	265	266	267	268	269	270	271	272	273	274	275	276	277	278	279	280	281	282	283	284	285	286	287	288	289	290	291	292	293	294	295	296	297	298	299	300	301	302	303	304	305	306	307	308	309	310	311	312	313	314	315	316	317	318	319	320	321	322	323	324	325	326	327	328	329	330	331	332	333	334	335	336	337	338	339	340	341	342	343	344	345	346	347	348	349	350	351	352	353	354	355	356	357	358	359	360	361	362	363	364	365	366	367	368	369	370	371	372	373	374	375	376	377	378	379	380	381	382	383	384	385	386	387	388	389	390	391	392	393	394	395	396	397	398	399	400	401	402	403	404	405	406	407	408	409	410	411	412	413	414	415	416	417	418	419	420	421	422	423	424	425	426	427	428	429	430	431	432	433	434	435	436	437	438	439	440	441	442	443	444	445	446	447	448	449	450	451	452	453	454	455	456	457	458	459	460	461	462	463	464	465	466	467	468	469	470	471	472	473	474	475	476	477	478	479	480	481	482	483	484	485	486	487	488	489	490	491	492	493	494	495	496	497	498	499	500	501	502	503	504	505	506	507	508	509	510	511	512	513	514	515	516	517	518	519	520	521	522	523	524	525	526	527	528	529	530	531	532	533	534	535	536	537	538	539	540	541	542	543	544	545	546	547	548	549	550	551	552	553	554	555	556	557	558	559	560	561	562	563	564	565	566	567	568	569	570	571	572	573	574	575	576	577	578	579	580	581	582	583	584	585	586	587	588	589	590	591	592	593	594	595	596	597	598	599	600	601	602	603	604	605	606	607	608	609	610	611	612	613	614	615	616	617	618	619	620	621	622	623	624	625	626	627	628	629	630	631	632	633	634	635	636	637	638	639	640	641	642	643	644	645	646	647	648	649	650	651	652	653	654	655	656	657	658	659	660	661	662	663	664	665	666	667	668	669	670	671	672	673	674	675	676	677	678	679	680	681	682	683	684	685	686	687	688	689	690	691	692	693	694	695	696	697	698	699	700	701	702	703	704	705	706	707	708	709	710	711	712	713	714	715	716	717	718	719	720	721	722	723	724	725	726	727	728	729	730	731	732	733	734	735	736	737	738	739	740	741	742	743	744	745	746	747	748	749	750	751	752	753	754	755	756	757	758	759	760	761	762	763	764	765	766	767	768	769	770	771	772	773	774	775	776	777	778	779	780	781	782	783	784	785	786	787	788	789	790	791	792	793	794	795	796	797	798	799	800	801	802	803	804	805	806	807	808	809	810	811	812	813	814	815	816	817	818	819	820	821	822	823	824	825	826	827	828	829	830	831	832	833	834	835	836	837	838	839	840	841	842	843	844	845	846	847	848	849	850	851	852	853	854	855	856	857	858	859	860	861	862	863	864	865	866	867	868	869	870	871	872	873	874	875	876	877	878	879	880	881	882	883	884	885	886	887	888	889	890	891	892	893	894	895	896	897	898	899	900	901	902	903	904	905	906	907	908	909	910	911	912	913	914	915	916	917	918	919	920	921	922	923	924	925	926	927	928	929	930	931	932	933	934	935	936	937	938	939	940	941	942	943	944	945	946	947	948	949	950	951	952	953	954	955	956	957	958	959	960	961	962	963	964	965	966	967	968	969	970	971	972	973	974	975	976	977	978	979	980	981	982	983	984	985	986	987	988	989	990	991	992	993	994	995	996	997	998	999	1000	1001	1002	1003	1004	1005	1006	1007	1008	1009	1010	1011	1012	1013	1014	1015	1016	1017	1018	1019	1020	1021	1022	1023	1024	1025	1026	1027	1028	1029	1030	1031	1032	1033	1034	1035	1036	1037	1038	1039	1040	1041	1042	1043	1044	1045	1046	1047	1048	1049	1050	1051	1052	1053	1054	1055	1056	1057	1058	1059	1060	1061	1062	1063	1064	1065	1066	1067	1068	1069	1070	1071	1072	1073	1074	1075	1076	1077	1078	1079	1080	1081	1082	1083	1084	1085	1086	1087	1088	1089	1090	1091	1092	1093	1094	1095	1096	1097	1098	1099	1100	1101	1102	1103	1104	1105	1106	1107	1108	1109	1110	1111	1112	1113	1114	1115	1116	1117	1118	1119	1120	1121	1122	1123	1124	1125	1126	1127	1128	1129	1130	1131	1132	1133	1134	1135	1136	1137	1138	1139	1140	1141	1142	1143	1144	1145	1146	1147	1148	1149	1150	1151	1152	1153	1154	1155	1156	1157	1158	1159	1160	1161	1162	1163	1164	1165	1166	1167	1168	1169	1170	1171	1172	1173	1174	1175	1176	1177	1178	1179	1180	1181	1182	1183	1184	1185	1186	1187	1188	1189	1190	1191	1192	1193	1194	1195	1196	1197	1198	1199	1200	1201	1202	1203	1204	1205	1206	1207	1208	1209	1210	1211	1212	1213	1214	1215	1216	1217	1218	1219	1220	1221	1222	1223	1224	1225	1226	1227	1228	1229	1230	1231	1232	1233	1234	1235	1236	1237	1238	1239	1240	1241	1242	1243	1244	1245	1246	1247	1248	1249	1250	1251	1252	1253	1254	1255	1256	1257	1258	1259	1260	1261	1262	1263	1264	1265	1266	1267	1268	1269	1270	1271	1272	1273	1274	1275	1276	1277	1278	1279	1280	1281	1282	1283	1284	1285	1286	1287	1288	1289	1290	1291	1292	1293	1294	1295	1296	1297	1298	1299	1300	1301	1302	1303	1304	1305	1306	1307	1308	1309	1310	1311	1312	1313	1314	1315	1316	1317	1318	1319	1320	1321	1322	1323	1324	1325	1326	1327	1328	1329	1330	1331	1332	1333	1334	1335	1336	1337	1338	1339	1340	1341	1342	1343	1344	1345	1346	1347	1348	1349	1350	1351	1352	1353	1354	1355	1356	1357	1358	1359	1360	1361	1362	1363	1364	1365	1366	1367	1368	1369	1370	1371	1372	1373	1374	1375	1376	1377	1378	1379	1380	1381	1382	1383	1384	1385	1386	1387	1388	1389	1390	1391	1392	1393	1394	1395	1396	1397	1398	1399	1400	1401	1402	1403	1404	1405	1406	1407	1408	1409	1410	1411	1412	1413	1414	1415	1416	1417	1418	1419	1420	1421	1422	1423	1424	1425	1426	1427	1428	1429	1430	1431	1432	1433	1434	1435	1436	1437	1438	1439	1440	1441	1442	1443	1444	1445	1446	1447	1448	1449	1450	1451	1452	1453	1454	1455	1456	1457	1458	1459	1460	1461	1462	1463	1464	1465	1466	1467	1468	1469	1470	1471	1472	1473	1474	1475	1476	1477	1478	1479	1480	1481	1482	1483	1484	1485	1486	1487	1488	1489	1490	1491	1492	1493	1494	1495	1496	1497	1498	1499	1500	1501	1502	1503	1504	1505	1506	1507	1508	1509	1510	1511	1512	1513	1514	1515	1516	1517	1518	1519	1520	1521	1522	1523	1524	1525	1526	1527	1528	1529	1530	1531	1532	1533	1534	1535	1536	1537	1538	1539	1540	1541	1542	1543	1544	1545	1546	1547	1548	1549	1550	1551	1552	1553	1554	1555	1556	1557	1558	1559	1560	1561	1562	1563	1564	1565	1566	1567	1568	1569	1570	1571	1572	1573	1574	1575	1576	1577	1578	1579	1580	1581	1582	1583	1584	1585	1586	1587	1588	1589	1590	1591	1592	1593	1594	1595	1596	1597	1598	1599	1600	1601	1602	1603	1604	1605	1606	1607	1608	1609	1610	1611	1612	1613	1614	1615	1616	1617	1618	1619	1620	1621	1622	1623	1624	1625	1626	1627	1628	1629	1630	1631	1632	1633	1634	1635	1636	1637	1638	1639	1640	1641	1642	1643	1644	1645	1646	1647	1648	1649	1650	1651	1652	1653	1654	1655	1656	1657	1658	1659	1660	1661	1662	1663	1664	1665	1666	1667	1668	1669	1670	1671	1672	1673	1674	1675	1676	1677	1678	1679	1680	1681	1682	1683	1684	1685	1686	1687	1688	1689	1690	1691	1692	1693	1694	1695	1696	1697	1698	1699	1700	1701	1702	1703	1704	1705	1706	1707	1708	1709	1710	1711	1712	1713	1714	1715	1716	1717	1718	1719	1720	1721	1722	1723	1724	1725	1726	1727	1728	1729	1730	1731	1732	1733	1734	1735	1736	1737	1738	1739	1740	1741	1742	1743	1744	1745	1746	1747	1748	1749	1750	1751	1752	1753	1754	1755	1756	1757	1758	1759	1760	1761	1762	1763	1764	1765	1766	1767	1768	1769	1770	1771	1772	1773	1774	1775	1776	1777	1778	1779	1780	1781	1782	1783	1784	1785	1786	1787	1788	1789	1790	1791	1792	1793	1794	1795	1796	1797	1798	1799	1800	1801	1802	1803	1804	1805	1806	1807	1808	1809	1810	1811	1812	1813	1814	1815	1816	1817	1818	1819	1820	1821	1822	1823	1824	1825	1826	1827	1828	1829	1830	1831	1832	1833	1834	1835	1836	1837	1838	1839	1840	1841	1842	1843	1844	1845	1846	1847	1848	1849	1850	1851	1852	1853	1854	1855	1856	1857	1858	1859	1860	1861	1862	1863	1864	1865	1866	1867	1868	1869	1870	1871	1872	1873	1874	1875	1876	1877	1878	1879	1880	1881	1882	1883	1884	1885	1886	1887	1888	1889	1890	1891	1892	1893	1894	1895	1896	1897	1898	1899	1900	1901	1902	
