1407
120	100	160
0	40	52	16	
1	40	52	16	
2	40	52	16	
3	40	52	16	
4	40	52	16	
5	40	52	16	
6	40	52	16	
7	40	52	16	
8	40	52	16	
9	40	52	16	
10	40	52	16	
11	40	52	16	
12	40	52	16	
13	40	52	16	
14	40	52	16	
15	40	52	16	
16	40	52	16	
17	40	52	16	
18	40	52	16	
19	40	52	16	
20	40	52	16	
21	40	52	16	
22	40	52	16	
23	40	52	16	
24	40	52	16	
25	40	52	16	
26	40	52	16	
27	40	52	16	
28	40	52	16	
29	40	52	16	
30	34	48	16	
31	34	48	16	
32	34	48	16	
33	34	48	16	
34	34	48	16	
35	34	48	16	
36	34	48	16	
37	34	48	16	
38	34	48	16	
39	34	48	16	
40	34	48	16	
41	34	48	16	
42	34	48	16	
43	34	48	16	
44	34	48	16	
45	34	48	16	
46	34	48	16	
47	34	48	16	
48	34	48	16	
49	34	48	16	
50	34	48	16	
51	34	48	16	
52	34	48	16	
53	34	48	16	
54	34	48	16	
55	34	48	16	
56	34	48	16	
57	34	48	16	
58	34	48	16	
59	34	48	16	
60	18	23	24	
61	18	23	24	
62	18	23	24	
63	18	23	24	
64	18	23	24	
65	18	23	24	
66	18	23	24	
67	18	23	24	
68	18	23	24	
69	18	23	24	
70	18	23	24	
71	18	23	24	
72	16	21	15	
73	16	21	15	
74	40	54	16	
75	40	54	16	
76	40	54	16	
77	40	54	16	
78	40	54	16	
79	40	54	16	
80	40	54	16	
81	40	54	16	
82	40	54	16	
83	40	54	16	
84	40	54	16	
85	40	54	16	
86	40	54	16	
87	40	54	16	
88	40	54	16	
89	40	54	16	
90	40	54	16	
91	40	54	16	
92	40	54	16	
93	40	54	16	
94	40	54	16	
95	40	54	16	
96	40	54	16	
97	40	54	16	
98	40	54	16	
99	40	54	16	
100	40	54	16	
101	40	54	16	
102	40	54	16	
103	40	54	16	
104	24	23	38	
105	24	23	38	
106	24	23	38	
107	24	23	38	
108	24	23	38	
109	24	23	38	
110	24	23	38	
111	24	23	38	
112	24	23	38	
113	24	23	38	
114	24	23	27	
115	24	23	27	
116	24	23	27	
117	24	23	27	
118	24	23	27	
119	24	23	27	
120	24	23	27	
121	24	23	27	
122	24	23	27	
123	24	23	27	
124	60	23	25	
125	60	23	25	
126	60	23	25	
127	60	23	25	
128	24	23	27	
129	24	23	27	
130	24	23	27	
131	24	23	27	
132	24	23	27	
133	24	23	27	
134	24	23	27	
135	24	23	27	
136	24	23	27	
137	24	23	27	
138	24	23	27	
139	24	23	27	
140	24	23	27	
141	24	23	27	
142	24	23	27	
143	24	23	27	
144	24	23	27	
145	24	23	27	
146	24	23	27	
147	24	23	27	
148	45	23	14	
149	45	23	14	
150	45	23	14	
151	45	23	14	
152	30	24	10	
153	24	22	14	
154	40	52	16	
155	40	52	16	
156	40	52	16	
157	34	48	16	
158	34	48	16	
159	34	48	16	
160	34	48	16	
161	34	48	16	
162	34	48	16	
163	34	48	16	
164	34	48	16	
165	34	48	16	
166	34	48	16	
167	34	48	16	
168	34	48	16	
169	34	48	16	
170	34	48	16	
171	34	48	16	
172	34	48	16	
173	34	48	16	
174	34	48	16	
175	34	48	16	
176	34	48	16	
177	34	48	16	
178	34	48	16	
179	34	48	16	
180	34	48	16	
181	34	48	16	
182	34	48	16	
183	34	48	16	
184	34	48	16	
185	34	48	16	
186	34	48	16	
187	40	52	16	
188	40	52	16	
189	40	52	16	
190	40	52	16	
191	40	52	16	
192	40	52	16	
193	40	52	16	
194	40	52	16	
195	40	52	16	
196	40	52	16	
197	40	52	16	
198	40	52	16	
199	40	52	16	
200	40	52	16	
201	40	52	16	
202	40	52	16	
203	40	52	16	
204	40	52	16	
205	40	52	16	
206	40	52	16	
207	40	52	16	
208	40	52	16	
209	40	52	16	
210	40	52	16	
211	30	22	16	
212	30	22	16	
213	30	22	16	
214	30	22	16	
215	30	22	16	
216	30	22	16	
217	30	22	16	
218	30	22	16	
219	18	23	24	
220	18	23	24	
221	18	23	24	
222	18	23	24	
223	18	23	24	
224	18	23	24	
225	18	23	24	
226	18	23	24	
227	18	23	24	
228	18	23	24	
229	18	23	24	
230	18	23	24	
231	16	21	15	
232	16	21	15	
233	40	52	16	
234	40	52	16	
235	40	52	16	
236	34	48	16	
237	34	48	16	
238	34	48	16	
239	34	48	16	
240	34	48	16	
241	34	48	16	
242	34	48	16	
243	34	48	16	
244	34	48	16	
245	34	48	16	
246	34	48	16	
247	34	48	16	
248	34	48	16	
249	34	48	16	
250	34	48	16	
251	34	48	16	
252	34	48	16	
253	34	48	16	
254	34	48	16	
255	34	48	16	
256	34	48	16	
257	34	48	16	
258	34	48	16	
259	34	48	16	
260	34	48	16	
261	34	48	16	
262	34	48	16	
263	34	48	16	
264	34	48	16	
265	34	48	16	
266	40	52	16	
267	40	52	16	
268	40	52	16	
269	40	52	16	
270	40	52	16	
271	40	52	16	
272	40	52	16	
273	40	52	16	
274	40	52	16	
275	40	52	16	
276	40	52	16	
277	40	52	16	
278	40	52	16	
279	40	52	16	
280	40	52	16	
281	40	52	16	
282	40	52	16	
283	40	52	16	
284	40	52	16	
285	40	52	16	
286	40	52	16	
287	40	52	16	
288	40	52	16	
289	40	52	16	
290	30	22	16	
291	30	22	16	
292	30	22	16	
293	30	22	16	
294	30	22	16	
295	30	22	16	
296	30	22	16	
297	30	22	16	
298	18	23	24	
299	18	23	24	
300	18	23	24	
301	18	23	24	
302	18	23	24	
303	18	23	24	
304	18	23	24	
305	18	23	24	
306	18	23	24	
307	18	23	24	
308	18	23	24	
309	18	23	24	
310	16	21	15	
311	16	21	15	
312	35	48	16	
313	35	48	16	
314	35	48	16	
315	35	48	16	
316	35	48	16	
317	35	48	16	
318	35	48	16	
319	35	48	16	
320	35	48	16	
321	35	48	16	
322	35	48	16	
323	35	48	16	
324	35	48	16	
325	35	48	16	
326	35	48	16	
327	35	48	16	
328	35	48	16	
329	35	48	16	
330	35	48	16	
331	35	48	16	
332	35	48	16	
333	35	48	16	
334	35	48	16	
335	35	48	16	
336	35	48	16	
337	35	48	16	
338	35	48	16	
339	35	48	16	
340	35	48	16	
341	35	48	16	
342	31	34	24	
343	31	34	24	
344	31	34	24	
345	31	34	24	
346	31	34	24	
347	31	34	24	
348	31	34	24	
349	31	34	24	
350	31	34	24	
351	31	34	24	
352	31	34	24	
353	31	34	24	
354	31	34	24	
355	31	34	24	
356	31	34	24	
357	31	34	24	
358	31	34	24	
359	31	34	24	
360	23	18	24	
361	23	18	24	
362	23	18	24	
363	23	18	24	
364	23	18	24	
365	23	18	24	
366	23	18	24	
367	23	18	24	
368	23	18	24	
369	23	18	24	
370	23	18	24	
371	23	18	24	
372	23	18	24	
373	23	18	24	
374	23	18	24	
375	23	18	24	
376	23	18	24	
377	23	18	24	
378	23	18	24	
379	23	18	24	
380	23	18	24	
381	23	18	24	
382	23	18	24	
383	23	18	24	
384	23	18	24	
385	23	18	24	
386	23	18	24	
387	23	18	24	
388	23	18	24	
389	23	18	24	
390	21	17	16	
391	21	17	16	
392	21	17	16	
393	21	17	16	
394	21	17	16	
395	21	17	16	
396	21	17	16	
397	21	17	16	
398	28	17	15	
399	28	17	15	
400	28	17	15	
401	28	17	15	
402	27	34	20	
403	27	34	20	
404	27	34	20	
405	27	34	20	
406	27	34	20	
407	27	34	20	
408	27	34	20	
409	27	34	20	
410	15	16	18	
411	15	16	18	
412	15	16	18	
413	15	16	18	
414	15	16	18	
415	15	16	18	
416	15	16	18	
417	15	16	18	
418	15	16	18	
419	15	16	18	
420	15	16	18	
421	15	16	18	
422	15	16	18	
423	15	16	18	
424	15	16	18	
425	15	16	18	
426	15	16	18	
427	15	16	18	
428	13	48	34	
429	25	20	30	
430	25	20	30	
431	25	20	30	
432	25	20	30	
433	25	20	30	
434	25	20	30	
435	25	20	30	
436	25	20	30	
437	25	20	30	
438	25	20	30	
439	25	20	30	
440	25	20	30	
441	25	20	30	
442	25	20	30	
443	25	20	30	
444	25	20	30	
445	25	20	30	
446	25	20	30	
447	25	20	30	
448	25	20	30	
449	37	33	39	
450	37	33	39	
451	37	33	39	
452	37	33	39	
453	37	33	39	
454	37	33	39	
455	37	33	39	
456	37	33	39	
457	37	33	39	
458	25	26	12	
459	25	26	12	
460	25	26	12	
461	29	20	11	
462	11	22	13	
463	11	22	13	
464	11	22	13	
465	7	19	13	
466	39	58	17	
467	39	58	17	
468	39	58	17	
469	39	58	17	
470	39	58	17	
471	39	58	17	
472	39	58	17	
473	13	22	11	
474	13	22	11	
475	13	22	11	
476	13	22	11	
477	13	22	11	
478	13	22	11	
479	19	14	11	
480	17	42	26	
481	17	42	26	
482	17	42	26	
483	17	42	26	
484	17	42	26	
485	17	42	26	
486	17	42	26	
487	17	42	26	
488	17	42	26	
489	17	42	26	
490	19	14	11	
491	29	37	26	
492	29	37	26	
493	29	37	26	
494	29	37	26	
495	29	37	26	
496	24	21	39	
497	24	21	39	
498	24	21	39	
499	24	21	39	
500	24	21	39	
501	24	21	39	
502	24	21	39	
503	24	21	39	
504	24	21	39	
505	16	21	13	
506	16	21	13	
507	16	21	13	
508	20	25	30	
509	20	25	30	
510	20	25	30	
511	20	25	30	
512	20	25	30	
513	20	25	30	
514	20	25	30	
515	20	25	30	
516	20	25	30	
517	20	25	30	
518	20	25	30	
519	20	25	30	
520	20	25	30	
521	20	25	30	
522	20	25	30	
523	20	25	30	
524	14	25	20	
525	14	25	20	
526	14	25	20	
527	14	25	20	
528	14	25	20	
529	14	25	20	
530	14	25	20	
531	14	25	20	
532	39	56	18	
533	39	56	18	
534	39	56	18	
535	39	56	18	
536	39	56	18	
537	39	56	18	
538	39	56	18	
539	39	56	18	
540	39	56	18	
541	39	56	18	
542	39	56	18	
543	39	56	18	
544	39	56	18	
545	39	56	18	
546	39	56	18	
547	39	56	18	
548	39	56	18	
549	39	56	18	
550	39	56	18	
551	39	56	18	
552	39	56	18	
553	39	56	18	
554	39	56	18	
555	39	56	18	
556	30	22	16	
557	30	22	16	
558	30	22	16	
559	30	22	16	
560	30	22	16	
561	30	22	16	
562	30	22	16	
563	30	22	16	
564	21	28	16	
565	21	28	16	
566	21	28	16	
567	21	28	16	
568	15	18	16	
569	15	18	16	
570	15	18	16	
571	15	18	16	
572	15	18	16	
573	15	18	16	
574	15	18	16	
575	15	18	16	
576	15	18	16	
577	15	18	16	
578	15	18	16	
579	15	18	16	
580	15	18	16	
581	15	18	16	
582	15	18	16	
583	30	22	16	
584	30	22	16	
585	30	22	16	
586	30	22	16	
587	30	22	16	
588	30	22	16	
589	30	22	16	
590	30	22	16	
591	30	22	16	
592	30	22	16	
593	30	22	16	
594	30	22	16	
595	30	22	16	
596	30	22	16	
597	30	22	16	
598	30	22	16	
599	30	22	16	
600	30	22	16	
601	30	22	16	
602	30	22	16	
603	30	22	16	
604	30	22	16	
605	30	22	16	
606	30	22	16	
607	30	22	16	
608	30	22	16	
609	30	22	16	
610	30	22	16	
611	30	22	16	
612	30	22	16	
613	30	22	16	
614	30	22	16	
615	13	44	32	
616	13	44	32	
617	13	44	32	
618	13	44	32	
619	13	44	32	
620	13	44	32	
621	13	44	32	
622	13	44	32	
623	13	44	32	
624	13	11	22	
625	13	11	22	
626	13	11	22	
627	13	11	22	
628	13	11	22	
629	13	11	22	
630	13	11	22	
631	13	11	22	
632	13	11	22	
633	13	11	22	
634	13	11	22	
635	13	11	22	
636	13	11	22	
637	13	11	22	
638	13	11	22	
639	13	11	22	
640	13	11	22	
641	13	11	22	
642	13	11	22	
643	13	11	22	
644	13	11	22	
645	13	11	22	
646	13	11	22	
647	13	11	22	
648	13	11	22	
649	13	11	22	
650	13	11	22	
651	13	11	22	
652	13	11	22	
653	13	11	22	
654	13	11	22	
655	13	11	22	
656	13	11	22	
657	13	11	22	
658	13	11	22	
659	13	11	22	
660	32	44	25	
661	28	24	26	
662	28	24	26	
663	28	24	26	
664	50	20	26	
665	22	20	25	
666	13	20	16	
667	48	35	16	
668	48	35	16	
669	48	35	16	
670	48	35	16	
671	48	35	16	
672	48	35	16	
673	48	35	16	
674	48	35	16	
675	48	35	16	
676	48	35	16	
677	48	35	16	
678	48	35	16	
679	48	35	16	
680	48	35	16	
681	48	35	16	
682	48	35	16	
683	48	35	16	
684	48	35	16	
685	48	35	16	
686	48	35	16	
687	29	36	34	
688	29	36	34	
689	29	36	34	
690	29	36	34	
691	29	36	34	
692	29	36	34	
693	29	36	34	
694	29	36	34	
695	29	36	34	
696	29	36	34	
697	29	36	34	
698	29	36	34	
699	29	18	20	
700	29	18	20	
701	29	18	20	
702	29	18	20	
703	29	18	20	
704	29	18	20	
705	30	29	26	
706	30	29	26	
707	30	29	26	
708	30	29	26	
709	20	29	18	
710	20	29	18	
711	20	29	18	
712	20	29	18	
713	20	29	18	
714	20	29	18	
715	30	29	26	
716	30	29	26	
717	30	29	26	
718	30	29	26	
719	20	29	24	
720	20	29	24	
721	20	29	24	
722	20	29	24	
723	20	29	24	
724	20	29	24	
725	15	29	22	
726	15	29	22	
727	15	29	22	
728	15	29	22	
729	15	29	22	
730	15	29	22	
731	15	29	22	
732	15	29	22	
733	20	29	11	
734	20	29	11	
735	20	29	11	
736	20	29	11	
737	25	29	17	
738	25	29	17	
739	25	29	17	
740	25	29	17	
741	48	29	27	
742	48	29	27	
743	16	18	15	
744	16	18	15	
745	16	18	15	
746	16	18	15	
747	16	18	15	
748	16	18	15	
749	16	18	15	
750	16	18	15	
751	31	25	13	
752	31	25	13	
753	31	25	13	
754	31	25	13	
755	31	25	13	
756	31	25	13	
757	31	25	13	
758	31	25	13	
759	31	25	13	
760	31	25	13	
761	16	11	23	
762	16	11	23	
763	16	11	23	
764	16	11	23	
765	16	10	13	
766	16	10	13	
767	28	10	24	
768	24	35	32	
769	24	34	31	
770	24	34	31	
771	24	34	31	
772	24	34	31	
773	18	39	56	
774	18	39	56	
775	18	39	56	
776	18	39	56	
777	18	39	56	
778	18	39	56	
779	18	39	56	
780	18	39	56	
781	18	39	56	
782	18	39	56	
783	18	39	56	
784	18	39	56	
785	15	19	18	
786	15	19	18	
787	15	19	18	
788	15	19	18	
789	15	19	18	
790	15	19	18	
791	15	19	18	
792	15	19	18	
793	15	19	18	
794	15	19	18	
795	15	19	18	
796	15	19	18	
797	15	19	18	
798	15	19	18	
799	32	13	45	
800	32	13	45	
801	32	13	45	
802	32	13	45	
803	32	13	45	
804	32	13	45	
805	32	13	45	
806	32	13	45	
807	32	13	45	
808	34	26	29	
809	34	26	29	
810	34	26	29	
811	35	48	16	
812	35	48	16	
813	35	48	16	
814	35	48	16	
815	35	48	16	
816	35	48	16	
817	35	48	16	
818	35	48	16	
819	35	48	16	
820	35	48	16	
821	35	48	16	
822	35	48	16	
823	35	48	16	
824	35	48	16	
825	35	48	16	
826	35	48	16	
827	35	48	16	
828	35	48	16	
829	35	48	16	
830	35	48	16	
831	35	48	16	
832	35	48	16	
833	35	48	16	
834	35	48	16	
835	35	48	16	
836	35	48	16	
837	35	48	16	
838	35	48	16	
839	35	48	16	
840	35	48	16	
841	30	11	13	
842	30	11	13	
843	30	11	13	
844	19	11	14	
845	19	11	14	
846	19	11	14	
847	19	11	14	
848	14	13	20	
849	14	13	20	
850	14	13	20	
851	13	11	16	
852	17	13	15	
853	17	13	15	
854	17	13	15	
855	13	11	30	
856	21	13	30	
857	21	13	30	
858	21	13	30	
859	21	13	30	
860	21	13	30	
861	15	16	18	
862	15	16	18	
863	15	16	18	
864	15	16	18	
865	15	16	18	
866	15	16	18	
867	15	16	18	
868	15	16	18	
869	15	16	18	
870	15	16	18	
871	15	16	18	
872	15	16	18	
873	15	16	18	
874	15	16	18	
875	15	16	18	
876	15	16	18	
877	15	16	18	
878	15	16	18	
879	13	31	25	
880	12	39	50	
881	12	39	50	
882	12	39	50	
883	2	2	3	
884	18	39	56	
885	18	39	56	
886	18	39	56	
887	18	39	56	
888	18	39	56	
889	18	39	56	
890	18	39	56	
891	18	39	56	
892	18	39	56	
893	18	39	56	
894	18	39	56	
895	18	39	56	
896	15	19	18	
897	15	19	18	
898	15	19	18	
899	15	19	18	
900	15	19	18	
901	15	19	18	
902	15	19	18	
903	15	19	18	
904	15	19	18	
905	15	19	18	
906	15	19	18	
907	15	19	18	
908	15	19	18	
909	15	19	18	
910	32	13	45	
911	32	13	45	
912	32	13	45	
913	32	13	45	
914	32	13	45	
915	32	13	45	
916	32	13	45	
917	32	13	45	
918	32	13	45	
919	34	26	29	
920	34	26	29	
921	34	26	29	
922	35	48	16	
923	35	48	16	
924	35	48	16	
925	35	48	16	
926	35	48	16	
927	35	48	16	
928	35	48	16	
929	35	48	16	
930	35	48	16	
931	35	48	16	
932	35	48	16	
933	35	48	16	
934	35	48	16	
935	35	48	16	
936	35	48	16	
937	35	48	16	
938	35	48	16	
939	35	48	16	
940	35	48	16	
941	35	48	16	
942	35	48	16	
943	35	48	16	
944	35	48	16	
945	35	48	16	
946	35	48	16	
947	35	48	16	
948	35	48	16	
949	35	48	16	
950	35	48	16	
951	35	48	16	
952	30	11	13	
953	30	11	13	
954	30	11	13	
955	19	11	14	
956	19	11	14	
957	19	11	14	
958	19	11	14	
959	14	13	20	
960	14	13	20	
961	14	13	20	
962	13	11	16	
963	17	13	15	
964	17	13	15	
965	17	13	15	
966	13	11	30	
967	21	13	30	
968	21	13	30	
969	21	13	30	
970	21	13	30	
971	21	13	30	
972	15	16	18	
973	15	16	18	
974	15	16	18	
975	15	16	18	
976	15	16	18	
977	15	16	18	
978	15	16	18	
979	15	16	18	
980	15	16	18	
981	15	16	18	
982	15	16	18	
983	15	16	18	
984	15	16	18	
985	15	16	18	
986	15	16	18	
987	15	16	18	
988	15	16	18	
989	15	16	18	
990	13	31	25	
991	12	39	50	
992	12	39	50	
993	12	39	50	
994	2	2	3	
995	17	38	56	
996	17	38	56	
997	17	38	56	
998	17	38	56	
999	17	38	56	
1000	17	38	56	
1001	17	38	56	
1002	17	38	56	
1003	17	38	56	
1004	17	38	56	
1005	17	38	56	
1006	17	38	56	
1007	17	38	56	
1008	17	38	56	
1009	41	23	62	
1010	41	23	62	
1011	29	37	34	
1012	29	37	34	
1013	29	37	34	
1014	29	37	34	
1015	29	37	34	
1016	29	37	34	
1017	29	37	34	
1018	29	37	34	
1019	29	37	34	
1020	29	37	34	
1021	29	37	34	
1022	29	37	34	
1023	17	38	56	
1024	17	38	56	
1025	17	38	56	
1026	17	38	56	
1027	17	38	56	
1028	17	38	56	
1029	17	38	56	
1030	22	23	24	
1031	22	23	24	
1032	22	23	24	
1033	22	23	24	
1034	23	18	24	
1035	23	18	24	
1036	23	18	24	
1037	23	18	24	
1038	60	23	25	
1039	20	23	23	
1040	20	23	23	
1041	20	23	23	
1042	25	23	46	
1043	23	38	24	
1044	23	38	24	
1045	18	19	15	
1046	18	19	15	
1047	18	19	15	
1048	18	19	15	
1049	18	19	15	
1050	18	19	15	
1051	18	19	15	
1052	18	19	15	
1053	18	19	15	
1054	18	19	15	
1055	18	19	15	
1056	18	19	15	
1057	18	19	15	
1058	18	19	15	
1059	18	19	15	
1060	18	19	15	
1061	15	19	18	
1062	15	19	18	
1063	15	19	18	
1064	15	19	18	
1065	15	19	18	
1066	15	19	18	
1067	38	24	22	
1068	26	23	45	
1069	34	24	25	
1070	33	24	41	
1071	26	22	24	
1072	26	22	24	
1073	26	22	24	
1074	23	38	18	
1075	48	34	16	
1076	48	34	16	
1077	48	34	16	
1078	14	21	14	
1079	14	21	14	
1080	14	21	14	
1081	14	21	14	
1082	14	21	14	
1083	14	21	14	
1084	14	21	14	
1085	14	21	14	
1086	14	21	14	
1087	14	21	14	
1088	14	21	14	
1089	14	21	14	
1090	18	39	56	
1091	18	39	56	
1092	18	39	56	
1093	18	39	56	
1094	18	39	56	
1095	18	39	56	
1096	18	39	56	
1097	18	39	56	
1098	18	39	56	
1099	18	39	56	
1100	18	39	56	
1101	18	39	56	
1102	22	20	25	
1103	19	18	15	
1104	19	18	15	
1105	19	18	15	
1106	19	18	15	
1107	19	18	15	
1108	19	18	15	
1109	19	18	15	
1110	19	18	15	
1111	19	18	15	
1112	19	18	15	
1113	19	18	15	
1114	19	18	15	
1115	19	18	15	
1116	19	18	15	
1117	19	18	15	
1118	29	22	37	
1119	29	22	37	
1120	21	19	19	
1121	21	19	19	
1122	21	19	19	
1123	21	19	20	
1124	18	17	19	
1125	18	17	19	
1126	18	17	19	
1127	18	17	19	
1128	18	17	19	
1129	18	16	15	
1130	18	16	15	
1131	18	16	15	
1132	18	16	15	
1133	18	16	15	
1134	32	13	45	
1135	32	13	45	
1136	16	13	20	
1137	16	13	20	
1138	23	16	14	
1139	23	16	14	
1140	30	27	49	
1141	30	27	49	
1142	30	27	49	
1143	30	25	20	
1144	30	25	20	
1145	30	25	20	
1146	15	19	18	
1147	15	19	18	
1148	15	19	18	
1149	15	19	18	
1150	15	19	18	
1151	15	19	18	
1152	15	19	18	
1153	15	19	18	
1154	15	19	18	
1155	15	19	18	
1156	15	19	18	
1157	15	19	18	
1158	15	19	18	
1159	15	19	18	
1160	15	19	18	
1161	15	19	18	
1162	15	19	18	
1163	15	19	18	
1164	15	19	18	
1165	15	19	18	
1166	15	19	18	
1167	15	19	18	
1168	15	19	18	
1169	15	19	18	
1170	15	19	18	
1171	15	19	18	
1172	15	19	18	
1173	15	19	18	
1174	15	19	18	
1175	15	19	18	
1176	20	19	15	
1177	20	19	15	
1178	20	19	15	
1179	20	19	15	
1180	20	19	15	
1181	20	19	15	
1182	20	19	15	
1183	17	15	14	
1184	17	15	14	
1185	36	34	29	
1186	36	34	29	
1187	36	34	29	
1188	36	34	29	
1189	36	34	29	
1190	36	34	29	
1191	36	34	29	
1192	36	34	29	
1193	36	34	29	
1194	36	34	29	
1195	18	19	15	
1196	18	19	15	
1197	18	19	15	
1198	18	19	15	
1199	16	15	15	
1200	16	15	15	
1201	16	15	15	
1202	13	32	44	
1203	16	15	18	
1204	17	15	14	
1205	17	15	14	
1206	17	15	14	
1207	21	14	14	
1208	12	39	50	
1209	12	39	50	
1210	12	39	50	
1211	48	34	16	
1212	48	34	16	
1213	48	34	16	
1214	14	21	14	
1215	14	21	14	
1216	14	21	14	
1217	14	21	14	
1218	14	21	14	
1219	14	21	14	
1220	14	21	14	
1221	14	21	14	
1222	14	21	14	
1223	14	21	14	
1224	14	21	14	
1225	14	21	14	
1226	18	39	56	
1227	18	39	56	
1228	18	39	56	
1229	18	39	56	
1230	18	39	56	
1231	18	39	56	
1232	18	39	56	
1233	18	39	56	
1234	18	39	56	
1235	18	39	56	
1236	18	39	56	
1237	18	39	56	
1238	22	20	25	
1239	19	18	15	
1240	19	18	15	
1241	19	18	15	
1242	19	18	15	
1243	19	18	15	
1244	19	18	15	
1245	19	18	15	
1246	19	18	15	
1247	19	18	15	
1248	19	18	15	
1249	19	18	15	
1250	19	18	15	
1251	19	18	15	
1252	19	18	15	
1253	19	18	15	
1254	29	22	37	
1255	29	22	37	
1256	21	19	19	
1257	21	19	19	
1258	21	19	19	
1259	21	19	20	
1260	18	17	19	
1261	18	17	19	
1262	18	17	19	
1263	18	17	19	
1264	18	17	19	
1265	18	16	15	
1266	18	16	15	
1267	18	16	15	
1268	18	16	15	
1269	18	16	15	
1270	32	13	45	
1271	32	13	45	
1272	16	13	20	
1273	16	13	20	
1274	23	16	14	
1275	23	16	14	
1276	30	27	49	
1277	30	27	49	
1278	30	27	49	
1279	30	25	20	
1280	30	25	20	
1281	30	25	20	
1282	15	19	18	
1283	15	19	18	
1284	15	19	18	
1285	15	19	18	
1286	15	19	18	
1287	15	19	18	
1288	15	19	18	
1289	15	19	18	
1290	15	19	18	
1291	15	19	18	
1292	15	19	18	
1293	15	19	18	
1294	15	19	18	
1295	15	19	18	
1296	15	19	18	
1297	15	19	18	
1298	15	19	18	
1299	15	19	18	
1300	15	19	18	
1301	15	19	18	
1302	15	19	18	
1303	15	19	18	
1304	15	19	18	
1305	15	19	18	
1306	15	19	18	
1307	15	19	18	
1308	15	19	18	
1309	15	19	18	
1310	15	19	18	
1311	15	19	18	
1312	20	19	15	
1313	20	19	15	
1314	20	19	15	
1315	20	19	15	
1316	20	19	15	
1317	20	19	15	
1318	20	19	15	
1319	17	15	14	
1320	17	15	14	
1321	36	34	29	
1322	36	34	29	
1323	36	34	29	
1324	36	34	29	
1325	36	34	29	
1326	36	34	29	
1327	36	34	29	
1328	36	34	29	
1329	36	34	29	
1330	36	34	29	
1331	18	19	15	
1332	18	19	15	
1333	18	19	15	
1334	18	19	15	
1335	16	15	15	
1336	16	15	15	
1337	16	15	15	
1338	13	32	44	
1339	16	15	18	
1340	17	15	14	
1341	17	15	14	
1342	17	15	14	
1343	21	14	14	
1344	12	39	50	
1345	12	39	50	
1346	12	39	50	
1347	17	38	56	
1348	17	38	56	
1349	14	36	44	
1350	38	56	17	
1351	38	56	17	
1352	38	56	17	
1353	38	56	17	
1354	38	56	17	
1355	38	56	17	
1356	38	56	17	
1357	38	56	17	
1358	38	56	17	
1359	38	56	17	
1360	38	56	17	
1361	38	56	17	
1362	38	56	17	
1363	38	56	17	
1364	38	56	17	
1365	38	56	17	
1366	38	56	17	
1367	38	56	17	
1368	38	56	17	
1369	38	56	17	
1370	38	56	17	
1371	38	56	17	
1372	38	56	17	
1373	38	56	17	
1374	38	56	17	
1375	38	56	17	
1376	38	56	17	
1377	17	38	56	
1378	17	38	56	
1379	17	38	56	
1380	17	38	56	
1381	17	38	56	
1382	17	38	56	
1383	17	38	56	
1384	17	38	56	
1385	17	38	56	
1386	17	38	56	
1387	17	38	56	
1388	17	38	56	
1389	29	37	34	
1390	56	18	39	
1391	56	18	39	
1392	17	30	17	
1393	16	30	22	
1394	32	32	25	
1395	32	32	25	
1396	50	35	39	
1397	39	25	30	
1398	41	23	62	
1399	29	20	41	
1400	27	20	34	
1401	27	20	34	
1402	16	22	30	
1403	49	29	35	
1404	49	30	27	
1405	40	11	60	
1406	39	17	58	
0	1	2	3	4	5	6	7	8	9	10	11	12	13	14	15	16	17	18	19	20	21	22	23	24	25	26	27	28	29	30	31	32	33	34	35	36	37	38	39	40	41	42	43	44	45	46	47	48	49	50	51	52	53	54	55	56	57	58	59	60	61	62	63	64	65	66	67	68	69	70	71	72	73	74	75	76	77	78	79	80	81	82	83	84	85	86	87	88	89	90	91	92	93	94	95	96	97	98	99	100	101	102	103	104	105	106	107	108	109	110	111	112	113	114	115	116	117	118	119	120	121	122	123	124	125	126	127	128	129	130	131	132	133	134	135	136	137	138	139	140	141	142	143	144	145	146	147	148	149	150	151	152	153	154	155	156	157	158	159	160	161	162	163	164	165	166	167	168	169	170	171	172	173	174	175	176	177	178	179	180	181	182	183	184	185	186	187	188	189	190	191	192	193	194	195	196	197	198	199	200	201	202	203	204	205	206	207	208	209	210	211	212	213	214	215	216	217	218	219	220	221	222	223	224	225	226	227	228	229	230	231	232	233	234	235	236	237	238	239	240	241	242	243	244	245	246	247	248	249	250	251	252	253	254	255	256	257	258	259	260	261	262	263	264	265	266	267	268	269	270	271	272	273	274	275	276	277	278	279	280	281	282	283	284	285	286	287	288	289	290	291	292	293	294	295	296	297	298	299	300	301	302	303	304	305	306	307	308	309	310	311	312	313	314	315	316	317	318	319	320	321	322	323	324	325	326	327	328	329	330	331	332	333	334	335	336	337	338	339	340	341	342	343	344	345	346	347	348	349	350	351	352	353	354	355	356	357	358	359	360	361	362	363	364	365	366	367	368	369	370	371	372	373	374	375	376	377	378	379	380	381	382	383	384	385	386	387	388	389	390	391	392	393	394	395	396	397	398	399	400	401	402	403	404	405	406	407	408	409	410	411	412	413	414	415	416	417	418	419	420	421	422	423	424	425	426	427	428	429	430	431	432	433	434	435	436	437	438	439	440	441	442	443	444	445	446	447	448	449	450	451	452	453	454	455	456	457	458	459	460	461	462	463	464	465	466	467	468	469	470	471	472	473	474	475	476	477	478	479	480	481	482	483	484	485	486	487	488	489	490	491	492	493	494	495	496	497	498	499	500	501	502	503	504	505	506	507	508	509	510	511	512	513	514	515	516	517	518	519	520	521	522	523	524	525	526	527	528	529	530	531	532	533	534	535	536	537	538	539	540	541	542	543	544	545	546	547	548	549	550	551	552	553	554	555	556	557	558	559	560	561	562	563	564	565	566	567	568	569	570	571	572	573	574	575	576	577	578	579	580	581	582	583	584	585	586	587	588	589	590	591	592	593	594	595	596	597	598	599	600	601	602	603	604	605	606	607	608	609	610	611	612	613	614	615	616	617	618	619	620	621	622	623	624	625	626	627	628	629	630	631	632	633	634	635	636	637	638	639	640	641	642	643	644	645	646	647	648	649	650	651	652	653	654	655	656	657	658	659	660	661	662	663	664	665	666	667	668	669	670	671	672	673	674	675	676	677	678	679	680	681	682	683	684	685	686	687	688	689	690	691	692	693	694	695	696	697	698	699	700	701	702	703	704	705	706	707	708	709	710	711	712	713	714	715	716	717	718	719	720	721	722	723	724	725	726	727	728	729	730	731	732	733	734	735	736	737	738	739	740	741	742	743	744	745	746	747	748	749	750	751	752	753	754	755	756	757	758	759	760	761	762	763	764	765	766	767	768	769	770	771	772	773	774	775	776	777	778	779	780	781	782	783	784	785	786	787	788	789	790	791	792	793	794	795	796	797	798	799	800	801	802	803	804	805	806	807	808	809	810	811	812	813	814	815	816	817	818	819	820	821	822	823	824	825	826	827	828	829	830	831	832	833	834	835	836	837	838	839	840	841	842	843	844	845	846	847	848	849	850	851	852	853	854	855	856	857	858	859	860	861	862	863	864	865	866	867	868	869	870	871	872	873	874	875	876	877	878	879	880	881	882	883	884	885	886	887	888	889	890	891	892	893	894	895	896	897	898	899	900	901	902	903	904	905	906	907	908	909	910	911	912	913	914	915	916	917	918	919	920	921	922	923	924	925	926	927	928	929	930	931	932	933	934	935	936	937	938	939	940	941	942	943	944	945	946	947	948	949	950	951	952	953	954	955	956	957	958	959	960	961	962	963	964	965	966	967	968	969	970	971	972	973	974	975	976	977	978	979	980	981	982	983	984	985	986	987	988	989	990	991	992	993	994	995	996	997	998	999	1000	1001	1002	1003	1004	1005	1006	1007	1008	1009	1010	1011	1012	1013	1014	1015	1016	1017	1018	1019	1020	1021	1022	1023	1024	1025	1026	1027	1028	1029	1030	1031	1032	1033	1034	1035	1036	1037	1038	1039	1040	1041	1042	1043	1044	1045	1046	1047	1048	1049	1050	1051	1052	1053	1054	1055	1056	1057	1058	1059	1060	1061	1062	1063	1064	1065	1066	1067	1068	1069	1070	1071	1072	1073	1074	1075	1076	1077	1078	1079	1080	1081	1082	1083	1084	1085	1086	1087	1088	1089	1090	1091	1092	1093	1094	1095	1096	1097	1098	1099	1100	1101	1102	1103	1104	1105	1106	1107	1108	1109	1110	1111	1112	1113	1114	1115	1116	1117	1118	1119	1120	1121	1122	1123	1124	1125	1126	1127	1128	1129	1130	1131	1132	1133	1134	1135	1136	1137	1138	1139	1140	1141	1142	1143	1144	1145	1146	1147	1148	1149	1150	1151	1152	1153	1154	1155	1156	1157	1158	1159	1160	1161	1162	1163	1164	1165	1166	1167	1168	1169	1170	1171	1172	1173	1174	1175	1176	1177	1178	1179	1180	1181	1182	1183	1184	1185	1186	1187	1188	1189	1190	1191	1192	1193	1194	1195	1196	1197	1198	1199	1200	1201	1202	1203	1204	1205	1206	1207	1208	1209	1210	1211	1212	1213	1214	1215	1216	1217	1218	1219	1220	1221	1222	1223	1224	1225	1226	1227	1228	1229	1230	1231	1232	1233	1234	1235	1236	1237	1238	1239	1240	1241	1242	1243	1244	1245	1246	1247	1248	1249	1250	1251	1252	1253	1254	1255	1256	1257	1258	1259	1260	1261	1262	1263	1264	1265	1266	1267	1268	1269	1270	1271	1272	1273	1274	1275	1276	1277	1278	1279	1280	1281	1282	1283	1284	1285	1286	1287	1288	1289	1290	1291	1292	1293	1294	1295	1296	1297	1298	1299	1300	1301	1302	1303	1304	1305	1306	1307	1308	1309	1310	1311	1312	1313	1314	1315	1316	1317	1318	1319	1320	1321	1322	1323	1324	1325	1326	1327	1328	1329	1330	1331	1332	1333	1334	1335	1336	1337	1338	1339	1340	1341	1342	1343	1344	1345	1346	1347	1348	1349	1350	1351	1352	1353	1354	1355	1356	1357	1358	1359	1360	1361	1362	1363	1364	1365	1366	1367	1368	1369	1370	1371	1372	1373	1374	1375	1376	1377	1378	1379	1380	1381	1382	1383	1384	1385	1386	1387	1388	1389	1390	1391	1392	1393	1394	1395	1396	1397	1398	1399	1400	1401	1402	1403	1404	1405	1406	
