837
120	100	160
0	40	52	16	
1	40	52	16	
2	40	52	16	
3	34	48	16	
4	34	48	16	
5	34	48	16	
6	34	48	16	
7	34	48	16	
8	34	48	16	
9	34	48	16	
10	34	48	16	
11	34	48	16	
12	34	48	16	
13	34	48	16	
14	34	48	16	
15	34	48	16	
16	34	48	16	
17	34	48	16	
18	34	48	16	
19	34	48	16	
20	34	48	16	
21	34	48	16	
22	34	48	16	
23	34	48	16	
24	34	48	16	
25	34	48	16	
26	34	48	16	
27	34	48	16	
28	34	48	16	
29	34	48	16	
30	34	48	16	
31	34	48	16	
32	34	48	16	
33	40	52	16	
34	40	52	16	
35	40	52	16	
36	40	52	16	
37	40	52	16	
38	40	52	16	
39	40	52	16	
40	40	52	16	
41	40	52	16	
42	40	52	16	
43	40	52	16	
44	40	52	16	
45	40	52	16	
46	40	52	16	
47	40	52	16	
48	40	52	16	
49	40	52	16	
50	40	52	16	
51	40	52	16	
52	40	52	16	
53	40	52	16	
54	40	52	16	
55	40	52	16	
56	40	52	16	
57	30	22	16	
58	30	22	16	
59	30	22	16	
60	30	22	16	
61	30	22	16	
62	30	22	16	
63	30	22	16	
64	30	22	16	
65	18	23	24	
66	18	23	24	
67	18	23	24	
68	18	23	24	
69	18	23	24	
70	18	23	24	
71	18	23	24	
72	18	23	24	
73	18	23	24	
74	18	23	24	
75	18	23	24	
76	18	23	24	
77	16	21	15	
78	16	21	15	
79	24	34	31	
80	24	34	31	
81	24	34	31	
82	24	34	31	
83	24	34	31	
84	24	34	31	
85	24	34	31	
86	24	34	31	
87	24	34	31	
88	24	34	31	
89	24	34	31	
90	24	34	31	
91	24	34	31	
92	24	34	31	
93	24	34	31	
94	24	34	31	
95	24	34	31	
96	24	34	31	
97	24	34	31	
98	24	34	31	
99	24	34	31	
100	24	34	31	
101	24	34	31	
102	24	34	31	
103	24	34	31	
104	17	39	58	
105	17	39	58	
106	17	39	58	
107	17	39	58	
108	17	39	58	
109	17	39	58	
110	17	39	58	
111	17	39	58	
112	17	39	58	
113	17	39	58	
114	17	39	58	
115	17	39	58	
116	17	39	58	
117	17	39	58	
118	30	27	49	
119	30	27	49	
120	30	27	49	
121	30	27	49	
122	30	27	49	
123	30	27	49	
124	30	27	49	
125	30	27	49	
126	30	27	49	
127	30	27	49	
128	30	27	49	
129	30	27	49	
130	30	21	13	
131	30	21	13	
132	30	21	13	
133	30	21	13	
134	17	15	22	
135	17	15	22	
136	17	15	22	
137	17	15	22	
138	17	15	22	
139	17	15	22	
140	17	15	22	
141	17	15	22	
142	17	15	22	
143	17	15	22	
144	17	15	22	
145	17	15	22	
146	17	15	22	
147	17	15	22	
148	26	24	22	
149	26	24	22	
150	26	24	22	
151	26	24	22	
152	26	24	22	
153	26	24	22	
154	26	24	22	
155	26	24	22	
156	15	17	22	
157	15	17	22	
158	25	20	30	
159	25	20	30	
160	25	20	30	
161	25	20	30	
162	25	20	30	
163	25	20	30	
164	25	20	30	
165	25	20	30	
166	25	20	30	
167	25	20	30	
168	25	20	30	
169	25	20	30	
170	25	20	30	
171	25	20	30	
172	25	20	30	
173	25	20	30	
174	25	20	30	
175	25	20	30	
176	25	20	30	
177	25	20	30	
178	37	33	39	
179	37	33	39	
180	37	33	39	
181	37	33	39	
182	37	33	39	
183	37	33	39	
184	37	33	39	
185	37	33	39	
186	37	33	39	
187	25	26	12	
188	25	26	12	
189	25	26	12	
190	29	20	11	
191	11	22	13	
192	11	22	13	
193	11	22	13	
194	7	19	13	
195	39	58	17	
196	39	58	17	
197	39	58	17	
198	39	58	17	
199	39	58	17	
200	39	58	17	
201	39	58	17	
202	13	22	11	
203	13	22	11	
204	13	22	11	
205	13	22	11	
206	13	22	11	
207	13	22	11	
208	19	14	11	
209	17	42	26	
210	17	42	26	
211	17	42	26	
212	17	42	26	
213	17	42	26	
214	17	42	26	
215	17	42	26	
216	17	42	26	
217	17	42	26	
218	17	42	26	
219	19	14	11	
220	29	37	26	
221	29	37	26	
222	29	37	26	
223	29	37	26	
224	29	37	26	
225	24	21	39	
226	24	21	39	
227	24	21	39	
228	24	21	39	
229	24	21	39	
230	24	21	39	
231	24	21	39	
232	24	21	39	
233	24	21	39	
234	16	21	13	
235	16	21	13	
236	16	21	13	
237	20	25	30	
238	20	25	30	
239	20	25	30	
240	20	25	30	
241	20	25	30	
242	20	25	30	
243	20	25	30	
244	20	25	30	
245	20	25	30	
246	20	25	30	
247	20	25	30	
248	20	25	30	
249	20	25	30	
250	20	25	30	
251	20	25	30	
252	20	25	30	
253	14	25	20	
254	14	25	20	
255	14	25	20	
256	14	25	20	
257	14	25	20	
258	14	25	20	
259	14	25	20	
260	14	25	20	
261	48	35	16	
262	48	35	16	
263	48	35	16	
264	48	35	16	
265	48	35	16	
266	48	35	16	
267	48	35	16	
268	48	35	16	
269	48	35	16	
270	48	35	16	
271	48	35	16	
272	48	35	16	
273	48	35	16	
274	48	35	16	
275	48	35	16	
276	48	35	16	
277	48	35	16	
278	48	35	16	
279	48	35	16	
280	48	35	16	
281	29	36	34	
282	29	36	34	
283	29	36	34	
284	29	36	34	
285	29	36	34	
286	29	36	34	
287	29	36	34	
288	29	36	34	
289	29	36	34	
290	29	36	34	
291	29	36	34	
292	29	36	34	
293	29	18	20	
294	29	18	20	
295	29	18	20	
296	29	18	20	
297	29	18	20	
298	29	18	20	
299	30	29	26	
300	30	29	26	
301	30	29	26	
302	30	29	26	
303	20	29	18	
304	20	29	18	
305	20	29	18	
306	20	29	18	
307	20	29	18	
308	20	29	18	
309	30	29	26	
310	30	29	26	
311	30	29	26	
312	30	29	26	
313	20	29	24	
314	20	29	24	
315	20	29	24	
316	20	29	24	
317	20	29	24	
318	20	29	24	
319	15	29	22	
320	15	29	22	
321	15	29	22	
322	15	29	22	
323	15	29	22	
324	15	29	22	
325	15	29	22	
326	15	29	22	
327	20	29	11	
328	20	29	11	
329	20	29	11	
330	20	29	11	
331	25	29	17	
332	25	29	17	
333	25	29	17	
334	25	29	17	
335	48	29	27	
336	48	29	27	
337	16	18	15	
338	16	18	15	
339	16	18	15	
340	16	18	15	
341	16	18	15	
342	16	18	15	
343	16	18	15	
344	16	18	15	
345	31	25	13	
346	31	25	13	
347	31	25	13	
348	31	25	13	
349	31	25	13	
350	31	25	13	
351	31	25	13	
352	31	25	13	
353	31	25	13	
354	31	25	13	
355	16	11	23	
356	16	11	23	
357	16	11	23	
358	16	11	23	
359	16	10	13	
360	16	10	13	
361	28	10	24	
362	24	35	32	
363	24	34	31	
364	24	34	31	
365	24	34	31	
366	24	34	31	
367	39	12	50	
368	39	12	50	
369	39	12	50	
370	39	12	50	
371	39	12	50	
372	39	12	50	
373	39	12	50	
374	39	12	50	
375	39	12	50	
376	39	56	18	
377	39	56	18	
378	39	56	18	
379	39	56	18	
380	39	56	18	
381	39	56	18	
382	39	56	18	
383	39	56	18	
384	39	56	18	
385	39	56	18	
386	39	56	18	
387	39	56	18	
388	39	56	18	
389	39	56	18	
390	39	56	18	
391	39	56	18	
392	39	56	18	
393	39	56	18	
394	39	56	18	
395	39	56	18	
396	39	56	18	
397	39	56	18	
398	39	56	18	
399	39	56	18	
400	40	16	54	
401	40	16	54	
402	40	16	54	
403	40	16	54	
404	40	16	54	
405	40	16	54	
406	10	14	16	
407	10	14	16	
408	10	14	16	
409	10	14	16	
410	15	16	18	
411	15	16	18	
412	15	16	18	
413	15	16	18	
414	15	16	18	
415	15	16	18	
416	15	16	18	
417	15	16	18	
418	15	16	18	
419	15	16	18	
420	15	16	18	
421	15	16	18	
422	15	16	18	
423	15	16	18	
424	15	16	18	
425	15	16	18	
426	13	32	44	
427	13	32	44	
428	13	32	44	
429	13	32	44	
430	13	32	44	
431	13	32	44	
432	13	32	44	
433	13	32	44	
434	15	18	16	
435	15	18	16	
436	15	18	16	
437	15	18	16	
438	15	18	16	
439	15	18	16	
440	15	18	16	
441	15	18	16	
442	15	18	16	
443	15	18	16	
444	15	18	16	
445	15	18	16	
446	15	18	16	
447	15	18	16	
448	15	18	16	
449	15	18	16	
450	15	18	16	
451	15	18	16	
452	15	18	16	
453	15	18	16	
454	15	18	16	
455	34	31	24	
456	34	31	24	
457	34	31	24	
458	34	31	24	
459	34	31	24	
460	34	31	24	
461	16	31	16	
462	26	16	16	
463	26	16	16	
464	15	15	16	
465	15	15	16	
466	15	15	16	
467	39	12	50	
468	39	12	50	
469	39	12	50	
470	39	12	50	
471	39	12	50	
472	39	12	50	
473	39	12	50	
474	39	12	50	
475	39	12	50	
476	39	56	18	
477	39	56	18	
478	39	56	18	
479	39	56	18	
480	39	56	18	
481	39	56	18	
482	39	56	18	
483	39	56	18	
484	39	56	18	
485	39	56	18	
486	39	56	18	
487	39	56	18	
488	39	56	18	
489	39	56	18	
490	39	56	18	
491	39	56	18	
492	39	56	18	
493	39	56	18	
494	39	56	18	
495	39	56	18	
496	39	56	18	
497	39	56	18	
498	39	56	18	
499	39	56	18	
500	40	16	54	
501	40	16	54	
502	40	16	54	
503	40	16	54	
504	40	16	54	
505	40	16	54	
506	10	14	16	
507	10	14	16	
508	10	14	16	
509	10	14	16	
510	15	16	18	
511	15	16	18	
512	15	16	18	
513	15	16	18	
514	15	16	18	
515	15	16	18	
516	15	16	18	
517	15	16	18	
518	15	16	18	
519	15	16	18	
520	15	16	18	
521	15	16	18	
522	15	16	18	
523	15	16	18	
524	15	16	18	
525	15	16	18	
526	13	32	44	
527	13	32	44	
528	13	32	44	
529	13	32	44	
530	13	32	44	
531	13	32	44	
532	13	32	44	
533	13	32	44	
534	15	18	16	
535	15	18	16	
536	15	18	16	
537	15	18	16	
538	15	18	16	
539	15	18	16	
540	15	18	16	
541	15	18	16	
542	15	18	16	
543	15	18	16	
544	15	18	16	
545	15	18	16	
546	15	18	16	
547	15	18	16	
548	15	18	16	
549	15	18	16	
550	15	18	16	
551	15	18	16	
552	15	18	16	
553	15	18	16	
554	15	18	16	
555	34	31	24	
556	34	31	24	
557	34	31	24	
558	34	31	24	
559	34	31	24	
560	34	31	24	
561	16	31	16	
562	26	16	16	
563	26	16	16	
564	15	15	16	
565	15	15	16	
566	15	15	16	
567	34	37	29	
568	34	37	29	
569	34	37	29	
570	34	37	29	
571	34	37	29	
572	34	37	29	
573	20	26	50	
574	20	26	50	
575	20	26	50	
576	20	26	50	
577	20	26	50	
578	20	26	50	
579	17	38	58	
580	17	38	58	
581	17	38	58	
582	17	38	58	
583	17	38	58	
584	17	38	58	
585	17	38	58	
586	17	38	58	
587	17	38	58	
588	17	38	58	
589	17	38	58	
590	17	38	58	
591	29	34	37	
592	29	34	37	
593	29	34	37	
594	29	34	37	
595	29	34	37	
596	29	34	37	
597	29	34	37	
598	29	34	37	
599	29	34	37	
600	20	15	19	
601	20	15	19	
602	20	15	19	
603	20	15	19	
604	20	15	19	
605	20	15	19	
606	20	15	19	
607	20	15	19	
608	20	19	15	
609	20	19	15	
610	20	19	15	
611	20	19	15	
612	20	19	15	
613	20	19	15	
614	20	19	15	
615	20	19	15	
616	20	19	15	
617	20	19	15	
618	29	22	37	
619	29	22	37	
620	29	22	37	
621	29	22	37	
622	29	22	37	
623	29	22	37	
624	29	22	37	
625	29	22	37	
626	23	16	11	
627	23	16	11	
628	15	18	19	
629	15	18	19	
630	15	18	19	
631	15	18	19	
632	15	18	19	
633	15	18	19	
634	15	18	19	
635	15	18	19	
636	15	18	19	
637	15	18	19	
638	15	18	19	
639	15	18	19	
640	19	25	24	
641	19	25	24	
642	19	25	24	
643	19	25	24	
644	19	25	24	
645	19	25	24	
646	19	22	11	
647	16	35	48	
648	16	35	48	
649	16	35	48	
650	16	35	48	
651	16	35	48	
652	16	35	48	
653	15	16	15	
654	15	16	15	
655	15	16	15	
656	15	16	15	
657	22	18	23	
658	22	18	23	
659	22	18	23	
660	22	18	23	
661	22	18	23	
662	22	18	23	
663	22	18	23	
664	22	18	23	
665	22	18	23	
666	22	18	23	
667	22	18	23	
668	22	18	23	
669	22	18	23	
670	22	18	23	
671	22	18	23	
672	17	38	56	
673	17	38	56	
674	17	38	56	
675	17	38	56	
676	17	38	56	
677	17	38	56	
678	17	38	56	
679	17	38	56	
680	17	38	56	
681	17	38	56	
682	17	38	56	
683	17	38	56	
684	17	38	56	
685	17	38	56	
686	38	17	58	
687	38	17	58	
688	17	38	56	
689	17	38	56	
690	17	38	56	
691	17	38	56	
692	17	38	56	
693	17	38	56	
694	17	38	56	
695	17	38	56	
696	17	38	56	
697	17	38	56	
698	17	38	56	
699	17	38	56	
700	17	38	56	
701	17	38	56	
702	26	17	33	
703	58	38	17	
704	58	38	17	
705	58	38	17	
706	58	38	17	
707	58	38	17	
708	58	38	17	
709	58	38	17	
710	58	38	17	
711	44	36	14	
712	44	36	14	
713	44	36	14	
714	44	36	14	
715	21	17	16	
716	21	17	16	
717	17	17	31	
718	17	17	31	
719	17	17	31	
720	17	17	31	
721	18	14	28	
722	26	21	14	
723	26	21	14	
724	14	20	14	
725	14	20	14	
726	20	14	14	
727	16	13	20	
728	56	38	17	
729	56	38	17	
730	56	38	17	
731	56	38	17	
732	56	38	17	
733	56	38	17	
734	56	38	17	
735	56	38	17	
736	56	38	17	
737	56	38	17	
738	56	38	17	
739	56	38	17	
740	56	38	17	
741	56	38	17	
742	56	38	17	
743	56	38	17	
744	56	38	17	
745	56	38	17	
746	56	38	17	
747	56	38	17	
748	56	38	17	
749	56	38	17	
750	56	38	17	
751	56	38	17	
752	56	38	17	
753	56	38	17	
754	56	38	17	
755	20	24	29	
756	20	24	29	
757	40	11	60	
758	40	11	60	
759	20	19	16	
760	20	19	16	
761	40	16	54	
762	27	24	25	
763	27	24	25	
764	27	24	24	
765	27	23	39	
766	27	23	39	
767	31	38	31	
768	31	38	31	
769	58	38	17	
770	58	38	17	
771	56	38	17	
772	56	38	17	
773	56	38	17	
774	56	38	17	
775	56	38	17	
776	25	24	19	
777	25	20	19	
778	25	20	19	
779	25	20	19	
780	19	20	26	
781	19	20	16	
782	18	20	17	
783	27	23	39	
784	27	23	39	
785	27	21	17	
786	27	21	17	
787	26	16	16	
788	26	16	16	
789	26	16	16	
790	17	38	56	
791	17	38	56	
792	14	36	44	
793	38	56	17	
794	38	56	17	
795	38	56	17	
796	38	56	17	
797	38	56	17	
798	38	56	17	
799	38	56	17	
800	38	56	17	
801	38	56	17	
802	38	56	17	
803	38	56	17	
804	38	56	17	
805	38	56	17	
806	38	56	17	
807	38	56	17	
808	38	56	17	
809	38	56	17	
810	38	56	17	
811	38	56	17	
812	38	56	17	
813	38	56	17	
814	38	56	17	
815	38	56	17	
816	38	56	17	
817	38	56	17	
818	38	56	17	
819	38	56	17	
820	17	38	56	
821	17	38	56	
822	17	38	56	
823	17	38	56	
824	17	38	56	
825	17	38	56	
826	17	38	56	
827	17	38	56	
828	17	38	56	
829	17	38	56	
830	17	38	56	
831	17	38	56	
832	29	37	34	
833	56	18	39	
834	56	18	39	
835	17	30	17	
836	16	30	22	
0	1	2	3	4	5	6	7	8	9	10	11	12	13	14	15	16	17	18	19	20	21	22	23	24	25	26	27	28	29	30	31	32	33	34	35	36	37	38	39	40	41	42	43	44	45	46	47	48	49	50	51	52	53	54	55	56	57	58	59	60	61	62	63	64	65	66	67	68	69	70	71	72	73	74	75	76	77	78	79	80	81	82	83	84	85	86	87	88	89	90	91	92	93	94	95	96	97	98	99	100	101	102	103	104	105	106	107	108	109	110	111	112	113	114	115	116	117	118	119	120	121	122	123	124	125	126	127	128	129	130	131	132	133	134	135	136	137	138	139	140	141	142	143	144	145	146	147	148	149	150	151	152	153	154	155	156	157	158	159	160	161	162	163	164	165	166	167	168	169	170	171	172	173	174	175	176	177	178	179	180	181	182	183	184	185	186	187	188	189	190	191	192	193	194	195	196	197	198	199	200	201	202	203	204	205	206	207	208	209	210	211	212	213	214	215	216	217	218	219	220	221	222	223	224	225	226	227	228	229	230	231	232	233	234	235	236	237	238	239	240	241	242	243	244	245	246	247	248	249	250	251	252	253	254	255	256	257	258	259	260	261	262	263	264	265	266	267	268	269	270	271	272	273	274	275	276	277	278	279	280	281	282	283	284	285	286	287	288	289	290	291	292	293	294	295	296	297	298	299	300	301	302	303	304	305	306	307	308	309	310	311	312	313	314	315	316	317	318	319	320	321	322	323	324	325	326	327	328	329	330	331	332	333	334	335	336	337	338	339	340	341	342	343	344	345	346	347	348	349	350	351	352	353	354	355	356	357	358	359	360	361	362	363	364	365	366	367	368	369	370	371	372	373	374	375	376	377	378	379	380	381	382	383	384	385	386	387	388	389	390	391	392	393	394	395	396	397	398	399	400	401	402	403	404	405	406	407	408	409	410	411	412	413	414	415	416	417	418	419	420	421	422	423	424	425	426	427	428	429	430	431	432	433	434	435	436	437	438	439	440	441	442	443	444	445	446	447	448	449	450	451	452	453	454	455	456	457	458	459	460	461	462	463	464	465	466	467	468	469	470	471	472	473	474	475	476	477	478	479	480	481	482	483	484	485	486	487	488	489	490	491	492	493	494	495	496	497	498	499	500	501	502	503	504	505	506	507	508	509	510	511	512	513	514	515	516	517	518	519	520	521	522	523	524	525	526	527	528	529	530	531	532	533	534	535	536	537	538	539	540	541	542	543	544	545	546	547	548	549	550	551	552	553	554	555	556	557	558	559	560	561	562	563	564	565	566	567	568	569	570	571	572	573	574	575	576	577	578	579	580	581	582	583	584	585	586	587	588	589	590	591	592	593	594	595	596	597	598	599	600	601	602	603	604	605	606	607	608	609	610	611	612	613	614	615	616	617	618	619	620	621	622	623	624	625	626	627	628	629	630	631	632	633	634	635	636	637	638	639	640	641	642	643	644	645	646	647	648	649	650	651	652	653	654	655	656	657	658	659	660	661	662	663	664	665	666	667	668	669	670	671	672	673	674	675	676	677	678	679	680	681	682	683	684	685	686	687	688	689	690	691	692	693	694	695	696	697	698	699	700	701	702	703	704	705	706	707	708	709	710	711	712	713	714	715	716	717	718	719	720	721	722	723	724	725	726	727	728	729	730	731	732	733	734	735	736	737	738	739	740	741	742	743	744	745	746	747	748	749	750	751	752	753	754	755	756	757	758	759	760	761	762	763	764	765	766	767	768	769	770	771	772	773	774	775	776	777	778	779	780	781	782	783	784	785	786	787	788	789	790	791	792	793	794	795	796	797	798	799	800	801	802	803	804	805	806	807	808	809	810	811	812	813	814	815	816	817	818	819	820	821	822	823	824	825	826	827	828	829	830	831	832	833	834	835	836	
