1236
120	100	160
0	40	52	16	
1	40	52	16	
2	40	52	16	
3	40	52	16	
4	40	52	16	
5	40	52	16	
6	40	52	16	
7	40	52	16	
8	40	52	16	
9	40	52	16	
10	40	52	16	
11	40	52	16	
12	40	52	16	
13	40	52	16	
14	40	52	16	
15	40	52	16	
16	40	52	16	
17	40	52	16	
18	40	52	16	
19	40	52	16	
20	40	52	16	
21	40	52	16	
22	40	52	16	
23	40	52	16	
24	40	52	16	
25	40	52	16	
26	40	52	16	
27	40	52	16	
28	40	52	16	
29	40	52	16	
30	34	48	16	
31	34	48	16	
32	34	48	16	
33	34	48	16	
34	34	48	16	
35	34	48	16	
36	34	48	16	
37	34	48	16	
38	34	48	16	
39	34	48	16	
40	34	48	16	
41	34	48	16	
42	34	48	16	
43	34	48	16	
44	34	48	16	
45	34	48	16	
46	34	48	16	
47	34	48	16	
48	34	48	16	
49	34	48	16	
50	34	48	16	
51	34	48	16	
52	34	48	16	
53	34	48	16	
54	34	48	16	
55	34	48	16	
56	34	48	16	
57	34	48	16	
58	34	48	16	
59	34	48	16	
60	18	23	24	
61	18	23	24	
62	18	23	24	
63	18	23	24	
64	18	23	24	
65	18	23	24	
66	18	23	24	
67	18	23	24	
68	18	23	24	
69	18	23	24	
70	18	23	24	
71	18	23	24	
72	16	21	15	
73	16	21	15	
74	24	30	10	
75	24	30	10	
76	24	30	10	
77	24	30	10	
78	24	30	10	
79	24	30	10	
80	24	30	10	
81	24	30	10	
82	24	30	10	
83	24	30	10	
84	24	30	10	
85	24	30	10	
86	24	30	10	
87	24	30	10	
88	24	30	10	
89	24	30	10	
90	24	30	10	
91	24	30	10	
92	24	30	10	
93	24	30	10	
94	24	30	10	
95	24	30	10	
96	24	30	10	
97	24	30	10	
98	24	30	10	
99	24	30	10	
100	24	30	10	
101	24	30	10	
102	24	30	10	
103	24	30	10	
104	24	30	10	
105	24	30	10	
106	24	30	10	
107	24	30	10	
108	24	30	10	
109	24	30	10	
110	24	30	10	
111	24	30	10	
112	24	30	10	
113	24	30	10	
114	24	30	10	
115	24	30	10	
116	24	30	10	
117	24	30	10	
118	24	30	10	
119	24	30	10	
120	24	30	10	
121	24	30	10	
122	24	30	10	
123	24	30	10	
124	24	30	10	
125	24	30	10	
126	24	30	10	
127	24	30	10	
128	24	30	10	
129	24	30	10	
130	24	30	10	
131	24	30	10	
132	24	30	10	
133	24	30	10	
134	24	30	10	
135	24	30	10	
136	24	30	10	
137	24	30	10	
138	24	30	10	
139	24	30	10	
140	24	30	10	
141	24	30	10	
142	24	30	10	
143	24	30	10	
144	24	30	10	
145	24	30	10	
146	24	30	10	
147	24	30	10	
148	24	30	10	
149	24	30	10	
150	24	30	10	
151	24	30	10	
152	24	30	10	
153	24	30	10	
154	48	35	16	
155	48	35	16	
156	48	35	16	
157	48	35	16	
158	48	35	16	
159	48	35	16	
160	48	35	16	
161	48	35	16	
162	48	35	16	
163	48	35	16	
164	48	35	16	
165	48	35	16	
166	48	35	16	
167	48	35	16	
168	48	35	16	
169	48	35	16	
170	48	35	16	
171	48	35	16	
172	48	35	16	
173	48	35	16	
174	48	35	16	
175	48	35	16	
176	48	35	16	
177	48	35	16	
178	48	35	16	
179	48	35	16	
180	48	35	16	
181	48	35	16	
182	48	35	16	
183	48	35	16	
184	48	35	16	
185	48	35	16	
186	48	35	16	
187	48	35	16	
188	48	35	16	
189	48	35	16	
190	48	35	16	
191	48	35	16	
192	48	35	16	
193	48	35	16	
194	24	30	10	
195	24	30	10	
196	24	30	10	
197	24	30	10	
198	24	30	10	
199	24	30	10	
200	24	30	10	
201	24	30	10	
202	24	30	10	
203	24	30	10	
204	24	30	10	
205	24	30	10	
206	24	30	10	
207	24	30	10	
208	24	30	10	
209	24	30	10	
210	24	40	60	
211	24	40	60	
212	24	40	33	
213	35	48	16	
214	35	48	16	
215	35	48	16	
216	35	48	16	
217	35	48	16	
218	35	48	16	
219	35	48	16	
220	35	48	16	
221	35	48	16	
222	35	48	16	
223	35	48	16	
224	35	48	16	
225	35	48	16	
226	35	48	16	
227	35	48	16	
228	35	48	16	
229	35	48	16	
230	35	48	16	
231	35	48	16	
232	35	48	16	
233	35	48	16	
234	35	48	16	
235	35	48	16	
236	35	48	16	
237	35	48	16	
238	35	48	16	
239	35	48	16	
240	35	48	16	
241	35	48	16	
242	35	48	16	
243	31	34	24	
244	31	34	24	
245	31	34	24	
246	31	34	24	
247	31	34	24	
248	31	34	24	
249	31	34	24	
250	31	34	24	
251	31	34	24	
252	31	34	24	
253	31	34	24	
254	31	34	24	
255	31	34	24	
256	31	34	24	
257	31	34	24	
258	31	34	24	
259	31	34	24	
260	31	34	24	
261	23	18	24	
262	23	18	24	
263	23	18	24	
264	23	18	24	
265	23	18	24	
266	23	18	24	
267	23	18	24	
268	23	18	24	
269	23	18	24	
270	23	18	24	
271	23	18	24	
272	23	18	24	
273	23	18	24	
274	23	18	24	
275	23	18	24	
276	23	18	24	
277	23	18	24	
278	23	18	24	
279	23	18	24	
280	23	18	24	
281	23	18	24	
282	23	18	24	
283	23	18	24	
284	23	18	24	
285	23	18	24	
286	23	18	24	
287	23	18	24	
288	23	18	24	
289	23	18	24	
290	23	18	24	
291	21	17	16	
292	21	17	16	
293	21	17	16	
294	21	17	16	
295	21	17	16	
296	21	17	16	
297	21	17	16	
298	21	17	16	
299	28	17	15	
300	28	17	15	
301	28	17	15	
302	28	17	15	
303	27	34	20	
304	27	34	20	
305	27	34	20	
306	27	34	20	
307	27	34	20	
308	27	34	20	
309	27	34	20	
310	27	34	20	
311	15	16	18	
312	15	16	18	
313	15	16	18	
314	15	16	18	
315	15	16	18	
316	15	16	18	
317	15	16	18	
318	15	16	18	
319	15	16	18	
320	15	16	18	
321	15	16	18	
322	15	16	18	
323	15	16	18	
324	15	16	18	
325	15	16	18	
326	15	16	18	
327	15	16	18	
328	15	16	18	
329	13	48	34	
330	39	56	18	
331	39	56	18	
332	39	56	18	
333	39	56	18	
334	39	56	18	
335	39	56	18	
336	39	56	18	
337	39	56	18	
338	39	56	18	
339	39	56	18	
340	39	56	18	
341	39	56	18	
342	39	56	18	
343	39	56	18	
344	39	56	18	
345	39	56	18	
346	39	56	18	
347	39	56	18	
348	39	56	18	
349	39	56	18	
350	39	56	18	
351	39	56	18	
352	39	56	18	
353	39	56	18	
354	30	22	16	
355	30	22	16	
356	30	22	16	
357	30	22	16	
358	30	22	16	
359	30	22	16	
360	30	22	16	
361	30	22	16	
362	21	28	16	
363	21	28	16	
364	21	28	16	
365	21	28	16	
366	15	18	16	
367	15	18	16	
368	15	18	16	
369	15	18	16	
370	15	18	16	
371	15	18	16	
372	15	18	16	
373	15	18	16	
374	15	18	16	
375	15	18	16	
376	15	18	16	
377	15	18	16	
378	15	18	16	
379	15	18	16	
380	15	18	16	
381	30	22	16	
382	30	22	16	
383	30	22	16	
384	30	22	16	
385	30	22	16	
386	30	22	16	
387	30	22	16	
388	30	22	16	
389	30	22	16	
390	30	22	16	
391	30	22	16	
392	30	22	16	
393	30	22	16	
394	30	22	16	
395	30	22	16	
396	30	22	16	
397	30	22	16	
398	30	22	16	
399	30	22	16	
400	30	22	16	
401	30	22	16	
402	30	22	16	
403	30	22	16	
404	30	22	16	
405	30	22	16	
406	30	22	16	
407	30	22	16	
408	30	22	16	
409	30	22	16	
410	30	22	16	
411	30	22	16	
412	30	22	16	
413	13	44	32	
414	13	44	32	
415	13	44	32	
416	13	44	32	
417	13	44	32	
418	13	44	32	
419	13	44	32	
420	13	44	32	
421	13	44	32	
422	13	11	22	
423	13	11	22	
424	13	11	22	
425	13	11	22	
426	13	11	22	
427	13	11	22	
428	13	11	22	
429	13	11	22	
430	13	11	22	
431	13	11	22	
432	13	11	22	
433	13	11	22	
434	13	11	22	
435	13	11	22	
436	13	11	22	
437	13	11	22	
438	13	11	22	
439	13	11	22	
440	13	11	22	
441	13	11	22	
442	13	11	22	
443	13	11	22	
444	13	11	22	
445	13	11	22	
446	13	11	22	
447	13	11	22	
448	13	11	22	
449	13	11	22	
450	13	11	22	
451	13	11	22	
452	13	11	22	
453	13	11	22	
454	13	11	22	
455	13	11	22	
456	13	11	22	
457	13	11	22	
458	32	44	25	
459	28	24	26	
460	28	24	26	
461	28	24	26	
462	50	20	26	
463	22	20	25	
464	13	20	16	
465	34	29	36	
466	34	29	36	
467	34	29	36	
468	34	29	36	
469	34	29	36	
470	34	29	36	
471	34	29	36	
472	34	29	36	
473	34	29	36	
474	34	29	36	
475	34	29	36	
476	34	29	36	
477	16	18	15	
478	16	18	15	
479	16	18	15	
480	16	18	15	
481	16	18	15	
482	16	18	15	
483	16	18	15	
484	16	18	15	
485	32	13	45	
486	32	13	45	
487	32	13	45	
488	32	13	45	
489	32	13	45	
490	32	13	45	
491	32	13	45	
492	32	13	45	
493	32	13	45	
494	30	13	25	
495	30	13	25	
496	30	13	25	
497	16	15	15	
498	16	15	15	
499	31	38	31	
500	31	38	31	
501	31	38	31	
502	31	38	31	
503	31	38	31	
504	31	38	31	
505	31	38	31	
506	31	38	31	
507	31	38	31	
508	31	38	31	
509	35	48	16	
510	35	48	16	
511	35	48	16	
512	35	48	16	
513	35	48	16	
514	35	48	16	
515	35	48	16	
516	35	48	16	
517	35	48	16	
518	35	48	16	
519	35	48	16	
520	35	48	16	
521	35	48	16	
522	35	48	16	
523	35	48	16	
524	35	48	16	
525	35	48	16	
526	35	48	16	
527	35	48	16	
528	35	48	16	
529	12	13	26	
530	12	13	26	
531	12	13	26	
532	12	13	26	
533	24	13	15	
534	24	13	15	
535	24	39	21	
536	24	39	21	
537	12	39	50	
538	12	39	50	
539	12	39	50	
540	12	39	50	
541	20	13	16	
542	20	13	16	
543	20	13	16	
544	11	13	22	
545	11	13	22	
546	11	13	22	
547	11	13	22	
548	16	48	35	
549	16	48	35	
550	16	48	35	
551	16	16	31	
552	16	16	31	
553	16	16	31	
554	14	27	24	
555	16	21	13	
556	39	12	50	
557	39	12	50	
558	39	12	50	
559	39	12	50	
560	39	12	50	
561	39	12	50	
562	39	12	50	
563	39	12	50	
564	39	12	50	
565	39	56	18	
566	39	56	18	
567	39	56	18	
568	39	56	18	
569	39	56	18	
570	39	56	18	
571	39	56	18	
572	39	56	18	
573	39	56	18	
574	39	56	18	
575	39	56	18	
576	39	56	18	
577	39	56	18	
578	39	56	18	
579	39	56	18	
580	39	56	18	
581	39	56	18	
582	39	56	18	
583	39	56	18	
584	39	56	18	
585	39	56	18	
586	39	56	18	
587	39	56	18	
588	39	56	18	
589	40	16	54	
590	40	16	54	
591	40	16	54	
592	40	16	54	
593	40	16	54	
594	40	16	54	
595	10	14	16	
596	10	14	16	
597	10	14	16	
598	10	14	16	
599	15	16	18	
600	15	16	18	
601	15	16	18	
602	15	16	18	
603	15	16	18	
604	15	16	18	
605	15	16	18	
606	15	16	18	
607	15	16	18	
608	15	16	18	
609	15	16	18	
610	15	16	18	
611	15	16	18	
612	15	16	18	
613	15	16	18	
614	15	16	18	
615	13	32	44	
616	13	32	44	
617	13	32	44	
618	13	32	44	
619	13	32	44	
620	13	32	44	
621	13	32	44	
622	13	32	44	
623	15	18	16	
624	15	18	16	
625	15	18	16	
626	15	18	16	
627	15	18	16	
628	15	18	16	
629	15	18	16	
630	15	18	16	
631	15	18	16	
632	15	18	16	
633	15	18	16	
634	15	18	16	
635	15	18	16	
636	15	18	16	
637	15	18	16	
638	15	18	16	
639	15	18	16	
640	15	18	16	
641	15	18	16	
642	15	18	16	
643	15	18	16	
644	34	31	24	
645	34	31	24	
646	34	31	24	
647	34	31	24	
648	34	31	24	
649	34	31	24	
650	16	31	16	
651	26	16	16	
652	26	16	16	
653	15	15	16	
654	15	15	16	
655	15	15	16	
656	34	37	29	
657	34	37	29	
658	34	37	29	
659	34	37	29	
660	34	37	29	
661	34	37	29	
662	20	26	50	
663	20	26	50	
664	20	26	50	
665	20	26	50	
666	20	26	50	
667	20	26	50	
668	17	38	58	
669	17	38	58	
670	17	38	58	
671	17	38	58	
672	17	38	58	
673	17	38	58	
674	17	38	58	
675	17	38	58	
676	17	38	58	
677	17	38	58	
678	17	38	58	
679	17	38	58	
680	29	34	37	
681	29	34	37	
682	29	34	37	
683	29	34	37	
684	29	34	37	
685	29	34	37	
686	29	34	37	
687	29	34	37	
688	29	34	37	
689	20	15	19	
690	20	15	19	
691	20	15	19	
692	20	15	19	
693	20	15	19	
694	20	15	19	
695	20	15	19	
696	20	15	19	
697	20	19	15	
698	20	19	15	
699	20	19	15	
700	20	19	15	
701	20	19	15	
702	20	19	15	
703	20	19	15	
704	20	19	15	
705	20	19	15	
706	20	19	15	
707	29	22	37	
708	29	22	37	
709	29	22	37	
710	29	22	37	
711	29	22	37	
712	29	22	37	
713	29	22	37	
714	29	22	37	
715	23	16	11	
716	23	16	11	
717	15	18	19	
718	15	18	19	
719	15	18	19	
720	15	18	19	
721	15	18	19	
722	15	18	19	
723	15	18	19	
724	15	18	19	
725	15	18	19	
726	15	18	19	
727	15	18	19	
728	15	18	19	
729	19	25	24	
730	19	25	24	
731	19	25	24	
732	19	25	24	
733	19	25	24	
734	19	25	24	
735	19	22	11	
736	16	35	48	
737	16	35	48	
738	16	35	48	
739	16	35	48	
740	16	35	48	
741	16	35	48	
742	15	16	15	
743	15	16	15	
744	15	16	15	
745	15	16	15	
746	17	38	56	
747	17	38	56	
748	17	38	56	
749	17	38	56	
750	17	38	56	
751	17	38	56	
752	17	38	56	
753	17	38	56	
754	17	38	56	
755	17	38	56	
756	17	38	56	
757	17	38	56	
758	17	38	56	
759	17	38	56	
760	41	23	62	
761	41	23	62	
762	29	37	34	
763	29	37	34	
764	29	37	34	
765	29	37	34	
766	29	37	34	
767	29	37	34	
768	29	37	34	
769	29	37	34	
770	29	37	34	
771	29	37	34	
772	29	37	34	
773	29	37	34	
774	17	38	56	
775	17	38	56	
776	17	38	56	
777	17	38	56	
778	17	38	56	
779	17	38	56	
780	17	38	56	
781	22	23	24	
782	22	23	24	
783	22	23	24	
784	22	23	24	
785	23	18	24	
786	23	18	24	
787	23	18	24	
788	23	18	24	
789	60	23	25	
790	20	23	23	
791	20	23	23	
792	20	23	23	
793	25	23	46	
794	23	38	24	
795	23	38	24	
796	18	19	15	
797	18	19	15	
798	18	19	15	
799	18	19	15	
800	18	19	15	
801	18	19	15	
802	18	19	15	
803	18	19	15	
804	18	19	15	
805	18	19	15	
806	18	19	15	
807	18	19	15	
808	18	19	15	
809	18	19	15	
810	18	19	15	
811	18	19	15	
812	15	19	18	
813	15	19	18	
814	15	19	18	
815	15	19	18	
816	15	19	18	
817	15	19	18	
818	38	24	22	
819	26	23	45	
820	34	24	25	
821	33	24	41	
822	26	22	24	
823	26	22	24	
824	26	22	24	
825	23	38	18	
826	22	18	23	
827	22	18	23	
828	22	18	23	
829	22	18	23	
830	22	18	23	
831	22	18	23	
832	22	18	23	
833	22	18	23	
834	22	18	23	
835	22	18	23	
836	22	18	23	
837	22	18	23	
838	22	18	23	
839	22	18	23	
840	22	18	23	
841	17	38	56	
842	17	38	56	
843	17	38	56	
844	17	38	56	
845	17	38	56	
846	17	38	56	
847	17	38	56	
848	17	38	56	
849	17	38	56	
850	17	38	56	
851	17	38	56	
852	17	38	56	
853	17	38	56	
854	17	38	56	
855	38	17	58	
856	38	17	58	
857	17	38	56	
858	17	38	56	
859	17	38	56	
860	17	38	56	
861	17	38	56	
862	17	38	56	
863	17	38	56	
864	17	38	56	
865	17	38	56	
866	17	38	56	
867	17	38	56	
868	17	38	56	
869	17	38	56	
870	17	38	56	
871	26	17	33	
872	58	38	17	
873	58	38	17	
874	58	38	17	
875	58	38	17	
876	58	38	17	
877	58	38	17	
878	58	38	17	
879	58	38	17	
880	44	36	14	
881	44	36	14	
882	44	36	14	
883	44	36	14	
884	21	17	16	
885	21	17	16	
886	17	17	31	
887	17	17	31	
888	17	17	31	
889	17	17	31	
890	18	14	28	
891	26	21	14	
892	26	21	14	
893	14	20	14	
894	14	20	14	
895	20	14	14	
896	16	13	20	
897	22	18	23	
898	22	18	23	
899	22	18	23	
900	22	18	23	
901	22	18	23	
902	22	18	23	
903	22	18	23	
904	22	18	23	
905	22	18	23	
906	22	18	23	
907	22	18	23	
908	22	18	23	
909	22	18	23	
910	22	18	23	
911	22	18	23	
912	17	38	56	
913	17	38	56	
914	17	38	56	
915	17	38	56	
916	17	38	56	
917	17	38	56	
918	17	38	56	
919	17	38	56	
920	17	38	56	
921	17	38	56	
922	17	38	56	
923	17	38	56	
924	17	38	56	
925	17	38	56	
926	38	17	58	
927	38	17	58	
928	17	38	56	
929	17	38	56	
930	17	38	56	
931	17	38	56	
932	17	38	56	
933	17	38	56	
934	17	38	56	
935	17	38	56	
936	17	38	56	
937	17	38	56	
938	17	38	56	
939	17	38	56	
940	17	38	56	
941	17	38	56	
942	26	17	33	
943	58	38	17	
944	58	38	17	
945	58	38	17	
946	58	38	17	
947	58	38	17	
948	58	38	17	
949	58	38	17	
950	58	38	17	
951	44	36	14	
952	44	36	14	
953	44	36	14	
954	44	36	14	
955	21	17	16	
956	21	17	16	
957	17	17	31	
958	17	17	31	
959	17	17	31	
960	17	17	31	
961	18	14	28	
962	26	21	14	
963	26	21	14	
964	14	20	14	
965	14	20	14	
966	20	14	14	
967	16	13	20	
968	22	24	26	
969	22	24	26	
970	22	24	26	
971	22	24	14	
972	21	24	33	
973	17	38	56	
974	17	38	56	
975	17	38	56	
976	17	38	56	
977	17	38	56	
978	17	38	56	
979	17	38	56	
980	17	38	56	
981	17	38	56	
982	17	38	56	
983	17	38	56	
984	17	38	56	
985	17	38	56	
986	17	38	56	
987	17	38	56	
988	17	38	56	
989	17	38	56	
990	17	38	56	
991	17	38	56	
992	17	38	56	
993	17	38	56	
994	17	38	56	
995	17	38	56	
996	17	38	56	
997	17	38	56	
998	17	38	56	
999	17	38	56	
1000	17	38	56	
1001	21	33	24	
1002	21	33	24	
1003	21	33	24	
1004	21	33	24	
1005	56	38	17	
1006	56	38	17	
1007	56	38	17	
1008	56	38	17	
1009	25	20	14	
1010	25	20	14	
1011	45	23	14	
1012	14	20	14	
1013	19	11	14	
1014	25	24	27	
1015	25	24	27	
1016	25	24	27	
1017	30	24	24	
1018	30	24	24	
1019	27	24	23	
1020	30	21	13	
1021	33	21	24	
1022	33	21	24	
1023	25	24	24	
1024	29	23	43	
1025	30	22	16	
1026	30	22	16	
1027	30	22	16	
1028	23	23	20	
1029	22	21	44	
1030	39	33	37	
1031	15	22	29	
1032	15	20	19	
1033	15	18	16	
1034	15	17	13	
1035	12	16	18	
1036	12	18	16	
1037	23	23	17	
1038	23	23	17	
1039	23	22	18	
1040	23	18	38	
1041	22	24	26	
1042	22	24	26	
1043	22	24	26	
1044	22	24	14	
1045	21	24	33	
1046	17	38	56	
1047	17	38	56	
1048	17	38	56	
1049	17	38	56	
1050	17	38	56	
1051	17	38	56	
1052	17	38	56	
1053	17	38	56	
1054	17	38	56	
1055	17	38	56	
1056	17	38	56	
1057	17	38	56	
1058	17	38	56	
1059	17	38	56	
1060	17	38	56	
1061	17	38	56	
1062	17	38	56	
1063	17	38	56	
1064	17	38	56	
1065	17	38	56	
1066	17	38	56	
1067	17	38	56	
1068	17	38	56	
1069	17	38	56	
1070	17	38	56	
1071	17	38	56	
1072	17	38	56	
1073	17	38	56	
1074	21	33	24	
1075	21	33	24	
1076	21	33	24	
1077	21	33	24	
1078	56	38	17	
1079	56	38	17	
1080	56	38	17	
1081	56	38	17	
1082	25	20	14	
1083	25	20	14	
1084	45	23	14	
1085	14	20	14	
1086	19	11	14	
1087	25	24	27	
1088	25	24	27	
1089	25	24	27	
1090	30	24	24	
1091	30	24	24	
1092	27	24	23	
1093	30	21	13	
1094	33	21	24	
1095	33	21	24	
1096	25	24	24	
1097	29	23	43	
1098	30	22	16	
1099	30	22	16	
1100	30	22	16	
1101	23	23	20	
1102	22	21	44	
1103	39	33	37	
1104	15	22	29	
1105	15	20	19	
1106	15	18	16	
1107	15	17	13	
1108	12	16	18	
1109	12	18	16	
1110	23	23	17	
1111	23	23	17	
1112	23	22	18	
1113	23	18	38	
1114	56	38	17	
1115	56	38	17	
1116	56	38	17	
1117	56	38	17	
1118	56	38	17	
1119	56	38	17	
1120	56	38	17	
1121	56	38	17	
1122	56	38	17	
1123	56	38	17	
1124	56	38	17	
1125	56	38	17	
1126	56	38	17	
1127	56	38	17	
1128	56	38	17	
1129	56	38	17	
1130	56	38	17	
1131	56	38	17	
1132	56	38	17	
1133	56	38	17	
1134	56	38	17	
1135	56	38	17	
1136	56	38	17	
1137	56	38	17	
1138	56	38	17	
1139	56	38	17	
1140	56	38	17	
1141	20	24	29	
1142	20	24	29	
1143	40	11	60	
1144	40	11	60	
1145	20	19	16	
1146	20	19	16	
1147	40	16	54	
1148	27	24	25	
1149	27	24	25	
1150	27	24	24	
1151	27	23	39	
1152	27	23	39	
1153	31	38	31	
1154	31	38	31	
1155	58	38	17	
1156	58	38	17	
1157	56	38	17	
1158	56	38	17	
1159	56	38	17	
1160	56	38	17	
1161	56	38	17	
1162	25	24	19	
1163	25	20	19	
1164	25	20	19	
1165	25	20	19	
1166	19	20	26	
1167	19	20	16	
1168	18	20	17	
1169	27	23	39	
1170	27	23	39	
1171	27	21	17	
1172	27	21	17	
1173	26	16	16	
1174	26	16	16	
1175	26	16	16	
1176	17	38	56	
1177	17	38	56	
1178	14	36	44	
1179	38	56	17	
1180	38	56	17	
1181	38	56	17	
1182	38	56	17	
1183	38	56	17	
1184	38	56	17	
1185	38	56	17	
1186	38	56	17	
1187	38	56	17	
1188	38	56	17	
1189	38	56	17	
1190	38	56	17	
1191	38	56	17	
1192	38	56	17	
1193	38	56	17	
1194	38	56	17	
1195	38	56	17	
1196	38	56	17	
1197	38	56	17	
1198	38	56	17	
1199	38	56	17	
1200	38	56	17	
1201	38	56	17	
1202	38	56	17	
1203	38	56	17	
1204	38	56	17	
1205	38	56	17	
1206	17	38	56	
1207	17	38	56	
1208	17	38	56	
1209	17	38	56	
1210	17	38	56	
1211	17	38	56	
1212	17	38	56	
1213	17	38	56	
1214	17	38	56	
1215	17	38	56	
1216	17	38	56	
1217	17	38	56	
1218	29	37	34	
1219	56	18	39	
1220	56	18	39	
1221	17	30	17	
1222	16	30	22	
1223	32	32	25	
1224	32	32	25	
1225	50	35	39	
1226	39	25	30	
1227	41	23	62	
1228	29	20	41	
1229	27	20	34	
1230	27	20	34	
1231	16	22	30	
1232	49	29	35	
1233	49	30	27	
1234	40	11	60	
1235	39	17	58	
0	1	2	3	4	5	6	7	8	9	10	11	12	13	14	15	16	17	18	19	20	21	22	23	24	25	26	27	28	29	30	31	32	33	34	35	36	37	38	39	40	41	42	43	44	45	46	47	48	49	50	51	52	53	54	55	56	57	58	59	60	61	62	63	64	65	66	67	68	69	70	71	72	73	74	75	76	77	78	79	80	81	82	83	84	85	86	87	88	89	90	91	92	93	94	95	96	97	98	99	100	101	102	103	104	105	106	107	108	109	110	111	112	113	114	115	116	117	118	119	120	121	122	123	124	125	126	127	128	129	130	131	132	133	134	135	136	137	138	139	140	141	142	143	144	145	146	147	148	149	150	151	152	153	154	155	156	157	158	159	160	161	162	163	164	165	166	167	168	169	170	171	172	173	174	175	176	177	178	179	180	181	182	183	184	185	186	187	188	189	190	191	192	193	194	195	196	197	198	199	200	201	202	203	204	205	206	207	208	209	210	211	212	213	214	215	216	217	218	219	220	221	222	223	224	225	226	227	228	229	230	231	232	233	234	235	236	237	238	239	240	241	242	243	244	245	246	247	248	249	250	251	252	253	254	255	256	257	258	259	260	261	262	263	264	265	266	267	268	269	270	271	272	273	274	275	276	277	278	279	280	281	282	283	284	285	286	287	288	289	290	291	292	293	294	295	296	297	298	299	300	301	302	303	304	305	306	307	308	309	310	311	312	313	314	315	316	317	318	319	320	321	322	323	324	325	326	327	328	329	330	331	332	333	334	335	336	337	338	339	340	341	342	343	344	345	346	347	348	349	350	351	352	353	354	355	356	357	358	359	360	361	362	363	364	365	366	367	368	369	370	371	372	373	374	375	376	377	378	379	380	381	382	383	384	385	386	387	388	389	390	391	392	393	394	395	396	397	398	399	400	401	402	403	404	405	406	407	408	409	410	411	412	413	414	415	416	417	418	419	420	421	422	423	424	425	426	427	428	429	430	431	432	433	434	435	436	437	438	439	440	441	442	443	444	445	446	447	448	449	450	451	452	453	454	455	456	457	458	459	460	461	462	463	464	465	466	467	468	469	470	471	472	473	474	475	476	477	478	479	480	481	482	483	484	485	486	487	488	489	490	491	492	493	494	495	496	497	498	499	500	501	502	503	504	505	506	507	508	509	510	511	512	513	514	515	516	517	518	519	520	521	522	523	524	525	526	527	528	529	530	531	532	533	534	535	536	537	538	539	540	541	542	543	544	545	546	547	548	549	550	551	552	553	554	555	556	557	558	559	560	561	562	563	564	565	566	567	568	569	570	571	572	573	574	575	576	577	578	579	580	581	582	583	584	585	586	587	588	589	590	591	592	593	594	595	596	597	598	599	600	601	602	603	604	605	606	607	608	609	610	611	612	613	614	615	616	617	618	619	620	621	622	623	624	625	626	627	628	629	630	631	632	633	634	635	636	637	638	639	640	641	642	643	644	645	646	647	648	649	650	651	652	653	654	655	656	657	658	659	660	661	662	663	664	665	666	667	668	669	670	671	672	673	674	675	676	677	678	679	680	681	682	683	684	685	686	687	688	689	690	691	692	693	694	695	696	697	698	699	700	701	702	703	704	705	706	707	708	709	710	711	712	713	714	715	716	717	718	719	720	721	722	723	724	725	726	727	728	729	730	731	732	733	734	735	736	737	738	739	740	741	742	743	744	745	746	747	748	749	750	751	752	753	754	755	756	757	758	759	760	761	762	763	764	765	766	767	768	769	770	771	772	773	774	775	776	777	778	779	780	781	782	783	784	785	786	787	788	789	790	791	792	793	794	795	796	797	798	799	800	801	802	803	804	805	806	807	808	809	810	811	812	813	814	815	816	817	818	819	820	821	822	823	824	825	826	827	828	829	830	831	832	833	834	835	836	837	838	839	840	841	842	843	844	845	846	847	848	849	850	851	852	853	854	855	856	857	858	859	860	861	862	863	864	865	866	867	868	869	870	871	872	873	874	875	876	877	878	879	880	881	882	883	884	885	886	887	888	889	890	891	892	893	894	895	896	897	898	899	900	901	902	903	904	905	906	907	908	909	910	911	912	913	914	915	916	917	918	919	920	921	922	923	924	925	926	927	928	929	930	931	932	933	934	935	936	937	938	939	940	941	942	943	944	945	946	947	948	949	950	951	952	953	954	955	956	957	958	959	960	961	962	963	964	965	966	967	968	969	970	971	972	973	974	975	976	977	978	979	980	981	982	983	984	985	986	987	988	989	990	991	992	993	994	995	996	997	998	999	1000	1001	1002	1003	1004	1005	1006	1007	1008	1009	1010	1011	1012	1013	1014	1015	1016	1017	1018	1019	1020	1021	1022	1023	1024	1025	1026	1027	1028	1029	1030	1031	1032	1033	1034	1035	1036	1037	1038	1039	1040	1041	1042	1043	1044	1045	1046	1047	1048	1049	1050	1051	1052	1053	1054	1055	1056	1057	1058	1059	1060	1061	1062	1063	1064	1065	1066	1067	1068	1069	1070	1071	1072	1073	1074	1075	1076	1077	1078	1079	1080	1081	1082	1083	1084	1085	1086	1087	1088	1089	1090	1091	1092	1093	1094	1095	1096	1097	1098	1099	1100	1101	1102	1103	1104	1105	1106	1107	1108	1109	1110	1111	1112	1113	1114	1115	1116	1117	1118	1119	1120	1121	1122	1123	1124	1125	1126	1127	1128	1129	1130	1131	1132	1133	1134	1135	1136	1137	1138	1139	1140	1141	1142	1143	1144	1145	1146	1147	1148	1149	1150	1151	1152	1153	1154	1155	1156	1157	1158	1159	1160	1161	1162	1163	1164	1165	1166	1167	1168	1169	1170	1171	1172	1173	1174	1175	1176	1177	1178	1179	1180	1181	1182	1183	1184	1185	1186	1187	1188	1189	1190	1191	1192	1193	1194	1195	1196	1197	1198	1199	1200	1201	1202	1203	1204	1205	1206	1207	1208	1209	1210	1211	1212	1213	1214	1215	1216	1217	1218	1219	1220	1221	1222	1223	1224	1225	1226	1227	1228	1229	1230	1231	1232	1233	1234	1235	
