2343
120	100	160
0	24	30	10	
1	24	30	10	
2	24	30	10	
3	24	30	10	
4	24	30	10	
5	24	30	10	
6	24	30	10	
7	24	30	10	
8	24	30	10	
9	24	30	10	
10	24	30	10	
11	24	30	10	
12	24	30	10	
13	24	30	10	
14	24	30	10	
15	24	30	10	
16	24	30	10	
17	24	30	10	
18	24	30	10	
19	24	30	10	
20	24	30	10	
21	24	30	10	
22	24	30	10	
23	24	30	10	
24	24	30	10	
25	24	30	10	
26	24	30	10	
27	24	30	10	
28	24	30	10	
29	24	30	10	
30	24	30	10	
31	24	30	10	
32	24	30	10	
33	24	30	10	
34	24	30	10	
35	24	30	10	
36	24	30	10	
37	24	30	10	
38	24	30	10	
39	24	30	10	
40	24	30	10	
41	24	30	10	
42	24	30	10	
43	24	30	10	
44	24	30	10	
45	24	30	10	
46	24	30	10	
47	24	30	10	
48	24	30	10	
49	24	30	10	
50	24	30	10	
51	24	30	10	
52	24	30	10	
53	24	30	10	
54	24	30	10	
55	24	30	10	
56	24	30	10	
57	24	30	10	
58	24	30	10	
59	24	30	10	
60	24	30	10	
61	24	30	10	
62	24	30	10	
63	24	30	10	
64	24	30	10	
65	24	30	10	
66	24	30	10	
67	24	30	10	
68	24	30	10	
69	24	30	10	
70	24	30	10	
71	24	30	10	
72	24	30	10	
73	24	30	10	
74	24	30	10	
75	24	30	10	
76	24	30	10	
77	24	30	10	
78	24	30	10	
79	24	30	10	
80	48	35	16	
81	48	35	16	
82	48	35	16	
83	48	35	16	
84	48	35	16	
85	48	35	16	
86	48	35	16	
87	48	35	16	
88	48	35	16	
89	48	35	16	
90	48	35	16	
91	48	35	16	
92	48	35	16	
93	48	35	16	
94	48	35	16	
95	48	35	16	
96	48	35	16	
97	48	35	16	
98	48	35	16	
99	48	35	16	
100	48	35	16	
101	48	35	16	
102	48	35	16	
103	48	35	16	
104	48	35	16	
105	48	35	16	
106	48	35	16	
107	48	35	16	
108	48	35	16	
109	48	35	16	
110	48	35	16	
111	48	35	16	
112	48	35	16	
113	48	35	16	
114	48	35	16	
115	48	35	16	
116	48	35	16	
117	48	35	16	
118	48	35	16	
119	48	35	16	
120	24	30	10	
121	24	30	10	
122	24	30	10	
123	24	30	10	
124	24	30	10	
125	24	30	10	
126	24	30	10	
127	24	30	10	
128	24	30	10	
129	24	30	10	
130	24	30	10	
131	24	30	10	
132	24	30	10	
133	24	30	10	
134	24	30	10	
135	24	30	10	
136	24	40	60	
137	24	40	60	
138	24	40	33	
139	40	52	16	
140	40	52	16	
141	40	52	16	
142	34	48	16	
143	34	48	16	
144	34	48	16	
145	34	48	16	
146	34	48	16	
147	34	48	16	
148	34	48	16	
149	34	48	16	
150	34	48	16	
151	34	48	16	
152	34	48	16	
153	34	48	16	
154	34	48	16	
155	34	48	16	
156	34	48	16	
157	34	48	16	
158	34	48	16	
159	34	48	16	
160	34	48	16	
161	34	48	16	
162	34	48	16	
163	34	48	16	
164	34	48	16	
165	34	48	16	
166	34	48	16	
167	34	48	16	
168	34	48	16	
169	34	48	16	
170	34	48	16	
171	34	48	16	
172	40	52	16	
173	40	52	16	
174	40	52	16	
175	40	52	16	
176	40	52	16	
177	40	52	16	
178	40	52	16	
179	40	52	16	
180	40	52	16	
181	40	52	16	
182	40	52	16	
183	40	52	16	
184	40	52	16	
185	40	52	16	
186	40	52	16	
187	40	52	16	
188	40	52	16	
189	40	52	16	
190	40	52	16	
191	40	52	16	
192	40	52	16	
193	40	52	16	
194	40	52	16	
195	40	52	16	
196	30	22	16	
197	30	22	16	
198	30	22	16	
199	30	22	16	
200	30	22	16	
201	30	22	16	
202	30	22	16	
203	30	22	16	
204	18	23	24	
205	18	23	24	
206	18	23	24	
207	18	23	24	
208	18	23	24	
209	18	23	24	
210	18	23	24	
211	18	23	24	
212	18	23	24	
213	18	23	24	
214	18	23	24	
215	18	23	24	
216	16	21	15	
217	16	21	15	
218	40	52	16	
219	40	52	16	
220	40	52	16	
221	34	48	16	
222	34	48	16	
223	34	48	16	
224	34	48	16	
225	34	48	16	
226	34	48	16	
227	34	48	16	
228	34	48	16	
229	34	48	16	
230	34	48	16	
231	34	48	16	
232	34	48	16	
233	34	48	16	
234	34	48	16	
235	34	48	16	
236	34	48	16	
237	34	48	16	
238	34	48	16	
239	34	48	16	
240	34	48	16	
241	34	48	16	
242	34	48	16	
243	34	48	16	
244	34	48	16	
245	34	48	16	
246	34	48	16	
247	34	48	16	
248	34	48	16	
249	34	48	16	
250	34	48	16	
251	40	52	16	
252	40	52	16	
253	40	52	16	
254	40	52	16	
255	40	52	16	
256	40	52	16	
257	40	52	16	
258	40	52	16	
259	40	52	16	
260	40	52	16	
261	40	52	16	
262	40	52	16	
263	40	52	16	
264	40	52	16	
265	40	52	16	
266	40	52	16	
267	40	52	16	
268	40	52	16	
269	40	52	16	
270	40	52	16	
271	40	52	16	
272	40	52	16	
273	40	52	16	
274	40	52	16	
275	30	22	16	
276	30	22	16	
277	30	22	16	
278	30	22	16	
279	30	22	16	
280	30	22	16	
281	30	22	16	
282	30	22	16	
283	18	23	24	
284	18	23	24	
285	18	23	24	
286	18	23	24	
287	18	23	24	
288	18	23	24	
289	18	23	24	
290	18	23	24	
291	18	23	24	
292	18	23	24	
293	18	23	24	
294	18	23	24	
295	16	21	15	
296	16	21	15	
297	24	31	34	
298	24	31	34	
299	24	31	34	
300	24	31	34	
301	24	31	34	
302	24	31	34	
303	24	31	34	
304	24	31	34	
305	24	31	34	
306	24	31	34	
307	24	31	34	
308	24	31	34	
309	24	31	34	
310	24	31	34	
311	24	31	34	
312	24	31	34	
313	24	31	34	
314	24	31	34	
315	24	31	34	
316	24	31	34	
317	28	10	24	
318	28	10	24	
319	28	10	24	
320	28	10	24	
321	28	10	24	
322	28	10	24	
323	28	10	24	
324	28	10	24	
325	28	10	24	
326	30	22	16	
327	30	22	16	
328	30	22	16	
329	30	22	16	
330	30	22	16	
331	30	22	16	
332	30	22	16	
333	30	22	16	
334	30	22	16	
335	30	22	16	
336	30	22	16	
337	30	22	16	
338	30	22	16	
339	30	22	16	
340	30	22	16	
341	30	22	16	
342	30	22	16	
343	30	22	16	
344	30	22	16	
345	30	22	16	
346	30	22	16	
347	30	22	16	
348	30	22	16	
349	30	22	16	
350	30	22	16	
351	30	22	16	
352	30	22	16	
353	30	22	16	
354	26	28	24	
355	48	35	16	
356	48	35	16	
357	48	35	16	
358	48	35	16	
359	48	35	16	
360	48	35	16	
361	48	35	16	
362	48	35	16	
363	48	35	16	
364	48	35	16	
365	48	35	16	
366	48	35	16	
367	48	35	16	
368	48	35	16	
369	48	35	16	
370	48	35	16	
371	48	35	16	
372	48	35	16	
373	48	35	16	
374	48	35	16	
375	22	21	44	
376	22	21	44	
377	22	21	44	
378	22	21	44	
379	22	21	44	
380	39	12	50	
381	39	12	50	
382	39	12	50	
383	39	12	50	
384	39	12	50	
385	39	12	50	
386	39	12	50	
387	39	12	50	
388	39	12	50	
389	3	4	6	
390	10	28	24	
391	24	34	31	
392	24	34	31	
393	24	34	31	
394	24	34	31	
395	24	34	31	
396	10	17	14	
397	35	48	16	
398	35	48	16	
399	35	48	16	
400	35	48	16	
401	35	48	16	
402	35	48	16	
403	35	48	16	
404	35	48	16	
405	35	48	16	
406	35	48	16	
407	35	48	16	
408	35	48	16	
409	35	48	16	
410	35	48	16	
411	35	48	16	
412	35	48	16	
413	35	48	16	
414	35	48	16	
415	35	48	16	
416	35	48	16	
417	35	48	16	
418	35	48	16	
419	35	48	16	
420	35	48	16	
421	35	48	16	
422	35	48	16	
423	35	48	16	
424	35	48	16	
425	35	48	16	
426	35	48	16	
427	31	34	24	
428	31	34	24	
429	31	34	24	
430	31	34	24	
431	31	34	24	
432	31	34	24	
433	31	34	24	
434	31	34	24	
435	31	34	24	
436	31	34	24	
437	31	34	24	
438	31	34	24	
439	31	34	24	
440	31	34	24	
441	31	34	24	
442	31	34	24	
443	31	34	24	
444	31	34	24	
445	23	18	24	
446	23	18	24	
447	23	18	24	
448	23	18	24	
449	23	18	24	
450	23	18	24	
451	23	18	24	
452	23	18	24	
453	23	18	24	
454	23	18	24	
455	23	18	24	
456	23	18	24	
457	23	18	24	
458	23	18	24	
459	23	18	24	
460	23	18	24	
461	23	18	24	
462	23	18	24	
463	23	18	24	
464	23	18	24	
465	23	18	24	
466	23	18	24	
467	23	18	24	
468	23	18	24	
469	23	18	24	
470	23	18	24	
471	23	18	24	
472	23	18	24	
473	23	18	24	
474	23	18	24	
475	21	17	16	
476	21	17	16	
477	21	17	16	
478	21	17	16	
479	21	17	16	
480	21	17	16	
481	21	17	16	
482	21	17	16	
483	28	17	15	
484	28	17	15	
485	28	17	15	
486	28	17	15	
487	27	34	20	
488	27	34	20	
489	27	34	20	
490	27	34	20	
491	27	34	20	
492	27	34	20	
493	27	34	20	
494	27	34	20	
495	15	16	18	
496	15	16	18	
497	15	16	18	
498	15	16	18	
499	15	16	18	
500	15	16	18	
501	15	16	18	
502	15	16	18	
503	15	16	18	
504	15	16	18	
505	15	16	18	
506	15	16	18	
507	15	16	18	
508	15	16	18	
509	15	16	18	
510	15	16	18	
511	15	16	18	
512	15	16	18	
513	13	48	34	
514	35	48	16	
515	35	48	16	
516	35	48	16	
517	35	48	16	
518	35	48	16	
519	35	48	16	
520	35	48	16	
521	35	48	16	
522	35	48	16	
523	35	48	16	
524	35	48	16	
525	35	48	16	
526	35	48	16	
527	35	48	16	
528	35	48	16	
529	35	48	16	
530	35	48	16	
531	35	48	16	
532	35	48	16	
533	35	48	16	
534	35	48	16	
535	35	48	16	
536	35	48	16	
537	35	48	16	
538	35	48	16	
539	35	48	16	
540	35	48	16	
541	35	48	16	
542	35	48	16	
543	35	48	16	
544	31	34	24	
545	31	34	24	
546	31	34	24	
547	31	34	24	
548	31	34	24	
549	31	34	24	
550	31	34	24	
551	31	34	24	
552	31	34	24	
553	31	34	24	
554	31	34	24	
555	31	34	24	
556	31	34	24	
557	31	34	24	
558	31	34	24	
559	31	34	24	
560	31	34	24	
561	31	34	24	
562	23	18	24	
563	23	18	24	
564	23	18	24	
565	23	18	24	
566	23	18	24	
567	23	18	24	
568	23	18	24	
569	23	18	24	
570	23	18	24	
571	23	18	24	
572	23	18	24	
573	23	18	24	
574	23	18	24	
575	23	18	24	
576	23	18	24	
577	23	18	24	
578	23	18	24	
579	23	18	24	
580	23	18	24	
581	23	18	24	
582	23	18	24	
583	23	18	24	
584	23	18	24	
585	23	18	24	
586	23	18	24	
587	23	18	24	
588	23	18	24	
589	23	18	24	
590	23	18	24	
591	23	18	24	
592	21	17	16	
593	21	17	16	
594	21	17	16	
595	21	17	16	
596	21	17	16	
597	21	17	16	
598	21	17	16	
599	21	17	16	
600	28	17	15	
601	28	17	15	
602	28	17	15	
603	28	17	15	
604	27	34	20	
605	27	34	20	
606	27	34	20	
607	27	34	20	
608	27	34	20	
609	27	34	20	
610	27	34	20	
611	27	34	20	
612	15	16	18	
613	15	16	18	
614	15	16	18	
615	15	16	18	
616	15	16	18	
617	15	16	18	
618	15	16	18	
619	15	16	18	
620	15	16	18	
621	15	16	18	
622	15	16	18	
623	15	16	18	
624	15	16	18	
625	15	16	18	
626	15	16	18	
627	15	16	18	
628	15	16	18	
629	15	16	18	
630	13	48	34	
631	39	56	18	
632	39	56	18	
633	39	56	18	
634	39	56	18	
635	39	56	18	
636	39	56	18	
637	39	56	18	
638	39	56	18	
639	39	56	18	
640	39	56	18	
641	39	56	18	
642	39	56	18	
643	39	56	18	
644	39	56	18	
645	39	56	18	
646	39	56	18	
647	39	56	18	
648	39	56	18	
649	39	56	18	
650	39	56	18	
651	39	56	18	
652	39	56	18	
653	39	56	18	
654	39	56	18	
655	30	22	16	
656	30	22	16	
657	30	22	16	
658	30	22	16	
659	30	22	16	
660	30	22	16	
661	30	22	16	
662	30	22	16	
663	21	28	16	
664	21	28	16	
665	21	28	16	
666	21	28	16	
667	15	18	16	
668	15	18	16	
669	15	18	16	
670	15	18	16	
671	15	18	16	
672	15	18	16	
673	15	18	16	
674	15	18	16	
675	15	18	16	
676	15	18	16	
677	15	18	16	
678	15	18	16	
679	15	18	16	
680	15	18	16	
681	15	18	16	
682	30	22	16	
683	30	22	16	
684	30	22	16	
685	30	22	16	
686	30	22	16	
687	30	22	16	
688	30	22	16	
689	30	22	16	
690	30	22	16	
691	30	22	16	
692	30	22	16	
693	30	22	16	
694	30	22	16	
695	30	22	16	
696	30	22	16	
697	30	22	16	
698	30	22	16	
699	30	22	16	
700	30	22	16	
701	30	22	16	
702	30	22	16	
703	30	22	16	
704	30	22	16	
705	30	22	16	
706	30	22	16	
707	30	22	16	
708	30	22	16	
709	30	22	16	
710	30	22	16	
711	30	22	16	
712	30	22	16	
713	30	22	16	
714	13	44	32	
715	13	44	32	
716	13	44	32	
717	13	44	32	
718	13	44	32	
719	13	44	32	
720	13	44	32	
721	13	44	32	
722	13	44	32	
723	13	11	22	
724	13	11	22	
725	13	11	22	
726	13	11	22	
727	13	11	22	
728	13	11	22	
729	13	11	22	
730	13	11	22	
731	13	11	22	
732	13	11	22	
733	13	11	22	
734	13	11	22	
735	13	11	22	
736	13	11	22	
737	13	11	22	
738	13	11	22	
739	13	11	22	
740	13	11	22	
741	13	11	22	
742	13	11	22	
743	13	11	22	
744	13	11	22	
745	13	11	22	
746	13	11	22	
747	13	11	22	
748	13	11	22	
749	13	11	22	
750	13	11	22	
751	13	11	22	
752	13	11	22	
753	13	11	22	
754	13	11	22	
755	13	11	22	
756	13	11	22	
757	13	11	22	
758	13	11	22	
759	32	44	25	
760	28	24	26	
761	28	24	26	
762	28	24	26	
763	50	20	26	
764	22	20	25	
765	13	20	16	
766	48	35	16	
767	48	35	16	
768	48	35	16	
769	48	35	16	
770	48	35	16	
771	48	35	16	
772	48	35	16	
773	48	35	16	
774	48	35	16	
775	48	35	16	
776	48	35	16	
777	48	35	16	
778	48	35	16	
779	48	35	16	
780	48	35	16	
781	48	35	16	
782	48	35	16	
783	48	35	16	
784	48	35	16	
785	48	35	16	
786	29	36	34	
787	29	36	34	
788	29	36	34	
789	29	36	34	
790	29	36	34	
791	29	36	34	
792	29	36	34	
793	29	36	34	
794	29	36	34	
795	29	36	34	
796	29	36	34	
797	29	36	34	
798	29	18	20	
799	29	18	20	
800	29	18	20	
801	29	18	20	
802	29	18	20	
803	29	18	20	
804	30	29	26	
805	30	29	26	
806	30	29	26	
807	30	29	26	
808	20	29	18	
809	20	29	18	
810	20	29	18	
811	20	29	18	
812	20	29	18	
813	20	29	18	
814	30	29	26	
815	30	29	26	
816	30	29	26	
817	30	29	26	
818	20	29	24	
819	20	29	24	
820	20	29	24	
821	20	29	24	
822	20	29	24	
823	20	29	24	
824	15	29	22	
825	15	29	22	
826	15	29	22	
827	15	29	22	
828	15	29	22	
829	15	29	22	
830	15	29	22	
831	15	29	22	
832	20	29	11	
833	20	29	11	
834	20	29	11	
835	20	29	11	
836	25	29	17	
837	25	29	17	
838	25	29	17	
839	25	29	17	
840	48	29	27	
841	48	29	27	
842	16	18	15	
843	16	18	15	
844	16	18	15	
845	16	18	15	
846	16	18	15	
847	16	18	15	
848	16	18	15	
849	16	18	15	
850	31	25	13	
851	31	25	13	
852	31	25	13	
853	31	25	13	
854	31	25	13	
855	31	25	13	
856	31	25	13	
857	31	25	13	
858	31	25	13	
859	31	25	13	
860	16	11	23	
861	16	11	23	
862	16	11	23	
863	16	11	23	
864	16	10	13	
865	16	10	13	
866	28	10	24	
867	24	35	32	
868	24	34	31	
869	24	34	31	
870	24	34	31	
871	24	34	31	
872	36	29	34	
873	36	29	34	
874	36	29	34	
875	36	29	34	
876	36	29	34	
877	36	29	34	
878	36	29	34	
879	36	29	34	
880	36	29	34	
881	36	29	34	
882	36	29	34	
883	36	29	34	
884	15	16	21	
885	15	16	21	
886	35	48	16	
887	35	48	16	
888	35	48	16	
889	35	48	16	
890	35	48	16	
891	35	48	16	
892	35	48	16	
893	35	48	16	
894	35	48	16	
895	35	48	16	
896	35	48	16	
897	35	48	16	
898	35	48	16	
899	35	48	16	
900	35	48	16	
901	35	48	16	
902	35	48	16	
903	35	48	16	
904	35	48	16	
905	35	48	16	
906	35	48	16	
907	35	48	16	
908	35	48	16	
909	35	48	16	
910	35	48	16	
911	35	48	16	
912	35	48	16	
913	35	48	16	
914	35	48	16	
915	35	48	16	
916	30	13	11	
917	30	13	11	
918	30	13	11	
919	30	13	11	
920	30	13	11	
921	30	13	11	
922	24	23	18	
923	24	23	18	
924	24	23	18	
925	24	23	18	
926	24	23	18	
927	24	23	18	
928	24	23	18	
929	24	23	18	
930	24	23	18	
931	24	23	18	
932	24	23	18	
933	24	23	18	
934	24	23	18	
935	24	23	18	
936	24	23	18	
937	24	23	18	
938	24	23	18	
939	24	23	18	
940	24	23	18	
941	24	23	18	
942	24	23	18	
943	24	23	18	
944	24	23	18	
945	24	23	18	
946	24	23	18	
947	24	23	18	
948	24	23	18	
949	24	23	18	
950	24	23	18	
951	24	23	18	
952	60	23	25	
953	60	23	25	
954	60	23	25	
955	60	23	25	
956	26	14	21	
957	26	14	21	
958	26	14	21	
959	18	15	19	
960	15	16	18	
961	15	16	18	
962	15	16	18	
963	15	16	18	
964	15	16	18	
965	15	16	18	
966	15	16	18	
967	15	16	18	
968	15	16	18	
969	15	16	18	
970	15	16	18	
971	15	16	18	
972	15	16	18	
973	15	16	18	
974	15	16	18	
975	15	16	18	
976	15	16	18	
977	15	16	18	
978	14	25	29	
979	15	23	25	
980	12	25	26	
981	12	25	26	
982	12	25	26	
983	12	16	41	
984	12	16	41	
985	36	29	34	
986	36	29	34	
987	36	29	34	
988	36	29	34	
989	36	29	34	
990	36	29	34	
991	36	29	34	
992	36	29	34	
993	36	29	34	
994	36	29	34	
995	36	29	34	
996	36	29	34	
997	15	16	21	
998	15	16	21	
999	35	48	16	
1000	35	48	16	
1001	35	48	16	
1002	35	48	16	
1003	35	48	16	
1004	35	48	16	
1005	35	48	16	
1006	35	48	16	
1007	35	48	16	
1008	35	48	16	
1009	35	48	16	
1010	35	48	16	
1011	35	48	16	
1012	35	48	16	
1013	35	48	16	
1014	35	48	16	
1015	35	48	16	
1016	35	48	16	
1017	35	48	16	
1018	35	48	16	
1019	35	48	16	
1020	35	48	16	
1021	35	48	16	
1022	35	48	16	
1023	35	48	16	
1024	35	48	16	
1025	35	48	16	
1026	35	48	16	
1027	35	48	16	
1028	35	48	16	
1029	30	13	11	
1030	30	13	11	
1031	30	13	11	
1032	30	13	11	
1033	30	13	11	
1034	30	13	11	
1035	24	23	18	
1036	24	23	18	
1037	24	23	18	
1038	24	23	18	
1039	24	23	18	
1040	24	23	18	
1041	24	23	18	
1042	24	23	18	
1043	24	23	18	
1044	24	23	18	
1045	24	23	18	
1046	24	23	18	
1047	24	23	18	
1048	24	23	18	
1049	24	23	18	
1050	24	23	18	
1051	24	23	18	
1052	24	23	18	
1053	24	23	18	
1054	24	23	18	
1055	24	23	18	
1056	24	23	18	
1057	24	23	18	
1058	24	23	18	
1059	24	23	18	
1060	24	23	18	
1061	24	23	18	
1062	24	23	18	
1063	24	23	18	
1064	24	23	18	
1065	60	23	25	
1066	60	23	25	
1067	60	23	25	
1068	60	23	25	
1069	26	14	21	
1070	26	14	21	
1071	26	14	21	
1072	18	15	19	
1073	15	16	18	
1074	15	16	18	
1075	15	16	18	
1076	15	16	18	
1077	15	16	18	
1078	15	16	18	
1079	15	16	18	
1080	15	16	18	
1081	15	16	18	
1082	15	16	18	
1083	15	16	18	
1084	15	16	18	
1085	15	16	18	
1086	15	16	18	
1087	15	16	18	
1088	15	16	18	
1089	15	16	18	
1090	15	16	18	
1091	14	25	29	
1092	15	23	25	
1093	12	25	26	
1094	12	25	26	
1095	12	25	26	
1096	12	16	41	
1097	12	16	41	
1098	39	12	50	
1099	39	12	50	
1100	39	12	50	
1101	39	12	50	
1102	39	12	50	
1103	39	12	50	
1104	39	12	50	
1105	39	12	50	
1106	39	12	50	
1107	39	56	18	
1108	39	56	18	
1109	39	56	18	
1110	39	56	18	
1111	39	56	18	
1112	39	56	18	
1113	39	56	18	
1114	39	56	18	
1115	39	56	18	
1116	39	56	18	
1117	39	56	18	
1118	39	56	18	
1119	39	56	18	
1120	39	56	18	
1121	39	56	18	
1122	39	56	18	
1123	39	56	18	
1124	39	56	18	
1125	39	56	18	
1126	39	56	18	
1127	39	56	18	
1128	39	56	18	
1129	39	56	18	
1130	39	56	18	
1131	40	16	54	
1132	40	16	54	
1133	40	16	54	
1134	40	16	54	
1135	40	16	54	
1136	40	16	54	
1137	10	14	16	
1138	10	14	16	
1139	10	14	16	
1140	10	14	16	
1141	15	16	18	
1142	15	16	18	
1143	15	16	18	
1144	15	16	18	
1145	15	16	18	
1146	15	16	18	
1147	15	16	18	
1148	15	16	18	
1149	15	16	18	
1150	15	16	18	
1151	15	16	18	
1152	15	16	18	
1153	15	16	18	
1154	15	16	18	
1155	15	16	18	
1156	15	16	18	
1157	13	32	44	
1158	13	32	44	
1159	13	32	44	
1160	13	32	44	
1161	13	32	44	
1162	13	32	44	
1163	13	32	44	
1164	13	32	44	
1165	15	18	16	
1166	15	18	16	
1167	15	18	16	
1168	15	18	16	
1169	15	18	16	
1170	15	18	16	
1171	15	18	16	
1172	15	18	16	
1173	15	18	16	
1174	15	18	16	
1175	15	18	16	
1176	15	18	16	
1177	15	18	16	
1178	15	18	16	
1179	15	18	16	
1180	15	18	16	
1181	15	18	16	
1182	15	18	16	
1183	15	18	16	
1184	15	18	16	
1185	15	18	16	
1186	34	31	24	
1187	34	31	24	
1188	34	31	24	
1189	34	31	24	
1190	34	31	24	
1191	34	31	24	
1192	16	31	16	
1193	26	16	16	
1194	26	16	16	
1195	15	15	16	
1196	15	15	16	
1197	15	15	16	
1198	18	39	56	
1199	18	39	56	
1200	18	39	56	
1201	18	39	56	
1202	18	39	56	
1203	18	39	56	
1204	18	39	56	
1205	18	39	56	
1206	18	39	56	
1207	18	39	56	
1208	18	39	56	
1209	18	39	56	
1210	15	19	18	
1211	15	19	18	
1212	15	19	18	
1213	15	19	18	
1214	15	19	18	
1215	15	19	18	
1216	15	19	18	
1217	15	19	18	
1218	15	19	18	
1219	15	19	18	
1220	15	19	18	
1221	15	19	18	
1222	15	19	18	
1223	15	19	18	
1224	32	13	45	
1225	32	13	45	
1226	32	13	45	
1227	32	13	45	
1228	32	13	45	
1229	32	13	45	
1230	32	13	45	
1231	32	13	45	
1232	32	13	45	
1233	34	26	29	
1234	34	26	29	
1235	34	26	29	
1236	35	48	16	
1237	35	48	16	
1238	35	48	16	
1239	35	48	16	
1240	35	48	16	
1241	35	48	16	
1242	35	48	16	
1243	35	48	16	
1244	35	48	16	
1245	35	48	16	
1246	35	48	16	
1247	35	48	16	
1248	35	48	16	
1249	35	48	16	
1250	35	48	16	
1251	35	48	16	
1252	35	48	16	
1253	35	48	16	
1254	35	48	16	
1255	35	48	16	
1256	35	48	16	
1257	35	48	16	
1258	35	48	16	
1259	35	48	16	
1260	35	48	16	
1261	35	48	16	
1262	35	48	16	
1263	35	48	16	
1264	35	48	16	
1265	35	48	16	
1266	30	11	13	
1267	30	11	13	
1268	30	11	13	
1269	19	11	14	
1270	19	11	14	
1271	19	11	14	
1272	19	11	14	
1273	14	13	20	
1274	14	13	20	
1275	14	13	20	
1276	13	11	16	
1277	17	13	15	
1278	17	13	15	
1279	17	13	15	
1280	13	11	30	
1281	21	13	30	
1282	21	13	30	
1283	21	13	30	
1284	21	13	30	
1285	21	13	30	
1286	15	16	18	
1287	15	16	18	
1288	15	16	18	
1289	15	16	18	
1290	15	16	18	
1291	15	16	18	
1292	15	16	18	
1293	15	16	18	
1294	15	16	18	
1295	15	16	18	
1296	15	16	18	
1297	15	16	18	
1298	15	16	18	
1299	15	16	18	
1300	15	16	18	
1301	15	16	18	
1302	15	16	18	
1303	15	16	18	
1304	13	31	25	
1305	12	39	50	
1306	12	39	50	
1307	12	39	50	
1308	2	2	3	
1309	36	14	44	
1310	36	14	44	
1311	36	14	44	
1312	36	14	44	
1313	36	14	44	
1314	36	14	44	
1315	36	14	44	
1316	36	14	44	
1317	36	14	44	
1318	36	14	44	
1319	36	14	44	
1320	36	14	44	
1321	36	14	44	
1322	36	14	44	
1323	36	14	44	
1324	36	14	44	
1325	36	14	44	
1326	36	14	44	
1327	36	14	44	
1328	36	14	44	
1329	36	14	44	
1330	26	24	28	
1331	26	24	28	
1332	26	24	28	
1333	26	24	28	
1334	48	35	16	
1335	48	35	16	
1336	48	35	16	
1337	48	35	16	
1338	48	35	16	
1339	48	35	16	
1340	48	35	16	
1341	48	35	16	
1342	48	35	16	
1343	48	35	16	
1344	48	35	16	
1345	48	35	16	
1346	48	35	16	
1347	48	35	16	
1348	48	35	16	
1349	48	35	16	
1350	48	35	16	
1351	48	35	16	
1352	48	35	16	
1353	48	35	16	
1354	34	29	37	
1355	34	29	37	
1356	34	29	37	
1357	34	29	37	
1358	34	29	37	
1359	34	29	37	
1360	34	29	37	
1361	34	29	37	
1362	19	22	11	
1363	19	22	11	
1364	19	22	11	
1365	36	34	29	
1366	36	34	29	
1367	36	34	29	
1368	36	34	29	
1369	36	34	29	
1370	36	34	29	
1371	36	34	29	
1372	36	34	29	
1373	36	34	29	
1374	36	34	29	
1375	17	13	15	
1376	17	13	15	
1377	17	13	15	
1378	17	13	15	
1379	17	13	15	
1380	17	13	15	
1381	17	13	15	
1382	17	13	15	
1383	17	13	15	
1384	17	13	15	
1385	13	32	45	
1386	13	32	45	
1387	13	32	45	
1388	13	31	25	
1389	36	14	44	
1390	36	14	44	
1391	36	14	44	
1392	36	14	44	
1393	36	14	44	
1394	36	14	44	
1395	36	14	44	
1396	36	14	44	
1397	36	14	44	
1398	36	14	44	
1399	36	14	44	
1400	36	14	44	
1401	36	14	44	
1402	36	14	44	
1403	36	14	44	
1404	36	14	44	
1405	36	14	44	
1406	36	14	44	
1407	36	14	44	
1408	36	14	44	
1409	36	14	44	
1410	26	24	28	
1411	26	24	28	
1412	26	24	28	
1413	26	24	28	
1414	48	35	16	
1415	48	35	16	
1416	48	35	16	
1417	48	35	16	
1418	48	35	16	
1419	48	35	16	
1420	48	35	16	
1421	48	35	16	
1422	48	35	16	
1423	48	35	16	
1424	48	35	16	
1425	48	35	16	
1426	48	35	16	
1427	48	35	16	
1428	48	35	16	
1429	48	35	16	
1430	48	35	16	
1431	48	35	16	
1432	48	35	16	
1433	48	35	16	
1434	34	29	37	
1435	34	29	37	
1436	34	29	37	
1437	34	29	37	
1438	34	29	37	
1439	34	29	37	
1440	34	29	37	
1441	34	29	37	
1442	19	22	11	
1443	19	22	11	
1444	19	22	11	
1445	36	34	29	
1446	36	34	29	
1447	36	34	29	
1448	36	34	29	
1449	36	34	29	
1450	36	34	29	
1451	36	34	29	
1452	36	34	29	
1453	36	34	29	
1454	36	34	29	
1455	17	13	15	
1456	17	13	15	
1457	17	13	15	
1458	17	13	15	
1459	17	13	15	
1460	17	13	15	
1461	17	13	15	
1462	17	13	15	
1463	17	13	15	
1464	17	13	15	
1465	13	32	45	
1466	13	32	45	
1467	13	32	45	
1468	13	31	25	
1469	36	14	44	
1470	36	14	44	
1471	36	14	44	
1472	36	14	44	
1473	36	14	44	
1474	36	14	44	
1475	36	14	44	
1476	36	14	44	
1477	36	14	44	
1478	36	14	44	
1479	36	14	44	
1480	36	14	44	
1481	36	14	44	
1482	36	14	44	
1483	36	14	44	
1484	36	14	44	
1485	36	14	44	
1486	36	14	44	
1487	36	14	44	
1488	36	14	44	
1489	36	14	44	
1490	26	24	28	
1491	26	24	28	
1492	26	24	28	
1493	26	24	28	
1494	48	35	16	
1495	48	35	16	
1496	48	35	16	
1497	48	35	16	
1498	48	35	16	
1499	48	35	16	
1500	48	35	16	
1501	48	35	16	
1502	48	35	16	
1503	48	35	16	
1504	48	35	16	
1505	48	35	16	
1506	48	35	16	
1507	48	35	16	
1508	48	35	16	
1509	48	35	16	
1510	48	35	16	
1511	48	35	16	
1512	48	35	16	
1513	48	35	16	
1514	34	29	37	
1515	34	29	37	
1516	34	29	37	
1517	34	29	37	
1518	34	29	37	
1519	34	29	37	
1520	34	29	37	
1521	34	29	37	
1522	19	22	11	
1523	19	22	11	
1524	19	22	11	
1525	36	34	29	
1526	36	34	29	
1527	36	34	29	
1528	36	34	29	
1529	36	34	29	
1530	36	34	29	
1531	36	34	29	
1532	36	34	29	
1533	36	34	29	
1534	36	34	29	
1535	17	13	15	
1536	17	13	15	
1537	17	13	15	
1538	17	13	15	
1539	17	13	15	
1540	17	13	15	
1541	17	13	15	
1542	17	13	15	
1543	17	13	15	
1544	17	13	15	
1545	13	32	45	
1546	13	32	45	
1547	13	32	45	
1548	13	31	25	
1549	17	38	58	
1550	17	38	58	
1551	17	38	58	
1552	17	38	58	
1553	17	38	58	
1554	17	38	58	
1555	17	38	58	
1556	17	38	58	
1557	17	38	58	
1558	17	38	58	
1559	17	38	58	
1560	17	38	58	
1561	17	38	58	
1562	17	38	58	
1563	17	58	38	
1564	17	58	38	
1565	17	58	38	
1566	17	58	38	
1567	17	58	38	
1568	17	58	38	
1569	17	58	38	
1570	17	58	38	
1571	17	58	38	
1572	17	58	38	
1573	17	58	38	
1574	17	58	38	
1575	17	58	38	
1576	17	58	38	
1577	20	19	26	
1578	20	19	26	
1579	20	19	26	
1580	20	23	25	
1581	20	23	25	
1582	20	23	25	
1583	20	23	25	
1584	20	23	25	
1585	20	23	25	
1586	17	18	20	
1587	17	18	20	
1588	17	18	20	
1589	17	18	20	
1590	17	18	20	
1591	17	18	20	
1592	17	18	20	
1593	17	18	19	
1594	17	18	19	
1595	17	18	19	
1596	17	18	19	
1597	17	18	19	
1598	17	18	19	
1599	17	18	19	
1600	30	29	26	
1601	30	29	26	
1602	26	23	45	
1603	26	23	45	
1604	26	23	45	
1605	39	18	56	
1606	39	18	56	
1607	39	18	56	
1608	23	23	17	
1609	23	23	17	
1610	23	23	17	
1611	23	23	17	
1612	23	23	17	
1613	23	23	17	
1614	23	23	17	
1615	23	23	17	
1616	23	23	17	
1617	23	23	17	
1618	23	23	17	
1619	23	23	17	
1620	23	23	17	
1621	23	23	17	
1622	23	23	17	
1623	23	23	17	
1624	23	23	17	
1625	23	23	17	
1626	23	23	17	
1627	23	23	17	
1628	23	23	17	
1629	23	23	17	
1630	23	23	17	
1631	23	23	17	
1632	23	23	17	
1633	23	23	17	
1634	23	23	17	
1635	23	23	17	
1636	45	23	14	
1637	20	19	26	
1638	20	19	26	
1639	20	19	26	
1640	14	19	26	
1641	14	19	26	
1642	14	19	26	
1643	45	23	14	
1644	33	45	26	
1645	12	13	26	
1646	22	11	13	
1647	22	11	13	
1648	17	38	58	
1649	17	38	58	
1650	17	38	58	
1651	17	38	58	
1652	17	38	58	
1653	17	38	58	
1654	17	38	58	
1655	17	38	58	
1656	17	38	58	
1657	17	38	58	
1658	17	38	58	
1659	17	38	58	
1660	17	38	58	
1661	17	38	58	
1662	17	58	38	
1663	17	58	38	
1664	17	58	38	
1665	17	58	38	
1666	17	58	38	
1667	17	58	38	
1668	17	58	38	
1669	17	58	38	
1670	17	58	38	
1671	17	58	38	
1672	17	58	38	
1673	17	58	38	
1674	17	58	38	
1675	17	58	38	
1676	20	19	26	
1677	20	19	26	
1678	20	19	26	
1679	20	23	25	
1680	20	23	25	
1681	20	23	25	
1682	20	23	25	
1683	20	23	25	
1684	20	23	25	
1685	17	18	20	
1686	17	18	20	
1687	17	18	20	
1688	17	18	20	
1689	17	18	20	
1690	17	18	20	
1691	17	18	20	
1692	17	18	19	
1693	17	18	19	
1694	17	18	19	
1695	17	18	19	
1696	17	18	19	
1697	17	18	19	
1698	17	18	19	
1699	30	29	26	
1700	30	29	26	
1701	26	23	45	
1702	26	23	45	
1703	26	23	45	
1704	39	18	56	
1705	39	18	56	
1706	39	18	56	
1707	23	23	17	
1708	23	23	17	
1709	23	23	17	
1710	23	23	17	
1711	23	23	17	
1712	23	23	17	
1713	23	23	17	
1714	23	23	17	
1715	23	23	17	
1716	23	23	17	
1717	23	23	17	
1718	23	23	17	
1719	23	23	17	
1720	23	23	17	
1721	23	23	17	
1722	23	23	17	
1723	23	23	17	
1724	23	23	17	
1725	23	23	17	
1726	23	23	17	
1727	23	23	17	
1728	23	23	17	
1729	23	23	17	
1730	23	23	17	
1731	23	23	17	
1732	23	23	17	
1733	23	23	17	
1734	23	23	17	
1735	45	23	14	
1736	20	19	26	
1737	20	19	26	
1738	20	19	26	
1739	14	19	26	
1740	14	19	26	
1741	14	19	26	
1742	45	23	14	
1743	33	45	26	
1744	12	13	26	
1745	22	11	13	
1746	22	11	13	
1747	17	38	58	
1748	17	38	58	
1749	17	38	58	
1750	17	38	58	
1751	17	38	58	
1752	17	38	58	
1753	17	38	58	
1754	17	38	58	
1755	17	38	58	
1756	17	38	58	
1757	17	38	58	
1758	17	38	58	
1759	17	38	58	
1760	17	38	58	
1761	17	58	38	
1762	17	58	38	
1763	17	58	38	
1764	17	58	38	
1765	17	58	38	
1766	17	58	38	
1767	17	58	38	
1768	17	58	38	
1769	17	58	38	
1770	17	58	38	
1771	17	58	38	
1772	17	58	38	
1773	17	58	38	
1774	17	58	38	
1775	20	19	26	
1776	20	19	26	
1777	20	19	26	
1778	20	23	25	
1779	20	23	25	
1780	20	23	25	
1781	20	23	25	
1782	20	23	25	
1783	20	23	25	
1784	17	18	20	
1785	17	18	20	
1786	17	18	20	
1787	17	18	20	
1788	17	18	20	
1789	17	18	20	
1790	17	18	20	
1791	17	18	19	
1792	17	18	19	
1793	17	18	19	
1794	17	18	19	
1795	17	18	19	
1796	17	18	19	
1797	17	18	19	
1798	30	29	26	
1799	30	29	26	
1800	26	23	45	
1801	26	23	45	
1802	26	23	45	
1803	39	18	56	
1804	39	18	56	
1805	39	18	56	
1806	23	23	17	
1807	23	23	17	
1808	23	23	17	
1809	23	23	17	
1810	23	23	17	
1811	23	23	17	
1812	23	23	17	
1813	23	23	17	
1814	23	23	17	
1815	23	23	17	
1816	23	23	17	
1817	23	23	17	
1818	23	23	17	
1819	23	23	17	
1820	23	23	17	
1821	23	23	17	
1822	23	23	17	
1823	23	23	17	
1824	23	23	17	
1825	23	23	17	
1826	23	23	17	
1827	23	23	17	
1828	23	23	17	
1829	23	23	17	
1830	23	23	17	
1831	23	23	17	
1832	23	23	17	
1833	23	23	17	
1834	45	23	14	
1835	20	19	26	
1836	20	19	26	
1837	20	19	26	
1838	14	19	26	
1839	14	19	26	
1840	14	19	26	
1841	45	23	14	
1842	33	45	26	
1843	12	13	26	
1844	22	11	13	
1845	22	11	13	
1846	17	38	58	
1847	17	38	58	
1848	17	38	58	
1849	17	38	58	
1850	17	38	58	
1851	17	38	58	
1852	17	38	58	
1853	17	38	58	
1854	17	38	58	
1855	17	38	58	
1856	17	38	58	
1857	17	38	58	
1858	17	38	58	
1859	17	38	58	
1860	17	58	38	
1861	17	58	38	
1862	17	58	38	
1863	17	58	38	
1864	17	58	38	
1865	17	58	38	
1866	17	58	38	
1867	17	58	38	
1868	17	58	38	
1869	17	58	38	
1870	17	58	38	
1871	17	58	38	
1872	17	58	38	
1873	17	58	38	
1874	20	19	26	
1875	20	19	26	
1876	20	19	26	
1877	20	23	25	
1878	20	23	25	
1879	20	23	25	
1880	20	23	25	
1881	20	23	25	
1882	20	23	25	
1883	17	18	20	
1884	17	18	20	
1885	17	18	20	
1886	17	18	20	
1887	17	18	20	
1888	17	18	20	
1889	17	18	20	
1890	17	18	19	
1891	17	18	19	
1892	17	18	19	
1893	17	18	19	
1894	17	18	19	
1895	17	18	19	
1896	17	18	19	
1897	30	29	26	
1898	30	29	26	
1899	26	23	45	
1900	26	23	45	
1901	26	23	45	
1902	39	18	56	
1903	39	18	56	
1904	39	18	56	
1905	23	23	17	
1906	23	23	17	
1907	23	23	17	
1908	23	23	17	
1909	23	23	17	
1910	23	23	17	
1911	23	23	17	
1912	23	23	17	
1913	23	23	17	
1914	23	23	17	
1915	23	23	17	
1916	23	23	17	
1917	23	23	17	
1918	23	23	17	
1919	23	23	17	
1920	23	23	17	
1921	23	23	17	
1922	23	23	17	
1923	23	23	17	
1924	23	23	17	
1925	23	23	17	
1926	23	23	17	
1927	23	23	17	
1928	23	23	17	
1929	23	23	17	
1930	23	23	17	
1931	23	23	17	
1932	23	23	17	
1933	45	23	14	
1934	20	19	26	
1935	20	19	26	
1936	20	19	26	
1937	14	19	26	
1938	14	19	26	
1939	14	19	26	
1940	45	23	14	
1941	33	45	26	
1942	12	13	26	
1943	22	11	13	
1944	22	11	13	
1945	17	38	56	
1946	17	38	56	
1947	17	38	56	
1948	17	38	56	
1949	17	38	56	
1950	17	38	56	
1951	17	38	56	
1952	17	38	56	
1953	17	38	56	
1954	17	38	56	
1955	17	38	56	
1956	17	38	56	
1957	17	38	56	
1958	17	38	56	
1959	41	23	62	
1960	41	23	62	
1961	29	37	34	
1962	29	37	34	
1963	29	37	34	
1964	29	37	34	
1965	29	37	34	
1966	29	37	34	
1967	29	37	34	
1968	29	37	34	
1969	29	37	34	
1970	29	37	34	
1971	29	37	34	
1972	29	37	34	
1973	17	38	56	
1974	17	38	56	
1975	17	38	56	
1976	17	38	56	
1977	17	38	56	
1978	17	38	56	
1979	17	38	56	
1980	22	23	24	
1981	22	23	24	
1982	22	23	24	
1983	22	23	24	
1984	23	18	24	
1985	23	18	24	
1986	23	18	24	
1987	23	18	24	
1988	60	23	25	
1989	20	23	23	
1990	20	23	23	
1991	20	23	23	
1992	25	23	46	
1993	23	38	24	
1994	23	38	24	
1995	18	19	15	
1996	18	19	15	
1997	18	19	15	
1998	18	19	15	
1999	18	19	15	
2000	18	19	15	
2001	18	19	15	
2002	18	19	15	
2003	18	19	15	
2004	18	19	15	
2005	18	19	15	
2006	18	19	15	
2007	18	19	15	
2008	18	19	15	
2009	18	19	15	
2010	18	19	15	
2011	15	19	18	
2012	15	19	18	
2013	15	19	18	
2014	15	19	18	
2015	15	19	18	
2016	15	19	18	
2017	38	24	22	
2018	26	23	45	
2019	34	24	25	
2020	33	24	41	
2021	26	22	24	
2022	26	22	24	
2023	26	22	24	
2024	23	38	18	
2025	22	18	23	
2026	22	18	23	
2027	22	18	23	
2028	22	18	23	
2029	22	18	23	
2030	22	18	23	
2031	22	18	23	
2032	22	18	23	
2033	22	18	23	
2034	22	18	23	
2035	22	18	23	
2036	22	18	23	
2037	22	18	23	
2038	22	18	23	
2039	22	18	23	
2040	17	38	56	
2041	17	38	56	
2042	17	38	56	
2043	17	38	56	
2044	17	38	56	
2045	17	38	56	
2046	17	38	56	
2047	17	38	56	
2048	17	38	56	
2049	17	38	56	
2050	17	38	56	
2051	17	38	56	
2052	17	38	56	
2053	17	38	56	
2054	38	17	58	
2055	38	17	58	
2056	17	38	56	
2057	17	38	56	
2058	17	38	56	
2059	17	38	56	
2060	17	38	56	
2061	17	38	56	
2062	17	38	56	
2063	17	38	56	
2064	17	38	56	
2065	17	38	56	
2066	17	38	56	
2067	17	38	56	
2068	17	38	56	
2069	17	38	56	
2070	26	17	33	
2071	58	38	17	
2072	58	38	17	
2073	58	38	17	
2074	58	38	17	
2075	58	38	17	
2076	58	38	17	
2077	58	38	17	
2078	58	38	17	
2079	44	36	14	
2080	44	36	14	
2081	44	36	14	
2082	44	36	14	
2083	21	17	16	
2084	21	17	16	
2085	17	17	31	
2086	17	17	31	
2087	17	17	31	
2088	17	17	31	
2089	18	14	28	
2090	26	21	14	
2091	26	21	14	
2092	14	20	14	
2093	14	20	14	
2094	20	14	14	
2095	16	13	20	
2096	22	18	23	
2097	22	18	23	
2098	22	18	23	
2099	22	18	23	
2100	22	18	23	
2101	22	18	23	
2102	22	18	23	
2103	22	18	23	
2104	22	18	23	
2105	22	18	23	
2106	22	18	23	
2107	22	18	23	
2108	22	18	23	
2109	22	18	23	
2110	22	18	23	
2111	17	38	56	
2112	17	38	56	
2113	17	38	56	
2114	17	38	56	
2115	17	38	56	
2116	17	38	56	
2117	17	38	56	
2118	17	38	56	
2119	17	38	56	
2120	17	38	56	
2121	17	38	56	
2122	17	38	56	
2123	17	38	56	
2124	17	38	56	
2125	38	17	58	
2126	38	17	58	
2127	17	38	56	
2128	17	38	56	
2129	17	38	56	
2130	17	38	56	
2131	17	38	56	
2132	17	38	56	
2133	17	38	56	
2134	17	38	56	
2135	17	38	56	
2136	17	38	56	
2137	17	38	56	
2138	17	38	56	
2139	17	38	56	
2140	17	38	56	
2141	26	17	33	
2142	58	38	17	
2143	58	38	17	
2144	58	38	17	
2145	58	38	17	
2146	58	38	17	
2147	58	38	17	
2148	58	38	17	
2149	58	38	17	
2150	44	36	14	
2151	44	36	14	
2152	44	36	14	
2153	44	36	14	
2154	21	17	16	
2155	21	17	16	
2156	17	17	31	
2157	17	17	31	
2158	17	17	31	
2159	17	17	31	
2160	18	14	28	
2161	26	21	14	
2162	26	21	14	
2163	14	20	14	
2164	14	20	14	
2165	20	14	14	
2166	16	13	20	
2167	17	58	38	
2168	17	58	38	
2169	17	58	38	
2170	17	58	38	
2171	17	58	38	
2172	17	58	38	
2173	17	58	38	
2174	17	58	38	
2175	17	58	38	
2176	17	58	38	
2177	17	58	38	
2178	17	58	38	
2179	17	58	38	
2180	17	58	38	
2181	17	58	38	
2182	17	58	38	
2183	17	58	38	
2184	17	58	38	
2185	17	58	38	
2186	17	58	38	
2187	17	58	38	
2188	17	39	58	
2189	17	39	58	
2190	17	39	58	
2191	17	39	58	
2192	17	39	58	
2193	17	39	58	
2194	17	39	58	
2195	17	39	58	
2196	33	39	37	
2197	33	39	37	
2198	26	33	45	
2199	32	25	44	
2200	26	33	45	
2201	20	25	22	
2202	20	25	22	
2203	49	29	35	
2204	49	29	35	
2205	52	40	16	
2206	16	40	54	
2207	16	40	54	
2208	16	40	54	
2209	18	47	27	
2210	16	20	13	
2211	48	35	16	
2212	16	21	12	
2213	29	34	37	
2214	29	34	37	
2215	19	15	18	
2216	19	15	18	
2217	19	15	18	
2218	19	15	18	
2219	19	20	15	
2220	19	20	15	
2221	19	20	15	
2222	19	20	15	
2223	14	20	14	
2224	17	58	38	
2225	17	58	38	
2226	17	58	38	
2227	17	58	38	
2228	17	58	38	
2229	17	58	38	
2230	17	58	38	
2231	17	58	38	
2232	17	58	38	
2233	17	58	38	
2234	17	58	38	
2235	17	58	38	
2236	17	58	38	
2237	17	58	38	
2238	17	58	38	
2239	17	58	38	
2240	17	58	38	
2241	17	58	38	
2242	17	58	38	
2243	17	58	38	
2244	17	58	38	
2245	17	39	58	
2246	17	39	58	
2247	17	39	58	
2248	17	39	58	
2249	17	39	58	
2250	17	39	58	
2251	17	39	58	
2252	17	39	58	
2253	33	39	37	
2254	33	39	37	
2255	26	33	45	
2256	32	25	44	
2257	26	33	45	
2258	20	25	22	
2259	20	25	22	
2260	49	29	35	
2261	49	29	35	
2262	52	40	16	
2263	16	40	54	
2264	16	40	54	
2265	16	40	54	
2266	18	47	27	
2267	16	20	13	
2268	48	35	16	
2269	16	21	12	
2270	29	34	37	
2271	29	34	37	
2272	19	15	18	
2273	19	15	18	
2274	19	15	18	
2275	19	15	18	
2276	19	20	15	
2277	19	20	15	
2278	19	20	15	
2279	19	20	15	
2280	14	20	14	
2281	56	38	17	
2282	56	38	17	
2283	56	38	17	
2284	56	38	17	
2285	56	38	17	
2286	56	38	17	
2287	56	38	17	
2288	56	38	17	
2289	56	38	17	
2290	56	38	17	
2291	56	38	17	
2292	56	38	17	
2293	56	38	17	
2294	56	38	17	
2295	56	38	17	
2296	56	38	17	
2297	56	38	17	
2298	56	38	17	
2299	56	38	17	
2300	56	38	17	
2301	56	38	17	
2302	56	38	17	
2303	56	38	17	
2304	56	38	17	
2305	56	38	17	
2306	56	38	17	
2307	56	38	17	
2308	20	24	29	
2309	20	24	29	
2310	40	11	60	
2311	40	11	60	
2312	20	19	16	
2313	20	19	16	
2314	40	16	54	
2315	27	24	25	
2316	27	24	25	
2317	27	24	24	
2318	27	23	39	
2319	27	23	39	
2320	31	38	31	
2321	31	38	31	
2322	58	38	17	
2323	58	38	17	
2324	56	38	17	
2325	56	38	17	
2326	56	38	17	
2327	56	38	17	
2328	56	38	17	
2329	25	24	19	
2330	25	20	19	
2331	25	20	19	
2332	25	20	19	
2333	19	20	26	
2334	19	20	16	
2335	18	20	17	
2336	27	23	39	
2337	27	23	39	
2338	27	21	17	
2339	27	21	17	
2340	26	16	16	
2341	26	16	16	
2342	26	16	16	
0	1	2	3	4	5	6	7	8	9	10	11	12	13	14	15	16	17	18	19	20	21	22	23	24	25	26	27	28	29	30	31	32	33	34	35	36	37	38	39	40	41	42	43	44	45	46	47	48	49	50	51	52	53	54	55	56	57	58	59	60	61	62	63	64	65	66	67	68	69	70	71	72	73	74	75	76	77	78	79	80	81	82	83	84	85	86	87	88	89	90	91	92	93	94	95	96	97	98	99	100	101	102	103	104	105	106	107	108	109	110	111	112	113	114	115	116	117	118	119	120	121	122	123	124	125	126	127	128	129	130	131	132	133	134	135	136	137	138	139	140	141	142	143	144	145	146	147	148	149	150	151	152	153	154	155	156	157	158	159	160	161	162	163	164	165	166	167	168	169	170	171	172	173	174	175	176	177	178	179	180	181	182	183	184	185	186	187	188	189	190	191	192	193	194	195	196	197	198	199	200	201	202	203	204	205	206	207	208	209	210	211	212	213	214	215	216	217	218	219	220	221	222	223	224	225	226	227	228	229	230	231	232	233	234	235	236	237	238	239	240	241	242	243	244	245	246	247	248	249	250	251	252	253	254	255	256	257	258	259	260	261	262	263	264	265	266	267	268	269	270	271	272	273	274	275	276	277	278	279	280	281	282	283	284	285	286	287	288	289	290	291	292	293	294	295	296	297	298	299	300	301	302	303	304	305	306	307	308	309	310	311	312	313	314	315	316	317	318	319	320	321	322	323	324	325	326	327	328	329	330	331	332	333	334	335	336	337	338	339	340	341	342	343	344	345	346	347	348	349	350	351	352	353	354	355	356	357	358	359	360	361	362	363	364	365	366	367	368	369	370	371	372	373	374	375	376	377	378	379	380	381	382	383	384	385	386	387	388	389	390	391	392	393	394	395	396	397	398	399	400	401	402	403	404	405	406	407	408	409	410	411	412	413	414	415	416	417	418	419	420	421	422	423	424	425	426	427	428	429	430	431	432	433	434	435	436	437	438	439	440	441	442	443	444	445	446	447	448	449	450	451	452	453	454	455	456	457	458	459	460	461	462	463	464	465	466	467	468	469	470	471	472	473	474	475	476	477	478	479	480	481	482	483	484	485	486	487	488	489	490	491	492	493	494	495	496	497	498	499	500	501	502	503	504	505	506	507	508	509	510	511	512	513	514	515	516	517	518	519	520	521	522	523	524	525	526	527	528	529	530	531	532	533	534	535	536	537	538	539	540	541	542	543	544	545	546	547	548	549	550	551	552	553	554	555	556	557	558	559	560	561	562	563	564	565	566	567	568	569	570	571	572	573	574	575	576	577	578	579	580	581	582	583	584	585	586	587	588	589	590	591	592	593	594	595	596	597	598	599	600	601	602	603	604	605	606	607	608	609	610	611	612	613	614	615	616	617	618	619	620	621	622	623	624	625	626	627	628	629	630	631	632	633	634	635	636	637	638	639	640	641	642	643	644	645	646	647	648	649	650	651	652	653	654	655	656	657	658	659	660	661	662	663	664	665	666	667	668	669	670	671	672	673	674	675	676	677	678	679	680	681	682	683	684	685	686	687	688	689	690	691	692	693	694	695	696	697	698	699	700	701	702	703	704	705	706	707	708	709	710	711	712	713	714	715	716	717	718	719	720	721	722	723	724	725	726	727	728	729	730	731	732	733	734	735	736	737	738	739	740	741	742	743	744	745	746	747	748	749	750	751	752	753	754	755	756	757	758	759	760	761	762	763	764	765	766	767	768	769	770	771	772	773	774	775	776	777	778	779	780	781	782	783	784	785	786	787	788	789	790	791	792	793	794	795	796	797	798	799	800	801	802	803	804	805	806	807	808	809	810	811	812	813	814	815	816	817	818	819	820	821	822	823	824	825	826	827	828	829	830	831	832	833	834	835	836	837	838	839	840	841	842	843	844	845	846	847	848	849	850	851	852	853	854	855	856	857	858	859	860	861	862	863	864	865	866	867	868	869	870	871	872	873	874	875	876	877	878	879	880	881	882	883	884	885	886	887	888	889	890	891	892	893	894	895	896	897	898	899	900	901	902	903	904	905	906	907	908	909	910	911	912	913	914	915	916	917	918	919	920	921	922	923	924	925	926	927	928	929	930	931	932	933	934	935	936	937	938	939	940	941	942	943	944	945	946	947	948	949	950	951	952	953	954	955	956	957	958	959	960	961	962	963	964	965	966	967	968	969	970	971	972	973	974	975	976	977	978	979	980	981	982	983	984	985	986	987	988	989	990	991	992	993	994	995	996	997	998	999	1000	1001	1002	1003	1004	1005	1006	1007	1008	1009	1010	1011	1012	1013	1014	1015	1016	1017	1018	1019	1020	1021	1022	1023	1024	1025	1026	1027	1028	1029	1030	1031	1032	1033	1034	1035	1036	1037	1038	1039	1040	1041	1042	1043	1044	1045	1046	1047	1048	1049	1050	1051	1052	1053	1054	1055	1056	1057	1058	1059	1060	1061	1062	1063	1064	1065	1066	1067	1068	1069	1070	1071	1072	1073	1074	1075	1076	1077	1078	1079	1080	1081	1082	1083	1084	1085	1086	1087	1088	1089	1090	1091	1092	1093	1094	1095	1096	1097	1098	1099	1100	1101	1102	1103	1104	1105	1106	1107	1108	1109	1110	1111	1112	1113	1114	1115	1116	1117	1118	1119	1120	1121	1122	1123	1124	1125	1126	1127	1128	1129	1130	1131	1132	1133	1134	1135	1136	1137	1138	1139	1140	1141	1142	1143	1144	1145	1146	1147	1148	1149	1150	1151	1152	1153	1154	1155	1156	1157	1158	1159	1160	1161	1162	1163	1164	1165	1166	1167	1168	1169	1170	1171	1172	1173	1174	1175	1176	1177	1178	1179	1180	1181	1182	1183	1184	1185	1186	1187	1188	1189	1190	1191	1192	1193	1194	1195	1196	1197	1198	1199	1200	1201	1202	1203	1204	1205	1206	1207	1208	1209	1210	1211	1212	1213	1214	1215	1216	1217	1218	1219	1220	1221	1222	1223	1224	1225	1226	1227	1228	1229	1230	1231	1232	1233	1234	1235	1236	1237	1238	1239	1240	1241	1242	1243	1244	1245	1246	1247	1248	1249	1250	1251	1252	1253	1254	1255	1256	1257	1258	1259	1260	1261	1262	1263	1264	1265	1266	1267	1268	1269	1270	1271	1272	1273	1274	1275	1276	1277	1278	1279	1280	1281	1282	1283	1284	1285	1286	1287	1288	1289	1290	1291	1292	1293	1294	1295	1296	1297	1298	1299	1300	1301	1302	1303	1304	1305	1306	1307	1308	1309	1310	1311	1312	1313	1314	1315	1316	1317	1318	1319	1320	1321	1322	1323	1324	1325	1326	1327	1328	1329	1330	1331	1332	1333	1334	1335	1336	1337	1338	1339	1340	1341	1342	1343	1344	1345	1346	1347	1348	1349	1350	1351	1352	1353	1354	1355	1356	1357	1358	1359	1360	1361	1362	1363	1364	1365	1366	1367	1368	1369	1370	1371	1372	1373	1374	1375	1376	1377	1378	1379	1380	1381	1382	1383	1384	1385	1386	1387	1388	1389	1390	1391	1392	1393	1394	1395	1396	1397	1398	1399	1400	1401	1402	1403	1404	1405	1406	1407	1408	1409	1410	1411	1412	1413	1414	1415	1416	1417	1418	1419	1420	1421	1422	1423	1424	1425	1426	1427	1428	1429	1430	1431	1432	1433	1434	1435	1436	1437	1438	1439	1440	1441	1442	1443	1444	1445	1446	1447	1448	1449	1450	1451	1452	1453	1454	1455	1456	1457	1458	1459	1460	1461	1462	1463	1464	1465	1466	1467	1468	1469	1470	1471	1472	1473	1474	1475	1476	1477	1478	1479	1480	1481	1482	1483	1484	1485	1486	1487	1488	1489	1490	1491	1492	1493	1494	1495	1496	1497	1498	1499	1500	1501	1502	1503	1504	1505	1506	1507	1508	1509	1510	1511	1512	1513	1514	1515	1516	1517	1518	1519	1520	1521	1522	1523	1524	1525	1526	1527	1528	1529	1530	1531	1532	1533	1534	1535	1536	1537	1538	1539	1540	1541	1542	1543	1544	1545	1546	1547	1548	1549	1550	1551	1552	1553	1554	1555	1556	1557	1558	1559	1560	1561	1562	1563	1564	1565	1566	1567	1568	1569	1570	1571	1572	1573	1574	1575	1576	1577	1578	1579	1580	1581	1582	1583	1584	1585	1586	1587	1588	1589	1590	1591	1592	1593	1594	1595	1596	1597	1598	1599	1600	1601	1602	1603	1604	1605	1606	1607	1608	1609	1610	1611	1612	1613	1614	1615	1616	1617	1618	1619	1620	1621	1622	1623	1624	1625	1626	1627	1628	1629	1630	1631	1632	1633	1634	1635	1636	1637	1638	1639	1640	1641	1642	1643	1644	1645	1646	1647	1648	1649	1650	1651	1652	1653	1654	1655	1656	1657	1658	1659	1660	1661	1662	1663	1664	1665	1666	1667	1668	1669	1670	1671	1672	1673	1674	1675	1676	1677	1678	1679	1680	1681	1682	1683	1684	1685	1686	1687	1688	1689	1690	1691	1692	1693	1694	1695	1696	1697	1698	1699	1700	1701	1702	1703	1704	1705	1706	1707	1708	1709	1710	1711	1712	1713	1714	1715	1716	1717	1718	1719	1720	1721	1722	1723	1724	1725	1726	1727	1728	1729	1730	1731	1732	1733	1734	1735	1736	1737	1738	1739	1740	1741	1742	1743	1744	1745	1746	1747	1748	1749	1750	1751	1752	1753	1754	1755	1756	1757	1758	1759	1760	1761	1762	1763	1764	1765	1766	1767	1768	1769	1770	1771	1772	1773	1774	1775	1776	1777	1778	1779	1780	1781	1782	1783	1784	1785	1786	1787	1788	1789	1790	1791	1792	1793	1794	1795	1796	1797	1798	1799	1800	1801	1802	1803	1804	1805	1806	1807	1808	1809	1810	1811	1812	1813	1814	1815	1816	1817	1818	1819	1820	1821	1822	1823	1824	1825	1826	1827	1828	1829	1830	1831	1832	1833	1834	1835	1836	1837	1838	1839	1840	1841	1842	1843	1844	1845	1846	1847	1848	1849	1850	1851	1852	1853	1854	1855	1856	1857	1858	1859	1860	1861	1862	1863	1864	1865	1866	1867	1868	1869	1870	1871	1872	1873	1874	1875	1876	1877	1878	1879	1880	1881	1882	1883	1884	1885	1886	1887	1888	1889	1890	1891	1892	1893	1894	1895	1896	1897	1898	1899	1900	1901	1902	1903	1904	1905	1906	1907	1908	1909	1910	1911	1912	1913	1914	1915	1916	1917	1918	1919	1920	1921	1922	1923	1924	1925	1926	1927	1928	1929	1930	1931	1932	1933	1934	1935	1936	1937	1938	1939	1940	1941	1942	1943	1944	1945	1946	1947	1948	1949	1950	1951	1952	1953	1954	1955	1956	1957	1958	1959	1960	1961	1962	1963	1964	1965	1966	1967	1968	1969	1970	1971	1972	1973	1974	1975	1976	1977	1978	1979	1980	1981	1982	1983	1984	1985	1986	1987	1988	1989	1990	1991	1992	1993	1994	1995	1996	1997	1998	1999	2000	2001	2002	2003	2004	2005	2006	2007	2008	2009	2010	2011	2012	2013	2014	2015	2016	2017	2018	2019	2020	2021	2022	2023	2024	2025	2026	2027	2028	2029	2030	2031	2032	2033	2034	2035	2036	2037	2038	2039	2040	2041	2042	2043	2044	2045	2046	2047	2048	2049	2050	2051	2052	2053	2054	2055	2056	2057	2058	2059	2060	2061	2062	2063	2064	2065	2066	2067	2068	2069	2070	2071	2072	2073	2074	2075	2076	2077	2078	2079	2080	2081	2082	2083	2084	2085	2086	2087	2088	2089	2090	2091	2092	2093	2094	2095	2096	2097	2098	2099	2100	2101	2102	2103	2104	2105	2106	2107	2108	2109	2110	2111	2112	2113	2114	2115	2116	2117	2118	2119	2120	2121	2122	2123	2124	2125	2126	2127	2128	2129	2130	2131	2132	2133	2134	2135	2136	2137	2138	2139	2140	2141	2142	2143	2144	2145	2146	2147	2148	2149	2150	2151	2152	2153	2154	2155	2156	2157	2158	2159	2160	2161	2162	2163	2164	2165	2166	2167	2168	2169	2170	2171	2172	2173	2174	2175	2176	2177	2178	2179	2180	2181	2182	2183	2184	2185	2186	2187	2188	2189	2190	2191	2192	2193	2194	2195	2196	2197	2198	2199	2200	2201	2202	2203	2204	2205	2206	2207	2208	2209	2210	2211	2212	2213	2214	2215	2216	2217	2218	2219	2220	2221	2222	2223	2224	2225	2226	2227	2228	2229	2230	2231	2232	2233	2234	2235	2236	2237	2238	2239	2240	2241	2242	2243	2244	2245	2246	2247	2248	2249	2250	2251	2252	2253	2254	2255	2256	2257	2258	2259	2260	2261	2262	2263	2264	2265	2266	2267	2268	2269	2270	2271	2272	2273	2274	2275	2276	2277	2278	2279	2280	2281	2282	2283	2284	2285	2286	2287	2288	2289	2290	2291	2292	2293	2294	2295	2296	2297	2298	2299	2300	2301	2302	2303	2304	2305	2306	2307	2308	2309	2310	2311	2312	2313	2314	2315	2316	2317	2318	2319	2320	2321	2322	2323	2324	2325	2326	2327	2328	2329	2330	2331	2332	2333	2334	2335	2336	2337	2338	2339	2340	2341	2342	
