2503
120	100	160
0	40	52	16	
1	40	52	16	
2	40	52	16	
3	40	52	16	
4	40	52	16	
5	40	52	16	
6	40	52	16	
7	40	52	16	
8	40	52	16	
9	40	52	16	
10	40	52	16	
11	40	52	16	
12	40	52	16	
13	40	52	16	
14	40	52	16	
15	40	52	16	
16	40	52	16	
17	40	52	16	
18	40	52	16	
19	40	52	16	
20	40	52	16	
21	40	52	16	
22	40	52	16	
23	40	52	16	
24	40	52	16	
25	40	52	16	
26	40	52	16	
27	40	52	16	
28	40	52	16	
29	40	52	16	
30	34	48	16	
31	34	48	16	
32	34	48	16	
33	34	48	16	
34	34	48	16	
35	34	48	16	
36	34	48	16	
37	34	48	16	
38	34	48	16	
39	34	48	16	
40	34	48	16	
41	34	48	16	
42	34	48	16	
43	34	48	16	
44	34	48	16	
45	34	48	16	
46	34	48	16	
47	34	48	16	
48	34	48	16	
49	34	48	16	
50	34	48	16	
51	34	48	16	
52	34	48	16	
53	34	48	16	
54	34	48	16	
55	34	48	16	
56	34	48	16	
57	34	48	16	
58	34	48	16	
59	34	48	16	
60	18	23	24	
61	18	23	24	
62	18	23	24	
63	18	23	24	
64	18	23	24	
65	18	23	24	
66	18	23	24	
67	18	23	24	
68	18	23	24	
69	18	23	24	
70	18	23	24	
71	18	23	24	
72	16	21	15	
73	16	21	15	
74	40	52	16	
75	40	52	16	
76	40	52	16	
77	40	52	16	
78	40	52	16	
79	40	52	16	
80	40	52	16	
81	40	52	16	
82	40	52	16	
83	40	52	16	
84	40	52	16	
85	40	52	16	
86	40	52	16	
87	40	52	16	
88	40	52	16	
89	40	52	16	
90	40	52	16	
91	40	52	16	
92	40	52	16	
93	40	52	16	
94	40	52	16	
95	40	52	16	
96	40	52	16	
97	40	52	16	
98	40	52	16	
99	40	52	16	
100	40	52	16	
101	40	52	16	
102	40	52	16	
103	40	52	16	
104	34	48	16	
105	34	48	16	
106	34	48	16	
107	34	48	16	
108	34	48	16	
109	34	48	16	
110	34	48	16	
111	34	48	16	
112	34	48	16	
113	34	48	16	
114	34	48	16	
115	34	48	16	
116	34	48	16	
117	34	48	16	
118	34	48	16	
119	34	48	16	
120	34	48	16	
121	34	48	16	
122	34	48	16	
123	34	48	16	
124	34	48	16	
125	34	48	16	
126	34	48	16	
127	34	48	16	
128	34	48	16	
129	34	48	16	
130	34	48	16	
131	34	48	16	
132	34	48	16	
133	34	48	16	
134	18	23	24	
135	18	23	24	
136	18	23	24	
137	18	23	24	
138	18	23	24	
139	18	23	24	
140	18	23	24	
141	18	23	24	
142	18	23	24	
143	18	23	24	
144	18	23	24	
145	18	23	24	
146	16	21	15	
147	16	21	15	
148	40	52	16	
149	40	52	16	
150	40	52	16	
151	40	52	16	
152	40	52	16	
153	40	52	16	
154	40	52	16	
155	40	52	16	
156	40	52	16	
157	40	52	16	
158	40	52	16	
159	40	52	16	
160	40	52	16	
161	40	52	16	
162	40	52	16	
163	40	52	16	
164	40	52	16	
165	40	52	16	
166	40	52	16	
167	40	52	16	
168	40	52	16	
169	40	52	16	
170	40	52	16	
171	40	52	16	
172	40	52	16	
173	40	52	16	
174	40	52	16	
175	40	52	16	
176	40	52	16	
177	40	52	16	
178	34	48	16	
179	34	48	16	
180	34	48	16	
181	34	48	16	
182	34	48	16	
183	34	48	16	
184	34	48	16	
185	34	48	16	
186	34	48	16	
187	34	48	16	
188	34	48	16	
189	34	48	16	
190	34	48	16	
191	34	48	16	
192	34	48	16	
193	34	48	16	
194	34	48	16	
195	34	48	16	
196	34	48	16	
197	34	48	16	
198	34	48	16	
199	34	48	16	
200	34	48	16	
201	34	48	16	
202	34	48	16	
203	34	48	16	
204	34	48	16	
205	34	48	16	
206	34	48	16	
207	34	48	16	
208	18	23	24	
209	18	23	24	
210	18	23	24	
211	18	23	24	
212	18	23	24	
213	18	23	24	
214	18	23	24	
215	18	23	24	
216	18	23	24	
217	18	23	24	
218	18	23	24	
219	18	23	24	
220	16	21	15	
221	16	21	15	
222	24	30	10	
223	24	30	10	
224	24	30	10	
225	24	30	10	
226	24	30	10	
227	24	30	10	
228	24	30	10	
229	24	30	10	
230	24	30	10	
231	24	30	10	
232	24	30	10	
233	24	30	10	
234	24	30	10	
235	24	30	10	
236	24	30	10	
237	24	30	10	
238	24	30	10	
239	24	30	10	
240	24	30	10	
241	24	30	10	
242	24	30	10	
243	24	30	10	
244	24	30	10	
245	24	30	10	
246	24	30	10	
247	24	30	10	
248	24	30	10	
249	24	30	10	
250	24	30	10	
251	24	30	10	
252	24	30	10	
253	24	30	10	
254	24	30	10	
255	24	30	10	
256	24	30	10	
257	24	30	10	
258	24	30	10	
259	24	30	10	
260	24	30	10	
261	24	30	10	
262	24	30	10	
263	24	30	10	
264	24	30	10	
265	24	30	10	
266	24	30	10	
267	24	30	10	
268	24	30	10	
269	24	30	10	
270	24	30	10	
271	24	30	10	
272	24	30	10	
273	24	30	10	
274	24	30	10	
275	24	30	10	
276	24	30	10	
277	24	30	10	
278	24	30	10	
279	24	30	10	
280	24	30	10	
281	24	30	10	
282	24	30	10	
283	24	30	10	
284	24	30	10	
285	24	30	10	
286	24	30	10	
287	24	30	10	
288	24	30	10	
289	24	30	10	
290	24	30	10	
291	24	30	10	
292	24	30	10	
293	24	30	10	
294	24	30	10	
295	24	30	10	
296	24	30	10	
297	24	30	10	
298	24	30	10	
299	24	30	10	
300	24	30	10	
301	24	30	10	
302	48	35	16	
303	48	35	16	
304	48	35	16	
305	48	35	16	
306	48	35	16	
307	48	35	16	
308	48	35	16	
309	48	35	16	
310	48	35	16	
311	48	35	16	
312	48	35	16	
313	48	35	16	
314	48	35	16	
315	48	35	16	
316	48	35	16	
317	48	35	16	
318	48	35	16	
319	48	35	16	
320	48	35	16	
321	48	35	16	
322	48	35	16	
323	48	35	16	
324	48	35	16	
325	48	35	16	
326	48	35	16	
327	48	35	16	
328	48	35	16	
329	48	35	16	
330	48	35	16	
331	48	35	16	
332	48	35	16	
333	48	35	16	
334	48	35	16	
335	48	35	16	
336	48	35	16	
337	48	35	16	
338	48	35	16	
339	48	35	16	
340	48	35	16	
341	48	35	16	
342	24	30	10	
343	24	30	10	
344	24	30	10	
345	24	30	10	
346	24	30	10	
347	24	30	10	
348	24	30	10	
349	24	30	10	
350	24	30	10	
351	24	30	10	
352	24	30	10	
353	24	30	10	
354	24	30	10	
355	24	30	10	
356	24	30	10	
357	24	30	10	
358	24	40	60	
359	24	40	60	
360	24	40	33	
361	24	30	10	
362	24	30	10	
363	24	30	10	
364	24	30	10	
365	24	30	10	
366	24	30	10	
367	24	30	10	
368	24	30	10	
369	24	30	10	
370	24	30	10	
371	24	30	10	
372	24	30	10	
373	24	30	10	
374	24	30	10	
375	24	30	10	
376	24	30	10	
377	24	30	10	
378	24	30	10	
379	24	30	10	
380	24	30	10	
381	24	30	10	
382	24	30	10	
383	24	30	10	
384	24	30	10	
385	24	30	10	
386	24	30	10	
387	24	30	10	
388	24	30	10	
389	24	30	10	
390	24	30	10	
391	24	30	10	
392	24	30	10	
393	24	30	10	
394	24	30	10	
395	24	30	10	
396	24	30	10	
397	24	30	10	
398	24	30	10	
399	24	30	10	
400	24	30	10	
401	24	30	10	
402	24	30	10	
403	24	30	10	
404	24	30	10	
405	24	30	10	
406	24	30	10	
407	24	30	10	
408	24	30	10	
409	24	30	10	
410	24	30	10	
411	24	30	10	
412	24	30	10	
413	24	30	10	
414	24	30	10	
415	24	30	10	
416	24	30	10	
417	24	30	10	
418	24	30	10	
419	24	30	10	
420	24	30	10	
421	24	30	10	
422	24	30	10	
423	24	30	10	
424	24	30	10	
425	24	30	10	
426	24	30	10	
427	24	30	10	
428	24	30	10	
429	24	30	10	
430	24	30	10	
431	24	30	10	
432	24	30	10	
433	24	30	10	
434	24	30	10	
435	24	30	10	
436	24	30	10	
437	24	30	10	
438	24	30	10	
439	24	30	10	
440	24	30	10	
441	48	35	16	
442	48	35	16	
443	48	35	16	
444	48	35	16	
445	48	35	16	
446	48	35	16	
447	48	35	16	
448	48	35	16	
449	48	35	16	
450	48	35	16	
451	48	35	16	
452	48	35	16	
453	48	35	16	
454	48	35	16	
455	48	35	16	
456	48	35	16	
457	48	35	16	
458	48	35	16	
459	48	35	16	
460	48	35	16	
461	48	35	16	
462	48	35	16	
463	48	35	16	
464	48	35	16	
465	48	35	16	
466	48	35	16	
467	48	35	16	
468	48	35	16	
469	48	35	16	
470	48	35	16	
471	48	35	16	
472	48	35	16	
473	48	35	16	
474	48	35	16	
475	48	35	16	
476	48	35	16	
477	48	35	16	
478	48	35	16	
479	48	35	16	
480	48	35	16	
481	24	30	10	
482	24	30	10	
483	24	30	10	
484	24	30	10	
485	24	30	10	
486	24	30	10	
487	24	30	10	
488	24	30	10	
489	24	30	10	
490	24	30	10	
491	24	30	10	
492	24	30	10	
493	24	30	10	
494	24	30	10	
495	24	30	10	
496	24	30	10	
497	24	40	60	
498	24	40	60	
499	24	40	33	
500	24	30	10	
501	24	30	10	
502	24	30	10	
503	24	30	10	
504	24	30	10	
505	24	30	10	
506	24	30	10	
507	24	30	10	
508	24	30	10	
509	24	30	10	
510	24	30	10	
511	24	30	10	
512	24	30	10	
513	24	30	10	
514	24	30	10	
515	24	30	10	
516	24	30	10	
517	24	30	10	
518	24	30	10	
519	24	30	10	
520	24	30	10	
521	24	30	10	
522	24	30	10	
523	24	30	10	
524	24	30	10	
525	24	30	10	
526	24	30	10	
527	24	30	10	
528	24	30	10	
529	24	30	10	
530	24	30	10	
531	24	30	10	
532	24	30	10	
533	24	30	10	
534	24	30	10	
535	24	30	10	
536	24	30	10	
537	24	30	10	
538	24	30	10	
539	24	30	10	
540	24	30	10	
541	24	30	10	
542	24	30	10	
543	24	30	10	
544	24	30	10	
545	24	30	10	
546	24	30	10	
547	24	30	10	
548	24	30	10	
549	24	30	10	
550	24	30	10	
551	24	30	10	
552	24	30	10	
553	24	30	10	
554	24	30	10	
555	24	30	10	
556	24	30	10	
557	24	30	10	
558	24	30	10	
559	24	30	10	
560	24	30	10	
561	24	30	10	
562	24	30	10	
563	24	30	10	
564	24	30	10	
565	24	30	10	
566	24	30	10	
567	24	30	10	
568	24	30	10	
569	24	30	10	
570	24	30	10	
571	24	30	10	
572	24	30	10	
573	24	30	10	
574	24	30	10	
575	24	30	10	
576	24	30	10	
577	24	30	10	
578	24	30	10	
579	24	30	10	
580	48	35	16	
581	48	35	16	
582	48	35	16	
583	48	35	16	
584	48	35	16	
585	48	35	16	
586	48	35	16	
587	48	35	16	
588	48	35	16	
589	48	35	16	
590	48	35	16	
591	48	35	16	
592	48	35	16	
593	48	35	16	
594	48	35	16	
595	48	35	16	
596	48	35	16	
597	48	35	16	
598	48	35	16	
599	48	35	16	
600	48	35	16	
601	48	35	16	
602	48	35	16	
603	48	35	16	
604	48	35	16	
605	48	35	16	
606	48	35	16	
607	48	35	16	
608	48	35	16	
609	48	35	16	
610	48	35	16	
611	48	35	16	
612	48	35	16	
613	48	35	16	
614	48	35	16	
615	48	35	16	
616	48	35	16	
617	48	35	16	
618	48	35	16	
619	48	35	16	
620	24	30	10	
621	24	30	10	
622	24	30	10	
623	24	30	10	
624	24	30	10	
625	24	30	10	
626	24	30	10	
627	24	30	10	
628	24	30	10	
629	24	30	10	
630	24	30	10	
631	24	30	10	
632	24	30	10	
633	24	30	10	
634	24	30	10	
635	24	30	10	
636	24	40	60	
637	24	40	60	
638	24	40	33	
639	24	34	31	
640	24	34	31	
641	24	34	31	
642	24	34	31	
643	24	34	31	
644	24	34	31	
645	24	34	31	
646	24	34	31	
647	24	34	31	
648	24	34	31	
649	24	34	31	
650	24	34	31	
651	24	34	31	
652	24	34	31	
653	24	34	31	
654	24	34	31	
655	24	34	31	
656	24	34	31	
657	24	34	31	
658	24	34	31	
659	24	34	31	
660	24	34	31	
661	24	34	31	
662	24	34	31	
663	24	34	31	
664	17	39	58	
665	17	39	58	
666	17	39	58	
667	17	39	58	
668	17	39	58	
669	17	39	58	
670	17	39	58	
671	17	39	58	
672	17	39	58	
673	17	39	58	
674	17	39	58	
675	17	39	58	
676	17	39	58	
677	17	39	58	
678	30	27	49	
679	30	27	49	
680	30	27	49	
681	30	27	49	
682	30	27	49	
683	30	27	49	
684	30	27	49	
685	30	27	49	
686	30	27	49	
687	30	27	49	
688	30	27	49	
689	30	27	49	
690	30	21	13	
691	30	21	13	
692	30	21	13	
693	30	21	13	
694	17	15	22	
695	17	15	22	
696	17	15	22	
697	17	15	22	
698	17	15	22	
699	17	15	22	
700	17	15	22	
701	17	15	22	
702	17	15	22	
703	17	15	22	
704	17	15	22	
705	17	15	22	
706	17	15	22	
707	17	15	22	
708	26	24	22	
709	26	24	22	
710	26	24	22	
711	26	24	22	
712	26	24	22	
713	26	24	22	
714	26	24	22	
715	26	24	22	
716	15	17	22	
717	15	17	22	
718	24	34	31	
719	24	34	31	
720	24	34	31	
721	24	34	31	
722	24	34	31	
723	24	34	31	
724	24	34	31	
725	24	34	31	
726	24	34	31	
727	24	34	31	
728	24	34	31	
729	24	34	31	
730	24	34	31	
731	24	34	31	
732	24	34	31	
733	24	34	31	
734	24	34	31	
735	24	34	31	
736	24	34	31	
737	24	34	31	
738	24	34	31	
739	24	34	31	
740	24	34	31	
741	24	34	31	
742	24	34	31	
743	17	39	58	
744	17	39	58	
745	17	39	58	
746	17	39	58	
747	17	39	58	
748	17	39	58	
749	17	39	58	
750	17	39	58	
751	17	39	58	
752	17	39	58	
753	17	39	58	
754	17	39	58	
755	17	39	58	
756	17	39	58	
757	30	27	49	
758	30	27	49	
759	30	27	49	
760	30	27	49	
761	30	27	49	
762	30	27	49	
763	30	27	49	
764	30	27	49	
765	30	27	49	
766	30	27	49	
767	30	27	49	
768	30	27	49	
769	30	21	13	
770	30	21	13	
771	30	21	13	
772	30	21	13	
773	17	15	22	
774	17	15	22	
775	17	15	22	
776	17	15	22	
777	17	15	22	
778	17	15	22	
779	17	15	22	
780	17	15	22	
781	17	15	22	
782	17	15	22	
783	17	15	22	
784	17	15	22	
785	17	15	22	
786	17	15	22	
787	26	24	22	
788	26	24	22	
789	26	24	22	
790	26	24	22	
791	26	24	22	
792	26	24	22	
793	26	24	22	
794	26	24	22	
795	15	17	22	
796	15	17	22	
797	24	31	34	
798	24	31	34	
799	24	31	34	
800	24	31	34	
801	24	31	34	
802	24	31	34	
803	24	31	34	
804	24	31	34	
805	24	31	34	
806	24	31	34	
807	24	31	34	
808	24	31	34	
809	24	31	34	
810	24	31	34	
811	24	31	34	
812	24	31	34	
813	24	31	34	
814	24	31	34	
815	24	31	34	
816	24	31	34	
817	28	10	24	
818	28	10	24	
819	28	10	24	
820	28	10	24	
821	28	10	24	
822	28	10	24	
823	28	10	24	
824	28	10	24	
825	28	10	24	
826	30	22	16	
827	30	22	16	
828	30	22	16	
829	30	22	16	
830	30	22	16	
831	30	22	16	
832	30	22	16	
833	30	22	16	
834	30	22	16	
835	30	22	16	
836	30	22	16	
837	30	22	16	
838	30	22	16	
839	30	22	16	
840	30	22	16	
841	30	22	16	
842	30	22	16	
843	30	22	16	
844	30	22	16	
845	30	22	16	
846	30	22	16	
847	30	22	16	
848	30	22	16	
849	30	22	16	
850	30	22	16	
851	30	22	16	
852	30	22	16	
853	30	22	16	
854	26	28	24	
855	48	35	16	
856	48	35	16	
857	48	35	16	
858	48	35	16	
859	48	35	16	
860	48	35	16	
861	48	35	16	
862	48	35	16	
863	48	35	16	
864	48	35	16	
865	48	35	16	
866	48	35	16	
867	48	35	16	
868	48	35	16	
869	48	35	16	
870	48	35	16	
871	48	35	16	
872	48	35	16	
873	48	35	16	
874	48	35	16	
875	22	21	44	
876	22	21	44	
877	22	21	44	
878	22	21	44	
879	22	21	44	
880	39	12	50	
881	39	12	50	
882	39	12	50	
883	39	12	50	
884	39	12	50	
885	39	12	50	
886	39	12	50	
887	39	12	50	
888	39	12	50	
889	3	4	6	
890	10	28	24	
891	24	34	31	
892	24	34	31	
893	24	34	31	
894	24	34	31	
895	24	34	31	
896	10	17	14	
897	24	31	34	
898	24	31	34	
899	24	31	34	
900	24	31	34	
901	24	31	34	
902	24	31	34	
903	24	31	34	
904	24	31	34	
905	24	31	34	
906	24	31	34	
907	24	31	34	
908	24	31	34	
909	24	31	34	
910	24	31	34	
911	24	31	34	
912	24	31	34	
913	24	31	34	
914	24	31	34	
915	24	31	34	
916	24	31	34	
917	28	10	24	
918	28	10	24	
919	28	10	24	
920	28	10	24	
921	28	10	24	
922	28	10	24	
923	28	10	24	
924	28	10	24	
925	28	10	24	
926	30	22	16	
927	30	22	16	
928	30	22	16	
929	30	22	16	
930	30	22	16	
931	30	22	16	
932	30	22	16	
933	30	22	16	
934	30	22	16	
935	30	22	16	
936	30	22	16	
937	30	22	16	
938	30	22	16	
939	30	22	16	
940	30	22	16	
941	30	22	16	
942	30	22	16	
943	30	22	16	
944	30	22	16	
945	30	22	16	
946	30	22	16	
947	30	22	16	
948	30	22	16	
949	30	22	16	
950	30	22	16	
951	30	22	16	
952	30	22	16	
953	30	22	16	
954	26	28	24	
955	48	35	16	
956	48	35	16	
957	48	35	16	
958	48	35	16	
959	48	35	16	
960	48	35	16	
961	48	35	16	
962	48	35	16	
963	48	35	16	
964	48	35	16	
965	48	35	16	
966	48	35	16	
967	48	35	16	
968	48	35	16	
969	48	35	16	
970	48	35	16	
971	48	35	16	
972	48	35	16	
973	48	35	16	
974	48	35	16	
975	22	21	44	
976	22	21	44	
977	22	21	44	
978	22	21	44	
979	22	21	44	
980	39	12	50	
981	39	12	50	
982	39	12	50	
983	39	12	50	
984	39	12	50	
985	39	12	50	
986	39	12	50	
987	39	12	50	
988	39	12	50	
989	3	4	6	
990	10	28	24	
991	24	34	31	
992	24	34	31	
993	24	34	31	
994	24	34	31	
995	24	34	31	
996	10	17	14	
997	35	48	16	
998	35	48	16	
999	35	48	16	
1000	35	48	16	
1001	35	48	16	
1002	35	48	16	
1003	35	48	16	
1004	35	48	16	
1005	35	48	16	
1006	35	48	16	
1007	35	48	16	
1008	35	48	16	
1009	35	48	16	
1010	35	48	16	
1011	35	48	16	
1012	35	48	16	
1013	35	48	16	
1014	35	48	16	
1015	35	48	16	
1016	35	48	16	
1017	35	48	16	
1018	35	48	16	
1019	35	48	16	
1020	35	48	16	
1021	35	48	16	
1022	35	48	16	
1023	35	48	16	
1024	35	48	16	
1025	35	48	16	
1026	35	48	16	
1027	31	34	24	
1028	31	34	24	
1029	31	34	24	
1030	31	34	24	
1031	31	34	24	
1032	31	34	24	
1033	31	34	24	
1034	31	34	24	
1035	31	34	24	
1036	31	34	24	
1037	31	34	24	
1038	31	34	24	
1039	31	34	24	
1040	31	34	24	
1041	31	34	24	
1042	31	34	24	
1043	31	34	24	
1044	31	34	24	
1045	23	18	24	
1046	23	18	24	
1047	23	18	24	
1048	23	18	24	
1049	23	18	24	
1050	23	18	24	
1051	23	18	24	
1052	23	18	24	
1053	23	18	24	
1054	23	18	24	
1055	23	18	24	
1056	23	18	24	
1057	23	18	24	
1058	23	18	24	
1059	23	18	24	
1060	23	18	24	
1061	23	18	24	
1062	23	18	24	
1063	23	18	24	
1064	23	18	24	
1065	23	18	24	
1066	23	18	24	
1067	23	18	24	
1068	23	18	24	
1069	23	18	24	
1070	23	18	24	
1071	23	18	24	
1072	23	18	24	
1073	23	18	24	
1074	23	18	24	
1075	21	17	16	
1076	21	17	16	
1077	21	17	16	
1078	21	17	16	
1079	21	17	16	
1080	21	17	16	
1081	21	17	16	
1082	21	17	16	
1083	28	17	15	
1084	28	17	15	
1085	28	17	15	
1086	28	17	15	
1087	27	34	20	
1088	27	34	20	
1089	27	34	20	
1090	27	34	20	
1091	27	34	20	
1092	27	34	20	
1093	27	34	20	
1094	27	34	20	
1095	15	16	18	
1096	15	16	18	
1097	15	16	18	
1098	15	16	18	
1099	15	16	18	
1100	15	16	18	
1101	15	16	18	
1102	15	16	18	
1103	15	16	18	
1104	15	16	18	
1105	15	16	18	
1106	15	16	18	
1107	15	16	18	
1108	15	16	18	
1109	15	16	18	
1110	15	16	18	
1111	15	16	18	
1112	15	16	18	
1113	13	48	34	
1114	39	56	18	
1115	39	56	18	
1116	39	56	18	
1117	39	56	18	
1118	39	56	18	
1119	39	56	18	
1120	39	56	18	
1121	39	56	18	
1122	39	56	18	
1123	39	56	18	
1124	39	56	18	
1125	39	56	18	
1126	39	56	18	
1127	39	56	18	
1128	39	56	18	
1129	39	56	18	
1130	39	56	18	
1131	39	56	18	
1132	39	56	18	
1133	39	56	18	
1134	39	56	18	
1135	39	56	18	
1136	39	56	18	
1137	39	56	18	
1138	30	22	16	
1139	30	22	16	
1140	30	22	16	
1141	30	22	16	
1142	30	22	16	
1143	30	22	16	
1144	30	22	16	
1145	30	22	16	
1146	21	28	16	
1147	21	28	16	
1148	21	28	16	
1149	21	28	16	
1150	15	18	16	
1151	15	18	16	
1152	15	18	16	
1153	15	18	16	
1154	15	18	16	
1155	15	18	16	
1156	15	18	16	
1157	15	18	16	
1158	15	18	16	
1159	15	18	16	
1160	15	18	16	
1161	15	18	16	
1162	15	18	16	
1163	15	18	16	
1164	15	18	16	
1165	30	22	16	
1166	30	22	16	
1167	30	22	16	
1168	30	22	16	
1169	30	22	16	
1170	30	22	16	
1171	30	22	16	
1172	30	22	16	
1173	30	22	16	
1174	30	22	16	
1175	30	22	16	
1176	30	22	16	
1177	30	22	16	
1178	30	22	16	
1179	30	22	16	
1180	30	22	16	
1181	30	22	16	
1182	30	22	16	
1183	30	22	16	
1184	30	22	16	
1185	30	22	16	
1186	30	22	16	
1187	30	22	16	
1188	30	22	16	
1189	30	22	16	
1190	30	22	16	
1191	30	22	16	
1192	30	22	16	
1193	30	22	16	
1194	30	22	16	
1195	30	22	16	
1196	30	22	16	
1197	13	44	32	
1198	13	44	32	
1199	13	44	32	
1200	13	44	32	
1201	13	44	32	
1202	13	44	32	
1203	13	44	32	
1204	13	44	32	
1205	13	44	32	
1206	13	11	22	
1207	13	11	22	
1208	13	11	22	
1209	13	11	22	
1210	13	11	22	
1211	13	11	22	
1212	13	11	22	
1213	13	11	22	
1214	13	11	22	
1215	13	11	22	
1216	13	11	22	
1217	13	11	22	
1218	13	11	22	
1219	13	11	22	
1220	13	11	22	
1221	13	11	22	
1222	13	11	22	
1223	13	11	22	
1224	13	11	22	
1225	13	11	22	
1226	13	11	22	
1227	13	11	22	
1228	13	11	22	
1229	13	11	22	
1230	13	11	22	
1231	13	11	22	
1232	13	11	22	
1233	13	11	22	
1234	13	11	22	
1235	13	11	22	
1236	13	11	22	
1237	13	11	22	
1238	13	11	22	
1239	13	11	22	
1240	13	11	22	
1241	13	11	22	
1242	32	44	25	
1243	28	24	26	
1244	28	24	26	
1245	28	24	26	
1246	50	20	26	
1247	22	20	25	
1248	13	20	16	
1249	48	35	16	
1250	48	35	16	
1251	48	35	16	
1252	48	35	16	
1253	48	35	16	
1254	48	35	16	
1255	48	35	16	
1256	48	35	16	
1257	48	35	16	
1258	48	35	16	
1259	48	35	16	
1260	48	35	16	
1261	48	35	16	
1262	48	35	16	
1263	48	35	16	
1264	48	35	16	
1265	48	35	16	
1266	48	35	16	
1267	48	35	16	
1268	48	35	16	
1269	29	36	34	
1270	29	36	34	
1271	29	36	34	
1272	29	36	34	
1273	29	36	34	
1274	29	36	34	
1275	29	36	34	
1276	29	36	34	
1277	29	36	34	
1278	29	36	34	
1279	29	36	34	
1280	29	36	34	
1281	29	18	20	
1282	29	18	20	
1283	29	18	20	
1284	29	18	20	
1285	29	18	20	
1286	29	18	20	
1287	30	29	26	
1288	30	29	26	
1289	30	29	26	
1290	30	29	26	
1291	20	29	18	
1292	20	29	18	
1293	20	29	18	
1294	20	29	18	
1295	20	29	18	
1296	20	29	18	
1297	30	29	26	
1298	30	29	26	
1299	30	29	26	
1300	30	29	26	
1301	20	29	24	
1302	20	29	24	
1303	20	29	24	
1304	20	29	24	
1305	20	29	24	
1306	20	29	24	
1307	15	29	22	
1308	15	29	22	
1309	15	29	22	
1310	15	29	22	
1311	15	29	22	
1312	15	29	22	
1313	15	29	22	
1314	15	29	22	
1315	20	29	11	
1316	20	29	11	
1317	20	29	11	
1318	20	29	11	
1319	25	29	17	
1320	25	29	17	
1321	25	29	17	
1322	25	29	17	
1323	48	29	27	
1324	48	29	27	
1325	16	18	15	
1326	16	18	15	
1327	16	18	15	
1328	16	18	15	
1329	16	18	15	
1330	16	18	15	
1331	16	18	15	
1332	16	18	15	
1333	31	25	13	
1334	31	25	13	
1335	31	25	13	
1336	31	25	13	
1337	31	25	13	
1338	31	25	13	
1339	31	25	13	
1340	31	25	13	
1341	31	25	13	
1342	31	25	13	
1343	16	11	23	
1344	16	11	23	
1345	16	11	23	
1346	16	11	23	
1347	16	10	13	
1348	16	10	13	
1349	28	10	24	
1350	24	35	32	
1351	24	34	31	
1352	24	34	31	
1353	24	34	31	
1354	24	34	31	
1355	48	35	16	
1356	48	35	16	
1357	48	35	16	
1358	48	35	16	
1359	48	35	16	
1360	48	35	16	
1361	48	35	16	
1362	48	35	16	
1363	48	35	16	
1364	48	35	16	
1365	48	35	16	
1366	48	35	16	
1367	48	35	16	
1368	48	35	16	
1369	48	35	16	
1370	48	35	16	
1371	48	35	16	
1372	48	35	16	
1373	48	35	16	
1374	48	35	16	
1375	29	36	34	
1376	29	36	34	
1377	29	36	34	
1378	29	36	34	
1379	29	36	34	
1380	29	36	34	
1381	29	36	34	
1382	29	36	34	
1383	29	36	34	
1384	29	36	34	
1385	29	36	34	
1386	29	36	34	
1387	29	18	20	
1388	29	18	20	
1389	29	18	20	
1390	29	18	20	
1391	29	18	20	
1392	29	18	20	
1393	30	29	26	
1394	30	29	26	
1395	30	29	26	
1396	30	29	26	
1397	20	29	18	
1398	20	29	18	
1399	20	29	18	
1400	20	29	18	
1401	20	29	18	
1402	20	29	18	
1403	30	29	26	
1404	30	29	26	
1405	30	29	26	
1406	30	29	26	
1407	20	29	24	
1408	20	29	24	
1409	20	29	24	
1410	20	29	24	
1411	20	29	24	
1412	20	29	24	
1413	15	29	22	
1414	15	29	22	
1415	15	29	22	
1416	15	29	22	
1417	15	29	22	
1418	15	29	22	
1419	15	29	22	
1420	15	29	22	
1421	20	29	11	
1422	20	29	11	
1423	20	29	11	
1424	20	29	11	
1425	25	29	17	
1426	25	29	17	
1427	25	29	17	
1428	25	29	17	
1429	48	29	27	
1430	48	29	27	
1431	16	18	15	
1432	16	18	15	
1433	16	18	15	
1434	16	18	15	
1435	16	18	15	
1436	16	18	15	
1437	16	18	15	
1438	16	18	15	
1439	31	25	13	
1440	31	25	13	
1441	31	25	13	
1442	31	25	13	
1443	31	25	13	
1444	31	25	13	
1445	31	25	13	
1446	31	25	13	
1447	31	25	13	
1448	31	25	13	
1449	16	11	23	
1450	16	11	23	
1451	16	11	23	
1452	16	11	23	
1453	16	10	13	
1454	16	10	13	
1455	28	10	24	
1456	24	35	32	
1457	24	34	31	
1458	24	34	31	
1459	24	34	31	
1460	24	34	31	
1461	48	35	16	
1462	48	35	16	
1463	48	35	16	
1464	48	35	16	
1465	48	35	16	
1466	48	35	16	
1467	48	35	16	
1468	48	35	16	
1469	48	35	16	
1470	48	35	16	
1471	48	35	16	
1472	48	35	16	
1473	48	35	16	
1474	48	35	16	
1475	48	35	16	
1476	48	35	16	
1477	48	35	16	
1478	48	35	16	
1479	48	35	16	
1480	48	35	16	
1481	29	36	34	
1482	29	36	34	
1483	29	36	34	
1484	29	36	34	
1485	29	36	34	
1486	29	36	34	
1487	29	36	34	
1488	29	36	34	
1489	29	36	34	
1490	29	36	34	
1491	29	36	34	
1492	29	36	34	
1493	29	18	20	
1494	29	18	20	
1495	29	18	20	
1496	29	18	20	
1497	29	18	20	
1498	29	18	20	
1499	30	29	26	
1500	30	29	26	
1501	30	29	26	
1502	30	29	26	
1503	20	29	18	
1504	20	29	18	
1505	20	29	18	
1506	20	29	18	
1507	20	29	18	
1508	20	29	18	
1509	30	29	26	
1510	30	29	26	
1511	30	29	26	
1512	30	29	26	
1513	20	29	24	
1514	20	29	24	
1515	20	29	24	
1516	20	29	24	
1517	20	29	24	
1518	20	29	24	
1519	15	29	22	
1520	15	29	22	
1521	15	29	22	
1522	15	29	22	
1523	15	29	22	
1524	15	29	22	
1525	15	29	22	
1526	15	29	22	
1527	20	29	11	
1528	20	29	11	
1529	20	29	11	
1530	20	29	11	
1531	25	29	17	
1532	25	29	17	
1533	25	29	17	
1534	25	29	17	
1535	48	29	27	
1536	48	29	27	
1537	16	18	15	
1538	16	18	15	
1539	16	18	15	
1540	16	18	15	
1541	16	18	15	
1542	16	18	15	
1543	16	18	15	
1544	16	18	15	
1545	31	25	13	
1546	31	25	13	
1547	31	25	13	
1548	31	25	13	
1549	31	25	13	
1550	31	25	13	
1551	31	25	13	
1552	31	25	13	
1553	31	25	13	
1554	31	25	13	
1555	16	11	23	
1556	16	11	23	
1557	16	11	23	
1558	16	11	23	
1559	16	10	13	
1560	16	10	13	
1561	28	10	24	
1562	24	35	32	
1563	24	34	31	
1564	24	34	31	
1565	24	34	31	
1566	24	34	31	
1567	48	35	16	
1568	48	35	16	
1569	48	35	16	
1570	48	35	16	
1571	48	35	16	
1572	48	35	16	
1573	48	35	16	
1574	48	35	16	
1575	48	35	16	
1576	48	35	16	
1577	48	35	16	
1578	48	35	16	
1579	48	35	16	
1580	48	35	16	
1581	48	35	16	
1582	48	35	16	
1583	48	35	16	
1584	48	35	16	
1585	48	35	16	
1586	48	35	16	
1587	29	36	34	
1588	29	36	34	
1589	29	36	34	
1590	29	36	34	
1591	29	36	34	
1592	29	36	34	
1593	29	36	34	
1594	29	36	34	
1595	29	36	34	
1596	29	36	34	
1597	29	36	34	
1598	29	36	34	
1599	29	18	20	
1600	29	18	20	
1601	29	18	20	
1602	29	18	20	
1603	29	18	20	
1604	29	18	20	
1605	30	29	26	
1606	30	29	26	
1607	30	29	26	
1608	30	29	26	
1609	20	29	18	
1610	20	29	18	
1611	20	29	18	
1612	20	29	18	
1613	20	29	18	
1614	20	29	18	
1615	30	29	26	
1616	30	29	26	
1617	30	29	26	
1618	30	29	26	
1619	20	29	24	
1620	20	29	24	
1621	20	29	24	
1622	20	29	24	
1623	20	29	24	
1624	20	29	24	
1625	15	29	22	
1626	15	29	22	
1627	15	29	22	
1628	15	29	22	
1629	15	29	22	
1630	15	29	22	
1631	15	29	22	
1632	15	29	22	
1633	20	29	11	
1634	20	29	11	
1635	20	29	11	
1636	20	29	11	
1637	25	29	17	
1638	25	29	17	
1639	25	29	17	
1640	25	29	17	
1641	48	29	27	
1642	48	29	27	
1643	16	18	15	
1644	16	18	15	
1645	16	18	15	
1646	16	18	15	
1647	16	18	15	
1648	16	18	15	
1649	16	18	15	
1650	16	18	15	
1651	31	25	13	
1652	31	25	13	
1653	31	25	13	
1654	31	25	13	
1655	31	25	13	
1656	31	25	13	
1657	31	25	13	
1658	31	25	13	
1659	31	25	13	
1660	31	25	13	
1661	16	11	23	
1662	16	11	23	
1663	16	11	23	
1664	16	11	23	
1665	16	10	13	
1666	16	10	13	
1667	28	10	24	
1668	24	35	32	
1669	24	34	31	
1670	24	34	31	
1671	24	34	31	
1672	24	34	31	
1673	34	29	36	
1674	34	29	36	
1675	34	29	36	
1676	34	29	36	
1677	34	29	36	
1678	34	29	36	
1679	34	29	36	
1680	34	29	36	
1681	34	29	36	
1682	34	29	36	
1683	34	29	36	
1684	34	29	36	
1685	16	18	15	
1686	16	18	15	
1687	16	18	15	
1688	16	18	15	
1689	16	18	15	
1690	16	18	15	
1691	16	18	15	
1692	16	18	15	
1693	32	13	45	
1694	32	13	45	
1695	32	13	45	
1696	32	13	45	
1697	32	13	45	
1698	32	13	45	
1699	32	13	45	
1700	32	13	45	
1701	32	13	45	
1702	30	13	25	
1703	30	13	25	
1704	30	13	25	
1705	16	15	15	
1706	16	15	15	
1707	31	38	31	
1708	31	38	31	
1709	31	38	31	
1710	31	38	31	
1711	31	38	31	
1712	31	38	31	
1713	31	38	31	
1714	31	38	31	
1715	31	38	31	
1716	31	38	31	
1717	35	48	16	
1718	35	48	16	
1719	35	48	16	
1720	35	48	16	
1721	35	48	16	
1722	35	48	16	
1723	35	48	16	
1724	35	48	16	
1725	35	48	16	
1726	35	48	16	
1727	35	48	16	
1728	35	48	16	
1729	35	48	16	
1730	35	48	16	
1731	35	48	16	
1732	35	48	16	
1733	35	48	16	
1734	35	48	16	
1735	35	48	16	
1736	35	48	16	
1737	12	13	26	
1738	12	13	26	
1739	12	13	26	
1740	12	13	26	
1741	24	13	15	
1742	24	13	15	
1743	24	39	21	
1744	24	39	21	
1745	12	39	50	
1746	12	39	50	
1747	12	39	50	
1748	12	39	50	
1749	20	13	16	
1750	20	13	16	
1751	20	13	16	
1752	11	13	22	
1753	11	13	22	
1754	11	13	22	
1755	11	13	22	
1756	16	48	35	
1757	16	48	35	
1758	16	48	35	
1759	16	16	31	
1760	16	16	31	
1761	16	16	31	
1762	14	27	24	
1763	16	21	13	
1764	39	12	50	
1765	39	12	50	
1766	39	12	50	
1767	39	12	50	
1768	39	12	50	
1769	39	12	50	
1770	39	12	50	
1771	39	12	50	
1772	39	12	50	
1773	39	56	18	
1774	39	56	18	
1775	39	56	18	
1776	39	56	18	
1777	39	56	18	
1778	39	56	18	
1779	39	56	18	
1780	39	56	18	
1781	39	56	18	
1782	39	56	18	
1783	39	56	18	
1784	39	56	18	
1785	39	56	18	
1786	39	56	18	
1787	39	56	18	
1788	39	56	18	
1789	39	56	18	
1790	39	56	18	
1791	39	56	18	
1792	39	56	18	
1793	39	56	18	
1794	39	56	18	
1795	39	56	18	
1796	39	56	18	
1797	40	16	54	
1798	40	16	54	
1799	40	16	54	
1800	40	16	54	
1801	40	16	54	
1802	40	16	54	
1803	10	14	16	
1804	10	14	16	
1805	10	14	16	
1806	10	14	16	
1807	15	16	18	
1808	15	16	18	
1809	15	16	18	
1810	15	16	18	
1811	15	16	18	
1812	15	16	18	
1813	15	16	18	
1814	15	16	18	
1815	15	16	18	
1816	15	16	18	
1817	15	16	18	
1818	15	16	18	
1819	15	16	18	
1820	15	16	18	
1821	15	16	18	
1822	15	16	18	
1823	13	32	44	
1824	13	32	44	
1825	13	32	44	
1826	13	32	44	
1827	13	32	44	
1828	13	32	44	
1829	13	32	44	
1830	13	32	44	
1831	15	18	16	
1832	15	18	16	
1833	15	18	16	
1834	15	18	16	
1835	15	18	16	
1836	15	18	16	
1837	15	18	16	
1838	15	18	16	
1839	15	18	16	
1840	15	18	16	
1841	15	18	16	
1842	15	18	16	
1843	15	18	16	
1844	15	18	16	
1845	15	18	16	
1846	15	18	16	
1847	15	18	16	
1848	15	18	16	
1849	15	18	16	
1850	15	18	16	
1851	15	18	16	
1852	34	31	24	
1853	34	31	24	
1854	34	31	24	
1855	34	31	24	
1856	34	31	24	
1857	34	31	24	
1858	16	31	16	
1859	26	16	16	
1860	26	16	16	
1861	15	15	16	
1862	15	15	16	
1863	15	15	16	
1864	39	12	50	
1865	39	12	50	
1866	39	12	50	
1867	39	12	50	
1868	39	12	50	
1869	39	12	50	
1870	39	12	50	
1871	39	12	50	
1872	39	12	50	
1873	39	56	18	
1874	39	56	18	
1875	39	56	18	
1876	39	56	18	
1877	39	56	18	
1878	39	56	18	
1879	39	56	18	
1880	39	56	18	
1881	39	56	18	
1882	39	56	18	
1883	39	56	18	
1884	39	56	18	
1885	39	56	18	
1886	39	56	18	
1887	39	56	18	
1888	39	56	18	
1889	39	56	18	
1890	39	56	18	
1891	39	56	18	
1892	39	56	18	
1893	39	56	18	
1894	39	56	18	
1895	39	56	18	
1896	39	56	18	
1897	40	16	54	
1898	40	16	54	
1899	40	16	54	
1900	40	16	54	
1901	40	16	54	
1902	40	16	54	
1903	10	14	16	
1904	10	14	16	
1905	10	14	16	
1906	10	14	16	
1907	15	16	18	
1908	15	16	18	
1909	15	16	18	
1910	15	16	18	
1911	15	16	18	
1912	15	16	18	
1913	15	16	18	
1914	15	16	18	
1915	15	16	18	
1916	15	16	18	
1917	15	16	18	
1918	15	16	18	
1919	15	16	18	
1920	15	16	18	
1921	15	16	18	
1922	15	16	18	
1923	13	32	44	
1924	13	32	44	
1925	13	32	44	
1926	13	32	44	
1927	13	32	44	
1928	13	32	44	
1929	13	32	44	
1930	13	32	44	
1931	15	18	16	
1932	15	18	16	
1933	15	18	16	
1934	15	18	16	
1935	15	18	16	
1936	15	18	16	
1937	15	18	16	
1938	15	18	16	
1939	15	18	16	
1940	15	18	16	
1941	15	18	16	
1942	15	18	16	
1943	15	18	16	
1944	15	18	16	
1945	15	18	16	
1946	15	18	16	
1947	15	18	16	
1948	15	18	16	
1949	15	18	16	
1950	15	18	16	
1951	15	18	16	
1952	34	31	24	
1953	34	31	24	
1954	34	31	24	
1955	34	31	24	
1956	34	31	24	
1957	34	31	24	
1958	16	31	16	
1959	26	16	16	
1960	26	16	16	
1961	15	15	16	
1962	15	15	16	
1963	15	15	16	
1964	34	37	29	
1965	34	37	29	
1966	34	37	29	
1967	34	37	29	
1968	34	37	29	
1969	34	37	29	
1970	20	26	50	
1971	20	26	50	
1972	20	26	50	
1973	20	26	50	
1974	20	26	50	
1975	20	26	50	
1976	17	38	58	
1977	17	38	58	
1978	17	38	58	
1979	17	38	58	
1980	17	38	58	
1981	17	38	58	
1982	17	38	58	
1983	17	38	58	
1984	17	38	58	
1985	17	38	58	
1986	17	38	58	
1987	17	38	58	
1988	29	34	37	
1989	29	34	37	
1990	29	34	37	
1991	29	34	37	
1992	29	34	37	
1993	29	34	37	
1994	29	34	37	
1995	29	34	37	
1996	29	34	37	
1997	20	15	19	
1998	20	15	19	
1999	20	15	19	
2000	20	15	19	
2001	20	15	19	
2002	20	15	19	
2003	20	15	19	
2004	20	15	19	
2005	20	19	15	
2006	20	19	15	
2007	20	19	15	
2008	20	19	15	
2009	20	19	15	
2010	20	19	15	
2011	20	19	15	
2012	20	19	15	
2013	20	19	15	
2014	20	19	15	
2015	29	22	37	
2016	29	22	37	
2017	29	22	37	
2018	29	22	37	
2019	29	22	37	
2020	29	22	37	
2021	29	22	37	
2022	29	22	37	
2023	23	16	11	
2024	23	16	11	
2025	15	18	19	
2026	15	18	19	
2027	15	18	19	
2028	15	18	19	
2029	15	18	19	
2030	15	18	19	
2031	15	18	19	
2032	15	18	19	
2033	15	18	19	
2034	15	18	19	
2035	15	18	19	
2036	15	18	19	
2037	19	25	24	
2038	19	25	24	
2039	19	25	24	
2040	19	25	24	
2041	19	25	24	
2042	19	25	24	
2043	19	22	11	
2044	16	35	48	
2045	16	35	48	
2046	16	35	48	
2047	16	35	48	
2048	16	35	48	
2049	16	35	48	
2050	15	16	15	
2051	15	16	15	
2052	15	16	15	
2053	15	16	15	
2054	48	34	16	
2055	48	34	16	
2056	48	34	16	
2057	14	21	14	
2058	14	21	14	
2059	14	21	14	
2060	14	21	14	
2061	14	21	14	
2062	14	21	14	
2063	14	21	14	
2064	14	21	14	
2065	14	21	14	
2066	14	21	14	
2067	14	21	14	
2068	14	21	14	
2069	18	39	56	
2070	18	39	56	
2071	18	39	56	
2072	18	39	56	
2073	18	39	56	
2074	18	39	56	
2075	18	39	56	
2076	18	39	56	
2077	18	39	56	
2078	18	39	56	
2079	18	39	56	
2080	18	39	56	
2081	22	20	25	
2082	19	18	15	
2083	19	18	15	
2084	19	18	15	
2085	19	18	15	
2086	19	18	15	
2087	19	18	15	
2088	19	18	15	
2089	19	18	15	
2090	19	18	15	
2091	19	18	15	
2092	19	18	15	
2093	19	18	15	
2094	19	18	15	
2095	19	18	15	
2096	19	18	15	
2097	29	22	37	
2098	29	22	37	
2099	21	19	19	
2100	21	19	19	
2101	21	19	19	
2102	21	19	20	
2103	18	17	19	
2104	18	17	19	
2105	18	17	19	
2106	18	17	19	
2107	18	17	19	
2108	18	16	15	
2109	18	16	15	
2110	18	16	15	
2111	18	16	15	
2112	18	16	15	
2113	32	13	45	
2114	32	13	45	
2115	16	13	20	
2116	16	13	20	
2117	23	16	14	
2118	23	16	14	
2119	30	27	49	
2120	30	27	49	
2121	30	27	49	
2122	30	25	20	
2123	30	25	20	
2124	30	25	20	
2125	15	19	18	
2126	15	19	18	
2127	15	19	18	
2128	15	19	18	
2129	15	19	18	
2130	15	19	18	
2131	15	19	18	
2132	15	19	18	
2133	15	19	18	
2134	15	19	18	
2135	15	19	18	
2136	15	19	18	
2137	15	19	18	
2138	15	19	18	
2139	15	19	18	
2140	15	19	18	
2141	15	19	18	
2142	15	19	18	
2143	15	19	18	
2144	15	19	18	
2145	15	19	18	
2146	15	19	18	
2147	15	19	18	
2148	15	19	18	
2149	15	19	18	
2150	15	19	18	
2151	15	19	18	
2152	15	19	18	
2153	15	19	18	
2154	15	19	18	
2155	20	19	15	
2156	20	19	15	
2157	20	19	15	
2158	20	19	15	
2159	20	19	15	
2160	20	19	15	
2161	20	19	15	
2162	17	15	14	
2163	17	15	14	
2164	36	34	29	
2165	36	34	29	
2166	36	34	29	
2167	36	34	29	
2168	36	34	29	
2169	36	34	29	
2170	36	34	29	
2171	36	34	29	
2172	36	34	29	
2173	36	34	29	
2174	18	19	15	
2175	18	19	15	
2176	18	19	15	
2177	18	19	15	
2178	16	15	15	
2179	16	15	15	
2180	16	15	15	
2181	13	32	44	
2182	16	15	18	
2183	17	15	14	
2184	17	15	14	
2185	17	15	14	
2186	21	14	14	
2187	12	39	50	
2188	12	39	50	
2189	12	39	50	
2190	48	34	16	
2191	48	34	16	
2192	48	34	16	
2193	14	21	14	
2194	14	21	14	
2195	14	21	14	
2196	14	21	14	
2197	14	21	14	
2198	14	21	14	
2199	14	21	14	
2200	14	21	14	
2201	14	21	14	
2202	14	21	14	
2203	14	21	14	
2204	14	21	14	
2205	18	39	56	
2206	18	39	56	
2207	18	39	56	
2208	18	39	56	
2209	18	39	56	
2210	18	39	56	
2211	18	39	56	
2212	18	39	56	
2213	18	39	56	
2214	18	39	56	
2215	18	39	56	
2216	18	39	56	
2217	22	20	25	
2218	19	18	15	
2219	19	18	15	
2220	19	18	15	
2221	19	18	15	
2222	19	18	15	
2223	19	18	15	
2224	19	18	15	
2225	19	18	15	
2226	19	18	15	
2227	19	18	15	
2228	19	18	15	
2229	19	18	15	
2230	19	18	15	
2231	19	18	15	
2232	19	18	15	
2233	29	22	37	
2234	29	22	37	
2235	21	19	19	
2236	21	19	19	
2237	21	19	19	
2238	21	19	20	
2239	18	17	19	
2240	18	17	19	
2241	18	17	19	
2242	18	17	19	
2243	18	17	19	
2244	18	16	15	
2245	18	16	15	
2246	18	16	15	
2247	18	16	15	
2248	18	16	15	
2249	32	13	45	
2250	32	13	45	
2251	16	13	20	
2252	16	13	20	
2253	23	16	14	
2254	23	16	14	
2255	30	27	49	
2256	30	27	49	
2257	30	27	49	
2258	30	25	20	
2259	30	25	20	
2260	30	25	20	
2261	15	19	18	
2262	15	19	18	
2263	15	19	18	
2264	15	19	18	
2265	15	19	18	
2266	15	19	18	
2267	15	19	18	
2268	15	19	18	
2269	15	19	18	
2270	15	19	18	
2271	15	19	18	
2272	15	19	18	
2273	15	19	18	
2274	15	19	18	
2275	15	19	18	
2276	15	19	18	
2277	15	19	18	
2278	15	19	18	
2279	15	19	18	
2280	15	19	18	
2281	15	19	18	
2282	15	19	18	
2283	15	19	18	
2284	15	19	18	
2285	15	19	18	
2286	15	19	18	
2287	15	19	18	
2288	15	19	18	
2289	15	19	18	
2290	15	19	18	
2291	20	19	15	
2292	20	19	15	
2293	20	19	15	
2294	20	19	15	
2295	20	19	15	
2296	20	19	15	
2297	20	19	15	
2298	17	15	14	
2299	17	15	14	
2300	36	34	29	
2301	36	34	29	
2302	36	34	29	
2303	36	34	29	
2304	36	34	29	
2305	36	34	29	
2306	36	34	29	
2307	36	34	29	
2308	36	34	29	
2309	36	34	29	
2310	18	19	15	
2311	18	19	15	
2312	18	19	15	
2313	18	19	15	
2314	16	15	15	
2315	16	15	15	
2316	16	15	15	
2317	13	32	44	
2318	16	15	18	
2319	17	15	14	
2320	17	15	14	
2321	17	15	14	
2322	21	14	14	
2323	12	39	50	
2324	12	39	50	
2325	12	39	50	
2326	17	58	38	
2327	17	58	38	
2328	17	58	38	
2329	17	58	38	
2330	17	58	38	
2331	17	58	38	
2332	17	58	38	
2333	17	58	38	
2334	17	58	38	
2335	17	58	38	
2336	17	58	38	
2337	17	58	38	
2338	17	58	38	
2339	17	58	38	
2340	17	58	38	
2341	17	58	38	
2342	17	58	38	
2343	17	58	38	
2344	17	58	38	
2345	17	58	38	
2346	17	58	38	
2347	17	39	58	
2348	17	39	58	
2349	17	39	58	
2350	17	39	58	
2351	17	39	58	
2352	17	39	58	
2353	17	39	58	
2354	17	39	58	
2355	33	39	37	
2356	33	39	37	
2357	26	33	45	
2358	32	25	44	
2359	26	33	45	
2360	20	25	22	
2361	20	25	22	
2362	49	29	35	
2363	49	29	35	
2364	52	40	16	
2365	16	40	54	
2366	16	40	54	
2367	16	40	54	
2368	18	47	27	
2369	16	20	13	
2370	48	35	16	
2371	16	21	12	
2372	29	34	37	
2373	29	34	37	
2374	19	15	18	
2375	19	15	18	
2376	19	15	18	
2377	19	15	18	
2378	19	20	15	
2379	19	20	15	
2380	19	20	15	
2381	19	20	15	
2382	14	20	14	
2383	22	24	26	
2384	22	24	26	
2385	22	24	26	
2386	22	24	14	
2387	21	24	33	
2388	17	38	56	
2389	17	38	56	
2390	17	38	56	
2391	17	38	56	
2392	17	38	56	
2393	17	38	56	
2394	17	38	56	
2395	17	38	56	
2396	17	38	56	
2397	17	38	56	
2398	17	38	56	
2399	17	38	56	
2400	17	38	56	
2401	17	38	56	
2402	17	38	56	
2403	17	38	56	
2404	17	38	56	
2405	17	38	56	
2406	17	38	56	
2407	17	38	56	
2408	17	38	56	
2409	17	38	56	
2410	17	38	56	
2411	17	38	56	
2412	17	38	56	
2413	17	38	56	
2414	17	38	56	
2415	17	38	56	
2416	21	33	24	
2417	21	33	24	
2418	21	33	24	
2419	21	33	24	
2420	56	38	17	
2421	56	38	17	
2422	56	38	17	
2423	56	38	17	
2424	25	20	14	
2425	25	20	14	
2426	45	23	14	
2427	14	20	14	
2428	19	11	14	
2429	25	24	27	
2430	25	24	27	
2431	25	24	27	
2432	30	24	24	
2433	30	24	24	
2434	27	24	23	
2435	30	21	13	
2436	33	21	24	
2437	33	21	24	
2438	25	24	24	
2439	29	23	43	
2440	30	22	16	
2441	30	22	16	
2442	30	22	16	
2443	23	23	20	
2444	22	21	44	
2445	39	33	37	
2446	15	22	29	
2447	15	20	19	
2448	15	18	16	
2449	15	17	13	
2450	12	16	18	
2451	12	18	16	
2452	23	23	17	
2453	23	23	17	
2454	23	22	18	
2455	23	18	38	
2456	17	38	56	
2457	17	38	56	
2458	14	36	44	
2459	38	56	17	
2460	38	56	17	
2461	38	56	17	
2462	38	56	17	
2463	38	56	17	
2464	38	56	17	
2465	38	56	17	
2466	38	56	17	
2467	38	56	17	
2468	38	56	17	
2469	38	56	17	
2470	38	56	17	
2471	38	56	17	
2472	38	56	17	
2473	38	56	17	
2474	38	56	17	
2475	38	56	17	
2476	38	56	17	
2477	38	56	17	
2478	38	56	17	
2479	38	56	17	
2480	38	56	17	
2481	38	56	17	
2482	38	56	17	
2483	38	56	17	
2484	38	56	17	
2485	38	56	17	
2486	17	38	56	
2487	17	38	56	
2488	17	38	56	
2489	17	38	56	
2490	17	38	56	
2491	17	38	56	
2492	17	38	56	
2493	17	38	56	
2494	17	38	56	
2495	17	38	56	
2496	17	38	56	
2497	17	38	56	
2498	29	37	34	
2499	56	18	39	
2500	56	18	39	
2501	17	30	17	
2502	16	30	22	
0	1	2	3	4	5	6	7	8	9	10	11	12	13	14	15	16	17	18	19	20	21	22	23	24	25	26	27	28	29	30	31	32	33	34	35	36	37	38	39	40	41	42	43	44	45	46	47	48	49	50	51	52	53	54	55	56	57	58	59	60	61	62	63	64	65	66	67	68	69	70	71	72	73	74	75	76	77	78	79	80	81	82	83	84	85	86	87	88	89	90	91	92	93	94	95	96	97	98	99	100	101	102	103	104	105	106	107	108	109	110	111	112	113	114	115	116	117	118	119	120	121	122	123	124	125	126	127	128	129	130	131	132	133	134	135	136	137	138	139	140	141	142	143	144	145	146	147	148	149	150	151	152	153	154	155	156	157	158	159	160	161	162	163	164	165	166	167	168	169	170	171	172	173	174	175	176	177	178	179	180	181	182	183	184	185	186	187	188	189	190	191	192	193	194	195	196	197	198	199	200	201	202	203	204	205	206	207	208	209	210	211	212	213	214	215	216	217	218	219	220	221	222	223	224	225	226	227	228	229	230	231	232	233	234	235	236	237	238	239	240	241	242	243	244	245	246	247	248	249	250	251	252	253	254	255	256	257	258	259	260	261	262	263	264	265	266	267	268	269	270	271	272	273	274	275	276	277	278	279	280	281	282	283	284	285	286	287	288	289	290	291	292	293	294	295	296	297	298	299	300	301	302	303	304	305	306	307	308	309	310	311	312	313	314	315	316	317	318	319	320	321	322	323	324	325	326	327	328	329	330	331	332	333	334	335	336	337	338	339	340	341	342	343	344	345	346	347	348	349	350	351	352	353	354	355	356	357	358	359	360	361	362	363	364	365	366	367	368	369	370	371	372	373	374	375	376	377	378	379	380	381	382	383	384	385	386	387	388	389	390	391	392	393	394	395	396	397	398	399	400	401	402	403	404	405	406	407	408	409	410	411	412	413	414	415	416	417	418	419	420	421	422	423	424	425	426	427	428	429	430	431	432	433	434	435	436	437	438	439	440	441	442	443	444	445	446	447	448	449	450	451	452	453	454	455	456	457	458	459	460	461	462	463	464	465	466	467	468	469	470	471	472	473	474	475	476	477	478	479	480	481	482	483	484	485	486	487	488	489	490	491	492	493	494	495	496	497	498	499	500	501	502	503	504	505	506	507	508	509	510	511	512	513	514	515	516	517	518	519	520	521	522	523	524	525	526	527	528	529	530	531	532	533	534	535	536	537	538	539	540	541	542	543	544	545	546	547	548	549	550	551	552	553	554	555	556	557	558	559	560	561	562	563	564	565	566	567	568	569	570	571	572	573	574	575	576	577	578	579	580	581	582	583	584	585	586	587	588	589	590	591	592	593	594	595	596	597	598	599	600	601	602	603	604	605	606	607	608	609	610	611	612	613	614	615	616	617	618	619	620	621	622	623	624	625	626	627	628	629	630	631	632	633	634	635	636	637	638	639	640	641	642	643	644	645	646	647	648	649	650	651	652	653	654	655	656	657	658	659	660	661	662	663	664	665	666	667	668	669	670	671	672	673	674	675	676	677	678	679	680	681	682	683	684	685	686	687	688	689	690	691	692	693	694	695	696	697	698	699	700	701	702	703	704	705	706	707	708	709	710	711	712	713	714	715	716	717	718	719	720	721	722	723	724	725	726	727	728	729	730	731	732	733	734	735	736	737	738	739	740	741	742	743	744	745	746	747	748	749	750	751	752	753	754	755	756	757	758	759	760	761	762	763	764	765	766	767	768	769	770	771	772	773	774	775	776	777	778	779	780	781	782	783	784	785	786	787	788	789	790	791	792	793	794	795	796	797	798	799	800	801	802	803	804	805	806	807	808	809	810	811	812	813	814	815	816	817	818	819	820	821	822	823	824	825	826	827	828	829	830	831	832	833	834	835	836	837	838	839	840	841	842	843	844	845	846	847	848	849	850	851	852	853	854	855	856	857	858	859	860	861	862	863	864	865	866	867	868	869	870	871	872	873	874	875	876	877	878	879	880	881	882	883	884	885	886	887	888	889	890	891	892	893	894	895	896	897	898	899	900	901	902	903	904	905	906	907	908	909	910	911	912	913	914	915	916	917	918	919	920	921	922	923	924	925	926	927	928	929	930	931	932	933	934	935	936	937	938	939	940	941	942	943	944	945	946	947	948	949	950	951	952	953	954	955	956	957	958	959	960	961	962	963	964	965	966	967	968	969	970	971	972	973	974	975	976	977	978	979	980	981	982	983	984	985	986	987	988	989	990	991	992	993	994	995	996	997	998	999	1000	1001	1002	1003	1004	1005	1006	1007	1008	1009	1010	1011	1012	1013	1014	1015	1016	1017	1018	1019	1020	1021	1022	1023	1024	1025	1026	1027	1028	1029	1030	1031	1032	1033	1034	1035	1036	1037	1038	1039	1040	1041	1042	1043	1044	1045	1046	1047	1048	1049	1050	1051	1052	1053	1054	1055	1056	1057	1058	1059	1060	1061	1062	1063	1064	1065	1066	1067	1068	1069	1070	1071	1072	1073	1074	1075	1076	1077	1078	1079	1080	1081	1082	1083	1084	1085	1086	1087	1088	1089	1090	1091	1092	1093	1094	1095	1096	1097	1098	1099	1100	1101	1102	1103	1104	1105	1106	1107	1108	1109	1110	1111	1112	1113	1114	1115	1116	1117	1118	1119	1120	1121	1122	1123	1124	1125	1126	1127	1128	1129	1130	1131	1132	1133	1134	1135	1136	1137	1138	1139	1140	1141	1142	1143	1144	1145	1146	1147	1148	1149	1150	1151	1152	1153	1154	1155	1156	1157	1158	1159	1160	1161	1162	1163	1164	1165	1166	1167	1168	1169	1170	1171	1172	1173	1174	1175	1176	1177	1178	1179	1180	1181	1182	1183	1184	1185	1186	1187	1188	1189	1190	1191	1192	1193	1194	1195	1196	1197	1198	1199	1200	1201	1202	1203	1204	1205	1206	1207	1208	1209	1210	1211	1212	1213	1214	1215	1216	1217	1218	1219	1220	1221	1222	1223	1224	1225	1226	1227	1228	1229	1230	1231	1232	1233	1234	1235	1236	1237	1238	1239	1240	1241	1242	1243	1244	1245	1246	1247	1248	1249	1250	1251	1252	1253	1254	1255	1256	1257	1258	1259	1260	1261	1262	1263	1264	1265	1266	1267	1268	1269	1270	1271	1272	1273	1274	1275	1276	1277	1278	1279	1280	1281	1282	1283	1284	1285	1286	1287	1288	1289	1290	1291	1292	1293	1294	1295	1296	1297	1298	1299	1300	1301	1302	1303	1304	1305	1306	1307	1308	1309	1310	1311	1312	1313	1314	1315	1316	1317	1318	1319	1320	1321	1322	1323	1324	1325	1326	1327	1328	1329	1330	1331	1332	1333	1334	1335	1336	1337	1338	1339	1340	1341	1342	1343	1344	1345	1346	1347	1348	1349	1350	1351	1352	1353	1354	1355	1356	1357	1358	1359	1360	1361	1362	1363	1364	1365	1366	1367	1368	1369	1370	1371	1372	1373	1374	1375	1376	1377	1378	1379	1380	1381	1382	1383	1384	1385	1386	1387	1388	1389	1390	1391	1392	1393	1394	1395	1396	1397	1398	1399	1400	1401	1402	1403	1404	1405	1406	1407	1408	1409	1410	1411	1412	1413	1414	1415	1416	1417	1418	1419	1420	1421	1422	1423	1424	1425	1426	1427	1428	1429	1430	1431	1432	1433	1434	1435	1436	1437	1438	1439	1440	1441	1442	1443	1444	1445	1446	1447	1448	1449	1450	1451	1452	1453	1454	1455	1456	1457	1458	1459	1460	1461	1462	1463	1464	1465	1466	1467	1468	1469	1470	1471	1472	1473	1474	1475	1476	1477	1478	1479	1480	1481	1482	1483	1484	1485	1486	1487	1488	1489	1490	1491	1492	1493	1494	1495	1496	1497	1498	1499	1500	1501	1502	1503	1504	1505	1506	1507	1508	1509	1510	1511	1512	1513	1514	1515	1516	1517	1518	1519	1520	1521	1522	1523	1524	1525	1526	1527	1528	1529	1530	1531	1532	1533	1534	1535	1536	1537	1538	1539	1540	1541	1542	1543	1544	1545	1546	1547	1548	1549	1550	1551	1552	1553	1554	1555	1556	1557	1558	1559	1560	1561	1562	1563	1564	1565	1566	1567	1568	1569	1570	1571	1572	1573	1574	1575	1576	1577	1578	1579	1580	1581	1582	1583	1584	1585	1586	1587	1588	1589	1590	1591	1592	1593	1594	1595	1596	1597	1598	1599	1600	1601	1602	1603	1604	1605	1606	1607	1608	1609	1610	1611	1612	1613	1614	1615	1616	1617	1618	1619	1620	1621	1622	1623	1624	1625	1626	1627	1628	1629	1630	1631	1632	1633	1634	1635	1636	1637	1638	1639	1640	1641	1642	1643	1644	1645	1646	1647	1648	1649	1650	1651	1652	1653	1654	1655	1656	1657	1658	1659	1660	1661	1662	1663	1664	1665	1666	1667	1668	1669	1670	1671	1672	1673	1674	1675	1676	1677	1678	1679	1680	1681	1682	1683	1684	1685	1686	1687	1688	1689	1690	1691	1692	1693	1694	1695	1696	1697	1698	1699	1700	1701	1702	1703	1704	1705	1706	1707	1708	1709	1710	1711	1712	1713	1714	1715	1716	1717	1718	1719	1720	1721	1722	1723	1724	1725	1726	1727	1728	1729	1730	1731	1732	1733	1734	1735	1736	1737	1738	1739	1740	1741	1742	1743	1744	1745	1746	1747	1748	1749	1750	1751	1752	1753	1754	1755	1756	1757	1758	1759	1760	1761	1762	1763	1764	1765	1766	1767	1768	1769	1770	1771	1772	1773	1774	1775	1776	1777	1778	1779	1780	1781	1782	1783	1784	1785	1786	1787	1788	1789	1790	1791	1792	1793	1794	1795	1796	1797	1798	1799	1800	1801	1802	1803	1804	1805	1806	1807	1808	1809	1810	1811	1812	1813	1814	1815	1816	1817	1818	1819	1820	1821	1822	1823	1824	1825	1826	1827	1828	1829	1830	1831	1832	1833	1834	1835	1836	1837	1838	1839	1840	1841	1842	1843	1844	1845	1846	1847	1848	1849	1850	1851	1852	1853	1854	1855	1856	1857	1858	1859	1860	1861	1862	1863	1864	1865	1866	1867	1868	1869	1870	1871	1872	1873	1874	1875	1876	1877	1878	1879	1880	1881	1882	1883	1884	1885	1886	1887	1888	1889	1890	1891	1892	1893	1894	1895	1896	1897	1898	1899	1900	1901	1902	1903	1904	1905	1906	1907	1908	1909	1910	1911	1912	1913	1914	1915	1916	1917	1918	1919	1920	1921	1922	1923	1924	1925	1926	1927	1928	1929	1930	1931	1932	1933	1934	1935	1936	1937	1938	1939	1940	1941	1942	1943	1944	1945	1946	1947	1948	1949	1950	1951	1952	1953	1954	1955	1956	1957	1958	1959	1960	1961	1962	1963	1964	1965	1966	1967	1968	1969	1970	1971	1972	1973	1974	1975	1976	1977	1978	1979	1980	1981	1982	1983	1984	1985	1986	1987	1988	1989	1990	1991	1992	1993	1994	1995	1996	1997	1998	1999	2000	2001	2002	2003	2004	2005	2006	2007	2008	2009	2010	2011	2012	2013	2014	2015	2016	2017	2018	2019	2020	2021	2022	2023	2024	2025	2026	2027	2028	2029	2030	2031	2032	2033	2034	2035	2036	2037	2038	2039	2040	2041	2042	2043	2044	2045	2046	2047	2048	2049	2050	2051	2052	2053	2054	2055	2056	2057	2058	2059	2060	2061	2062	2063	2064	2065	2066	2067	2068	2069	2070	2071	2072	2073	2074	2075	2076	2077	2078	2079	2080	2081	2082	2083	2084	2085	2086	2087	2088	2089	2090	2091	2092	2093	2094	2095	2096	2097	2098	2099	2100	2101	2102	2103	2104	2105	2106	2107	2108	2109	2110	2111	2112	2113	2114	2115	2116	2117	2118	2119	2120	2121	2122	2123	2124	2125	2126	2127	2128	2129	2130	2131	2132	2133	2134	2135	2136	2137	2138	2139	2140	2141	2142	2143	2144	2145	2146	2147	2148	2149	2150	2151	2152	2153	2154	2155	2156	2157	2158	2159	2160	2161	2162	2163	2164	2165	2166	2167	2168	2169	2170	2171	2172	2173	2174	2175	2176	2177	2178	2179	2180	2181	2182	2183	2184	2185	2186	2187	2188	2189	2190	2191	2192	2193	2194	2195	2196	2197	2198	2199	2200	2201	2202	2203	2204	2205	2206	2207	2208	2209	2210	2211	2212	2213	2214	2215	2216	2217	2218	2219	2220	2221	2222	2223	2224	2225	2226	2227	2228	2229	2230	2231	2232	2233	2234	2235	2236	2237	2238	2239	2240	2241	2242	2243	2244	2245	2246	2247	2248	2249	2250	2251	2252	2253	2254	2255	2256	2257	2258	2259	2260	2261	2262	2263	2264	2265	2266	2267	2268	2269	2270	2271	2272	2273	2274	2275	2276	2277	2278	2279	2280	2281	2282	2283	2284	2285	2286	2287	2288	2289	2290	2291	2292	2293	2294	2295	2296	2297	2298	2299	2300	2301	2302	2303	2304	2305	2306	2307	2308	2309	2310	2311	2312	2313	2314	2315	2316	2317	2318	2319	2320	2321	2322	2323	2324	2325	2326	2327	2328	2329	2330	2331	2332	2333	2334	2335	2336	2337	2338	2339	2340	2341	2342	2343	2344	2345	2346	2347	2348	2349	2350	2351	2352	2353	2354	2355	2356	2357	2358	2359	2360	2361	2362	2363	2364	2365	2366	2367	2368	2369	2370	2371	2372	2373	2374	2375	2376	2377	2378	2379	2380	2381	2382	2383	2384	2385	2386	2387	2388	2389	2390	2391	2392	2393	2394	2395	2396	2397	2398	2399	2400	2401	2402	2403	2404	2405	2406	2407	2408	2409	2410	2411	2412	2413	2414	2415	2416	2417	2418	2419	2420	2421	2422	2423	2424	2425	2426	2427	2428	2429	2430	2431	2432	2433	2434	2435	2436	2437	2438	2439	2440	2441	2442	2443	2444	2445	2446	2447	2448	2449	2450	2451	2452	2453	2454	2455	2456	2457	2458	2459	2460	2461	2462	2463	2464	2465	2466	2467	2468	2469	2470	2471	2472	2473	2474	2475	2476	2477	2478	2479	2480	2481	2482	2483	2484	2485	2486	2487	2488	2489	2490	2491	2492	2493	2494	2495	2496	2497	2498	2499	2500	2501	2502	
