630
120	100	160
0	40	54	16	
1	40	54	16	
2	40	54	16	
3	40	54	16	
4	40	54	16	
5	40	54	16	
6	40	54	16	
7	40	54	16	
8	40	54	16	
9	40	54	16	
10	40	54	16	
11	40	54	16	
12	40	54	16	
13	40	54	16	
14	40	54	16	
15	40	54	16	
16	40	54	16	
17	40	54	16	
18	40	54	16	
19	40	54	16	
20	40	54	16	
21	40	54	16	
22	40	54	16	
23	40	54	16	
24	40	54	16	
25	40	54	16	
26	40	54	16	
27	40	54	16	
28	40	54	16	
29	40	54	16	
30	24	23	38	
31	24	23	38	
32	24	23	38	
33	24	23	38	
34	24	23	38	
35	24	23	38	
36	24	23	38	
37	24	23	38	
38	24	23	38	
39	24	23	38	
40	24	23	27	
41	24	23	27	
42	24	23	27	
43	24	23	27	
44	24	23	27	
45	24	23	27	
46	24	23	27	
47	24	23	27	
48	24	23	27	
49	24	23	27	
50	60	23	25	
51	60	23	25	
52	60	23	25	
53	60	23	25	
54	24	23	27	
55	24	23	27	
56	24	23	27	
57	24	23	27	
58	24	23	27	
59	24	23	27	
60	24	23	27	
61	24	23	27	
62	24	23	27	
63	24	23	27	
64	24	23	27	
65	24	23	27	
66	24	23	27	
67	24	23	27	
68	24	23	27	
69	24	23	27	
70	24	23	27	
71	24	23	27	
72	24	23	27	
73	24	23	27	
74	45	23	14	
75	45	23	14	
76	45	23	14	
77	45	23	14	
78	30	24	10	
79	24	22	14	
80	24	34	31	
81	24	34	31	
82	24	34	31	
83	24	34	31	
84	24	34	31	
85	24	34	31	
86	24	34	31	
87	24	34	31	
88	24	34	31	
89	24	34	31	
90	24	34	31	
91	24	34	31	
92	24	34	31	
93	24	34	31	
94	24	34	31	
95	24	34	31	
96	24	34	31	
97	24	34	31	
98	24	34	31	
99	24	34	31	
100	24	34	31	
101	24	34	31	
102	24	34	31	
103	24	34	31	
104	24	34	31	
105	17	39	58	
106	17	39	58	
107	17	39	58	
108	17	39	58	
109	17	39	58	
110	17	39	58	
111	17	39	58	
112	17	39	58	
113	17	39	58	
114	17	39	58	
115	17	39	58	
116	17	39	58	
117	17	39	58	
118	17	39	58	
119	30	27	49	
120	30	27	49	
121	30	27	49	
122	30	27	49	
123	30	27	49	
124	30	27	49	
125	30	27	49	
126	30	27	49	
127	30	27	49	
128	30	27	49	
129	30	27	49	
130	30	27	49	
131	30	21	13	
132	30	21	13	
133	30	21	13	
134	30	21	13	
135	17	15	22	
136	17	15	22	
137	17	15	22	
138	17	15	22	
139	17	15	22	
140	17	15	22	
141	17	15	22	
142	17	15	22	
143	17	15	22	
144	17	15	22	
145	17	15	22	
146	17	15	22	
147	17	15	22	
148	17	15	22	
149	26	24	22	
150	26	24	22	
151	26	24	22	
152	26	24	22	
153	26	24	22	
154	26	24	22	
155	26	24	22	
156	26	24	22	
157	15	17	22	
158	15	17	22	
159	39	12	50	
160	39	12	50	
161	39	12	50	
162	39	12	50	
163	39	12	50	
164	39	12	50	
165	39	12	50	
166	39	12	50	
167	39	12	50	
168	39	56	18	
169	39	56	18	
170	39	56	18	
171	39	56	18	
172	39	56	18	
173	39	56	18	
174	39	56	18	
175	39	56	18	
176	39	56	18	
177	39	56	18	
178	39	56	18	
179	39	56	18	
180	39	56	18	
181	39	56	18	
182	39	56	18	
183	39	56	18	
184	39	56	18	
185	39	56	18	
186	39	56	18	
187	39	56	18	
188	39	56	18	
189	39	56	18	
190	39	56	18	
191	39	56	18	
192	40	16	54	
193	40	16	54	
194	40	16	54	
195	40	16	54	
196	40	16	54	
197	40	16	54	
198	10	14	16	
199	10	14	16	
200	10	14	16	
201	10	14	16	
202	15	16	18	
203	15	16	18	
204	15	16	18	
205	15	16	18	
206	15	16	18	
207	15	16	18	
208	15	16	18	
209	15	16	18	
210	15	16	18	
211	15	16	18	
212	15	16	18	
213	15	16	18	
214	15	16	18	
215	15	16	18	
216	15	16	18	
217	15	16	18	
218	13	32	44	
219	13	32	44	
220	13	32	44	
221	13	32	44	
222	13	32	44	
223	13	32	44	
224	13	32	44	
225	13	32	44	
226	15	18	16	
227	15	18	16	
228	15	18	16	
229	15	18	16	
230	15	18	16	
231	15	18	16	
232	15	18	16	
233	15	18	16	
234	15	18	16	
235	15	18	16	
236	15	18	16	
237	15	18	16	
238	15	18	16	
239	15	18	16	
240	15	18	16	
241	15	18	16	
242	15	18	16	
243	15	18	16	
244	15	18	16	
245	15	18	16	
246	15	18	16	
247	34	31	24	
248	34	31	24	
249	34	31	24	
250	34	31	24	
251	34	31	24	
252	34	31	24	
253	16	31	16	
254	26	16	16	
255	26	16	16	
256	15	15	16	
257	15	15	16	
258	15	15	16	
259	17	58	38	
260	17	58	38	
261	17	58	38	
262	17	58	38	
263	17	58	38	
264	17	58	38	
265	17	58	38	
266	17	58	38	
267	17	58	38	
268	17	58	38	
269	17	58	38	
270	17	58	38	
271	17	58	38	
272	17	58	38	
273	17	58	38	
274	17	58	38	
275	17	58	38	
276	17	58	38	
277	17	58	38	
278	17	58	38	
279	17	58	38	
280	17	39	58	
281	17	39	58	
282	17	39	58	
283	17	39	58	
284	17	39	58	
285	17	39	58	
286	17	39	58	
287	17	39	58	
288	33	39	37	
289	33	39	37	
290	26	33	45	
291	32	25	44	
292	26	33	45	
293	20	25	22	
294	20	25	22	
295	49	29	35	
296	49	29	35	
297	52	40	16	
298	16	40	54	
299	16	40	54	
300	16	40	54	
301	18	47	27	
302	16	20	13	
303	48	35	16	
304	16	21	12	
305	29	34	37	
306	29	34	37	
307	19	15	18	
308	19	15	18	
309	19	15	18	
310	19	15	18	
311	19	20	15	
312	19	20	15	
313	19	20	15	
314	19	20	15	
315	14	20	14	
316	17	58	38	
317	17	58	38	
318	17	58	38	
319	17	58	38	
320	17	58	38	
321	17	58	38	
322	17	58	38	
323	17	58	38	
324	17	58	38	
325	17	58	38	
326	17	58	38	
327	17	58	38	
328	17	58	38	
329	17	58	38	
330	17	58	38	
331	17	58	38	
332	17	58	38	
333	17	58	38	
334	17	58	38	
335	17	58	38	
336	17	58	38	
337	17	39	58	
338	17	39	58	
339	17	39	58	
340	17	39	58	
341	17	39	58	
342	17	39	58	
343	17	39	58	
344	17	39	58	
345	33	39	37	
346	33	39	37	
347	26	33	45	
348	32	25	44	
349	26	33	45	
350	20	25	22	
351	20	25	22	
352	49	29	35	
353	49	29	35	
354	52	40	16	
355	16	40	54	
356	16	40	54	
357	16	40	54	
358	18	47	27	
359	16	20	13	
360	48	35	16	
361	16	21	12	
362	29	34	37	
363	29	34	37	
364	19	15	18	
365	19	15	18	
366	19	15	18	
367	19	15	18	
368	19	20	15	
369	19	20	15	
370	19	20	15	
371	19	20	15	
372	14	20	14	
373	22	24	26	
374	22	24	26	
375	22	24	26	
376	22	24	14	
377	21	24	33	
378	17	38	56	
379	17	38	56	
380	17	38	56	
381	17	38	56	
382	17	38	56	
383	17	38	56	
384	17	38	56	
385	17	38	56	
386	17	38	56	
387	17	38	56	
388	17	38	56	
389	17	38	56	
390	17	38	56	
391	17	38	56	
392	17	38	56	
393	17	38	56	
394	17	38	56	
395	17	38	56	
396	17	38	56	
397	17	38	56	
398	17	38	56	
399	17	38	56	
400	17	38	56	
401	17	38	56	
402	17	38	56	
403	17	38	56	
404	17	38	56	
405	17	38	56	
406	21	33	24	
407	21	33	24	
408	21	33	24	
409	21	33	24	
410	56	38	17	
411	56	38	17	
412	56	38	17	
413	56	38	17	
414	25	20	14	
415	25	20	14	
416	45	23	14	
417	14	20	14	
418	19	11	14	
419	25	24	27	
420	25	24	27	
421	25	24	27	
422	30	24	24	
423	30	24	24	
424	27	24	23	
425	30	21	13	
426	33	21	24	
427	33	21	24	
428	25	24	24	
429	29	23	43	
430	30	22	16	
431	30	22	16	
432	30	22	16	
433	23	23	20	
434	22	21	44	
435	39	33	37	
436	15	22	29	
437	15	20	19	
438	15	18	16	
439	15	17	13	
440	12	16	18	
441	12	18	16	
442	23	23	17	
443	23	23	17	
444	23	22	18	
445	23	18	38	
446	56	38	17	
447	56	38	17	
448	56	38	17	
449	56	38	17	
450	56	38	17	
451	56	38	17	
452	56	38	17	
453	56	38	17	
454	56	38	17	
455	56	38	17	
456	56	38	17	
457	56	38	17	
458	56	38	17	
459	56	38	17	
460	56	38	17	
461	56	38	17	
462	56	38	17	
463	56	38	17	
464	56	38	17	
465	56	38	17	
466	56	38	17	
467	56	38	17	
468	56	38	17	
469	56	38	17	
470	56	38	17	
471	56	38	17	
472	56	38	17	
473	20	24	29	
474	20	24	29	
475	40	11	60	
476	40	11	60	
477	20	19	16	
478	20	19	16	
479	40	16	54	
480	27	24	25	
481	27	24	25	
482	27	24	24	
483	27	23	39	
484	27	23	39	
485	31	38	31	
486	31	38	31	
487	58	38	17	
488	58	38	17	
489	56	38	17	
490	56	38	17	
491	56	38	17	
492	56	38	17	
493	56	38	17	
494	25	24	19	
495	25	20	19	
496	25	20	19	
497	25	20	19	
498	19	20	26	
499	19	20	16	
500	18	20	17	
501	27	23	39	
502	27	23	39	
503	27	21	17	
504	27	21	17	
505	26	16	16	
506	26	16	16	
507	26	16	16	
508	56	38	17	
509	56	38	17	
510	56	38	17	
511	56	38	17	
512	56	38	17	
513	56	38	17	
514	56	38	17	
515	56	38	17	
516	56	38	17	
517	56	38	17	
518	56	38	17	
519	56	38	17	
520	56	38	17	
521	56	38	17	
522	56	38	17	
523	56	38	17	
524	56	38	17	
525	56	38	17	
526	56	38	17	
527	56	38	17	
528	56	38	17	
529	56	38	17	
530	56	38	17	
531	56	38	17	
532	56	38	17	
533	56	38	17	
534	56	38	17	
535	20	24	29	
536	20	24	29	
537	40	11	60	
538	40	11	60	
539	20	19	16	
540	20	19	16	
541	40	16	54	
542	27	24	25	
543	27	24	25	
544	27	24	24	
545	27	23	39	
546	27	23	39	
547	31	38	31	
548	31	38	31	
549	58	38	17	
550	58	38	17	
551	56	38	17	
552	56	38	17	
553	56	38	17	
554	56	38	17	
555	56	38	17	
556	25	24	19	
557	25	20	19	
558	25	20	19	
559	25	20	19	
560	19	20	26	
561	19	20	16	
562	18	20	17	
563	27	23	39	
564	27	23	39	
565	27	21	17	
566	27	21	17	
567	26	16	16	
568	26	16	16	
569	26	16	16	
570	17	38	56	
571	17	38	56	
572	14	36	44	
573	38	56	17	
574	38	56	17	
575	38	56	17	
576	38	56	17	
577	38	56	17	
578	38	56	17	
579	38	56	17	
580	38	56	17	
581	38	56	17	
582	38	56	17	
583	38	56	17	
584	38	56	17	
585	38	56	17	
586	38	56	17	
587	38	56	17	
588	38	56	17	
589	38	56	17	
590	38	56	17	
591	38	56	17	
592	38	56	17	
593	38	56	17	
594	38	56	17	
595	38	56	17	
596	38	56	17	
597	38	56	17	
598	38	56	17	
599	38	56	17	
600	17	38	56	
601	17	38	56	
602	17	38	56	
603	17	38	56	
604	17	38	56	
605	17	38	56	
606	17	38	56	
607	17	38	56	
608	17	38	56	
609	17	38	56	
610	17	38	56	
611	17	38	56	
612	29	37	34	
613	56	18	39	
614	56	18	39	
615	17	30	17	
616	16	30	22	
617	32	32	25	
618	32	32	25	
619	50	35	39	
620	39	25	30	
621	41	23	62	
622	29	20	41	
623	27	20	34	
624	27	20	34	
625	16	22	30	
626	49	29	35	
627	49	30	27	
628	40	11	60	
629	39	17	58	
0	1	2	3	4	5	6	7	8	9	10	11	12	13	14	15	16	17	18	19	20	21	22	23	24	25	26	27	28	29	30	31	32	33	34	35	36	37	38	39	40	41	42	43	44	45	46	47	48	49	50	51	52	53	54	55	56	57	58	59	60	61	62	63	64	65	66	67	68	69	70	71	72	73	74	75	76	77	78	79	80	81	82	83	84	85	86	87	88	89	90	91	92	93	94	95	96	97	98	99	100	101	102	103	104	105	106	107	108	109	110	111	112	113	114	115	116	117	118	119	120	121	122	123	124	125	126	127	128	129	130	131	132	133	134	135	136	137	138	139	140	141	142	143	144	145	146	147	148	149	150	151	152	153	154	155	156	157	158	159	160	161	162	163	164	165	166	167	168	169	170	171	172	173	174	175	176	177	178	179	180	181	182	183	184	185	186	187	188	189	190	191	192	193	194	195	196	197	198	199	200	201	202	203	204	205	206	207	208	209	210	211	212	213	214	215	216	217	218	219	220	221	222	223	224	225	226	227	228	229	230	231	232	233	234	235	236	237	238	239	240	241	242	243	244	245	246	247	248	249	250	251	252	253	254	255	256	257	258	259	260	261	262	263	264	265	266	267	268	269	270	271	272	273	274	275	276	277	278	279	280	281	282	283	284	285	286	287	288	289	290	291	292	293	294	295	296	297	298	299	300	301	302	303	304	305	306	307	308	309	310	311	312	313	314	315	316	317	318	319	320	321	322	323	324	325	326	327	328	329	330	331	332	333	334	335	336	337	338	339	340	341	342	343	344	345	346	347	348	349	350	351	352	353	354	355	356	357	358	359	360	361	362	363	364	365	366	367	368	369	370	371	372	373	374	375	376	377	378	379	380	381	382	383	384	385	386	387	388	389	390	391	392	393	394	395	396	397	398	399	400	401	402	403	404	405	406	407	408	409	410	411	412	413	414	415	416	417	418	419	420	421	422	423	424	425	426	427	428	429	430	431	432	433	434	435	436	437	438	439	440	441	442	443	444	445	446	447	448	449	450	451	452	453	454	455	456	457	458	459	460	461	462	463	464	465	466	467	468	469	470	471	472	473	474	475	476	477	478	479	480	481	482	483	484	485	486	487	488	489	490	491	492	493	494	495	496	497	498	499	500	501	502	503	504	505	506	507	508	509	510	511	512	513	514	515	516	517	518	519	520	521	522	523	524	525	526	527	528	529	530	531	532	533	534	535	536	537	538	539	540	541	542	543	544	545	546	547	548	549	550	551	552	553	554	555	556	557	558	559	560	561	562	563	564	565	566	567	568	569	570	571	572	573	574	575	576	577	578	579	580	581	582	583	584	585	586	587	588	589	590	591	592	593	594	595	596	597	598	599	600	601	602	603	604	605	606	607	608	609	610	611	612	613	614	615	616	617	618	619	620	621	622	623	624	625	626	627	628	629	
