1000
30 30 30
0 4 1 5
1 9 6 5
2 10 1 8
3 1 8 6
4 7 3 1
5 6 6 3
6 2 2 5
7 6 1 4
8 2 8 10
9 2 5 5
10 5 10 2
11 4 3 7
12 10 8 8
13 7 5 3
14 4 9 9
15 6 2 7
16 3 10 5
17 2 10 10
18 10 2 9
19 2 4 7
20 9 2 3
21 8 5 9
22 1 2 4
23 7 9 8
24 7 8 8
25 8 7 8
26 6 6 9
27 9 5 9
28 9 1 4
29 7 8 8
30 3 8 2
31 7 2 6
32 6 7 8
33 6 2 7
34 8 10 7
35 2 9 1
36 10 8 2
37 5 8 2
38 7 8 4
39 1 8 4
40 1 1 4
41 1 1 4
42 5 2 7
43 4 3 3
44 9 1 4
45 9 7 9
46 7 1 2
47 4 3 1
48 2 1 9
49 6 1 3
50 1 8 8
51 1 1 6
52 1 9 8
53 2 5 2
54 7 8 2
55 8 9 1
56 9 8 7
57 5 7 2
58 10 6 1
59 4 8 2
60 7 9 10
61 4 8 4
62 1 8 5
63 9 10 3
64 2 1 1
65 2 6 5
66 5 3 9
67 2 1 5
68 1 9 10
69 7 1 6
70 3 9 10
71 1 8 9
72 1 5 4
73 8 8 1
74 10 6 10
75 1 2 2
76 7 1 1
77 3 3 5
78 4 8 8
79 5 2 3
80 7 3 2
81 7 7 3
82 8 8 3
83 3 1 5
84 9 4 6
85 10 1 2
86 5 8 8
87 2 1 5
88 6 7 5
89 10 2 6
90 10 8 9
91 2 9 4
92 9 8 8
93 4 5 10
94 5 10 2
95 9 2 9
96 9 2 5
97 1 10 6
98 2 4 7
99 8 2 7
100 10 9 3
101 4 9 2
102 8 2 9
103 2 9 9
104 2 4 10
105 3 3 9
106 5 1 1
107 10 1 2
108 2 4 6
109 10 8 3
110 6 4 4
111 6 3 4
112 6 3 1
113 6 6 9
114 2 3 2
115 8 2 1
116 1 3 2
117 9 9 6
118 6 10 9
119 4 1 6
120 9 9 4
121 6 8 4
122 4 4 1
123 1 10 8
124 10 5 7
125 7 4 9
126 9 6 3
127 3 8 10
128 2 10 3
129 2 6 1
130 5 1 10
131 8 6 3
132 4 7 6
133 5 1 6
134 7 4 7
135 7 5 1
136 4 9 5
137 2 10 1
138 2 7 6
139 7 2 8
140 10 4 10
141 8 2 3
142 3 9 8
143 4 3 7
144 6 3 2
145 8 4 9
146 2 5 2
147 3 1 10
148 3 3 7
149 10 9 9
150 3 9 10
151 5 2 2
152 2 10 5
153 8 4 8
154 7 8 1
155 4 6 7
156 1 3 3
157 1 5 3
158 8 3 4
159 5 3 1
160 7 2 5
161 7 8 4
162 6 5 9
163 9 1 10
164 8 4 4
165 7 5 6
166 8 10 9
167 8 10 1
168 1 6 8
169 3 6 2
170 4 10 4
171 7 7 3
172 2 9 4
173 4 10 7
174 4 10 9
175 8 6 5
176 7 2 4
177 4 2 7
178 7 6 8
179 1 5 10
180 5 4 3
181 3 3 1
182 3 5 8
183 3 9 5
184 2 2 9
185 3 4 4
186 2 3 3
187 7 3 5
188 8 4 2
189 5 4 3
190 9 1 6
191 3 4 2
192 3 8 7
193 1 7 4
194 1 10 2
195 10 10 6
196 2 9 5
197 2 6 5
198 2 9 1
199 2 10 10
200 7 8 7
201 6 7 4
202 4 5 8
203 1 7 6
204 10 2 1
205 4 5 10
206 10 2 10
207 8 8 8
208 2 7 10
209 8 8 10
210 4 5 8
211 3 4 4
212 8 5 9
213 3 1 6
214 2 6 3
215 5 4 5
216 1 3 8
217 6 1 6
218 2 9 8
219 8 2 2
220 2 8 8
221 4 2 4
222 10 1 3
223 1 3 4
224 10 3 5
225 1 3 2
226 1 6 8
227 4 3 9
228 10 2 5
229 9 8 6
230 1 10 1
231 2 5 2
232 10 10 10
233 1 8 3
234 10 9 3
235 3 4 2
236 3 8 8
237 10 1 6
238 5 9 1
239 7 7 10
240 4 4 1
241 9 10 2
242 2 5 10
243 6 9 1
244 7 9 10
245 9 6 6
246 3 7 7
247 5 5 3
248 3 7 9
249 3 3 4
250 9 6 2
251 2 2 5
252 8 10 1
253 9 1 5
254 4 5 7
255 1 9 6
256 2 1 10
257 6 6 2
258 7 6 4
259 9 6 10
260 10 9 8
261 3 2 2
262 8 4 9
263 1 5 9
264 9 8 2
265 7 5 7
266 6 2 5
267 5 9 4
268 6 1 9
269 2 5 10
270 4 10 4
271 1 4 9
272 2 4 5
273 1 9 6
274 6 3 8
275 5 1 8
276 9 4 3
277 7 1 1
278 9 4 8
279 7 9 2
280 10 10 6
281 3 1 10
282 1 8 2
283 3 7 7
284 1 2 3
285 9 6 3
286 5 2 7
287 6 10 4
288 1 6 1
289 9 10 7
290 4 10 6
291 2 10 10
292 9 3 3
293 3 7 3
294 10 1 9
295 4 1 5
296 7 1 10
297 6 8 7
298 5 3 9
299 5 2 9
300 3 6 8
301 2 5 10
302 5 2 10
303 1 8 2
304 5 5 3
305 10 4 5
306 9 6 9
307 3 1 10
308 3 9 8
309 6 5 3
310 9 9 1
311 3 8 10
312 7 8 7
313 2 4 8
314 5 4 1
315 3 1 5
316 6 7 1
317 4 1 4
318 2 10 7
319 7 8 2
320 9 3 6
321 9 10 3
322 7 4 4
323 3 9 2
324 8 7 6
325 5 1 2
326 10 8 1
327 2 10 8
328 4 2 9
329 8 9 7
330 9 8 9
331 1 10 3
332 9 3 9
333 8 1 2
334 3 1 2
335 2 10 10
336 4 7 10
337 7 8 6
338 4 6 10
339 4 6 2
340 2 10 4
341 2 9 6
342 4 5 8
343 1 7 3
344 7 2 4
345 2 5 10
346 6 7 4
347 1 6 1
348 10 1 3
349 10 7 10
350 6 6 6
351 6 3 3
352 7 6 7
353 8 3 10
354 7 7 9
355 4 10 8
356 9 5 1
357 4 8 5
358 9 6 3
359 5 2 9
360 10 6 9
361 2 3 7
362 8 1 1
363 6 1 5
364 4 1 10
365 5 2 2
366 9 3 3
367 9 1 4
368 7 4 2
369 3 7 4
370 9 8 7
371 7 4 1
372 8 7 7
373 9 10 2
374 10 9 4
375 6 4 8
376 8 10 9
377 6 7 5
378 4 2 1
379 10 2 10
380 10 6 5
381 9 8 2
382 5 6 8
383 9 2 5
384 7 6 1
385 4 6 1
386 9 6 1
387 8 7 6
388 1 4 10
389 9 9 7
390 9 7 8
391 8 7 5
392 8 2 9
393 7 6 7
394 3 5 1
395 9 4 9
396 6 7 5
397 4 7 5
398 1 9 5
399 8 10 2
400 3 1 7
401 7 2 4
402 4 1 1
403 6 3 3
404 5 1 8
405 3 10 6
406 1 4 4
407 2 3 9
408 10 3 2
409 9 8 5
410 10 2 1
411 10 7 7
412 6 5 1
413 8 9 4
414 8 8 9
415 10 6 3
416 10 5 6
417 9 7 8
418 5 10 3
419 2 10 2
420 3 8 3
421 10 10 5
422 4 4 9
423 5 4 2
424 5 7 6
425 1 6 9
426 6 1 1
427 1 7 10
428 7 10 4
429 4 6 6
430 5 2 1
431 3 7 5
432 8 3 8
433 2 5 9
434 3 10 3
435 9 9 9
436 7 10 1
437 3 4 5
438 9 7 4
439 6 9 5
440 9 5 5
441 4 5 9
442 10 1 10
443 7 5 8
444 7 8 2
445 7 1 4
446 6 10 8
447 8 9 10
448 2 5 5
449 7 8 1
450 5 5 2
451 5 7 3
452 5 5 9
453 6 3 3
454 7 8 5
455 9 8 4
456 6 8 1
457 9 4 2
458 8 5 7
459 8 5 2
460 1 2 8
461 5 8 3
462 8 7 8
463 9 1 9
464 9 7 6
465 10 4 8
466 7 4 4
467 4 1 10
468 1 5 7
469 3 10 3
470 10 6 5
471 6 8 6
472 6 7 10
473 3 8 10
474 10 1 8
475 6 6 5
476 2 7 6
477 10 6 10
478 2 10 3
479 5 7 10
480 8 10 2
481 4 7 10
482 1 3 8
483 8 3 10
484 1 5 7
485 6 6 8
486 1 1 9
487 8 4 9
488 3 10 8
489 10 5 5
490 8 2 5
491 8 1 9
492 6 4 1
493 9 4 6
494 2 1 2
495 2 5 5
496 7 5 3
497 4 2 2
498 7 4 6
499 5 8 8
500 4 1 1
501 5 2 2
502 1 4 8
503 2 8 1
504 5 2 4
505 8 8 2
506 2 5 4
507 9 9 2
508 10 7 5
509 8 6 3
510 1 4 1
511 10 8 2
512 2 5 7
513 5 8 5
514 3 8 4
515 3 3 1
516 5 7 1
517 3 4 3
518 9 2 2
519 5 2 9
520 8 1 9
521 2 9 3
522 7 10 9
523 7 8 7
524 3 9 5
525 7 6 2
526 4 4 4
527 4 7 4
528 10 3 2
529 5 7 10
530 9 3 6
531 1 8 9
532 5 1 6
533 10 4 10
534 1 4 8
535 8 8 6
536 8 3 9
537 10 10 1
538 3 4 1
539 3 1 7
540 4 9 1
541 7 8 3
542 4 3 6
543 5 10 9
544 5 8 4
545 9 1 2
546 10 2 8
547 10 3 9
548 8 6 3
549 2 7 5
550 1 3 9
551 1 9 7
552 9 3 8
553 1 8 1
554 4 3 9
555 4 9 7
556 6 5 4
557 4 6 8
558 8 10 5
559 3 2 6
560 6 9 10
561 3 6 1
562 10 1 3
563 2 4 5
564 1 6 1
565 2 2 9
566 7 2 4
567 9 1 6
568 10 10 4
569 7 9 4
570 4 3 8
571 3 1 8
572 4 5 8
573 8 4 3
574 5 2 2
575 7 10 9
576 5 10 3
577 4 9 10
578 10 4 5
579 4 5 2
580 9 2 9
581 8 6 9
582 8 4 9
583 7 4 7
584 9 10 9
585 7 6 1
586 2 9 7
587 7 4 7
588 8 4 5
589 5 5 3
590 1 8 4
591 10 1 8
592 5 9 7
593 7 3 10
594 2 2 7
595 6 10 5
596 7 7 7
597 7 9 10
598 8 7 4
599 10 8 8
600 4 2 10
601 5 9 9
602 5 2 5
603 10 2 8
604 1 1 6
605 7 1 7
606 9 6 2
607 2 4 3
608 3 3 4
609 3 6 10
610 4 6 3
611 1 5 7
612 4 1 9
613 9 7 5
614 10 2 4
615 7 9 10
616 2 3 2
617 9 8 1
618 7 4 8
619 1 9 2
620 2 3 2
621 4 3 6
622 5 4 9
623 7 8 3
624 4 10 8
625 1 4 9
626 2 4 3
627 3 4 1
628 9 2 5
629 6 6 2
630 6 9 2
631 5 7 4
632 6 7 2
633 5 1 4
634 2 7 10
635 10 6 2
636 6 10 6
637 8 4 1
638 10 4 7
639 2 2 3
640 8 2 9
641 8 10 10
642 9 9 8
643 4 2 1
644 1 5 6
645 1 8 9
646 2 9 4
647 10 8 5
648 6 9 3
649 1 6 5
650 4 3 9
651 10 2 8
652 1 8 10
653 1 6 7
654 5 7 10
655 9 9 9
656 7 8 9
657 8 3 7
658 2 9 4
659 3 4 3
660 2 1 10
661 3 5 4
662 10 2 10
663 10 10 6
664 7 1 9
665 7 8 7
666 4 8 2
667 9 6 7
668 4 4 6
669 7 8 4
670 5 2 10
671 9 8 10
672 3 2 4
673 7 3 9
674 9 10 8
675 4 3 10
676 3 1 9
677 6 4 6
678 10 2 9
679 5 9 4
680 6 3 4
681 3 9 3
682 1 1 8
683 5 4 2
684 6 10 5
685 7 1 10
686 1 5 5
687 9 10 7
688 8 6 7
689 10 9 1
690 10 7 2
691 10 4 2
692 8 9 6
693 1 6 7
694 8 7 3
695 8 3 6
696 9 2 10
697 1 6 9
698 2 5 1
699 9 2 9
700 4 8 2
701 8 10 7
702 10 5 3
703 1 1 6
704 10 6 3
705 2 4 2
706 7 2 6
707 8 2 2
708 7 6 1
709 4 7 8
710 5 4 4
711 9 6 3
712 3 6 2
713 3 7 10
714 1 7 7
715 5 2 6
716 10 8 2
717 4 9 4
718 7 4 2
719 10 9 5
720 8 1 4
721 6 2 8
722 4 7 4
723 7 2 3
724 8 8 2
725 10 10 6
726 7 6 10
727 10 1 2
728 1 3 4
729 6 4 8
730 7 5 6
731 2 6 6
732 4 2 6
733 5 5 7
734 9 5 4
735 2 6 7
736 10 5 10
737 10 7 4
738 1 6 2
739 8 10 5
740 4 4 4
741 1 7 3
742 5 10 6
743 10 1 8
744 8 10 2
745 3 6 4
746 3 3 6
747 5 1 8
748 9 10 7
749 2 8 2
750 2 3 2
751 7 5 6
752 7 3 5
753 2 7 8
754 4 5 8
755 7 3 9
756 4 8 2
757 9 8 8
758 8 7 6
759 1 7 5
760 10 9 8
761 9 3 3
762 1 10 6
763 5 6 5
764 7 5 2
765 6 10 2
766 4 1 5
767 7 7 2
768 7 2 3
769 9 2 3
770 1 10 9
771 5 4 1
772 10 8 6
773 6 8 2
774 6 9 2
775 6 2 2
776 9 10 8
777 3 3 5
778 3 8 9
779 3 1 3
780 3 10 6
781 1 10 8
782 6 8 6
783 2 5 1
784 3 5 6
785 3 2 7
786 10 2 1
787 4 10 7
788 7 6 4
789 1 3 9
790 10 1 5
791 2 2 8
792 10 1 2
793 1 10 9
794 10 10 9
795 7 4 1
796 10 4 3
797 8 3 5
798 6 8 4
799 2 9 10
800 1 7 8
801 1 1 7
802 3 8 10
803 9 10 2
804 7 1 10
805 6 10 1
806 1 10 1
807 8 1 2
808 7 2 9
809 7 4 6
810 5 2 1
811 5 2 5
812 8 10 6
813 9 8 8
814 9 10 6
815 6 10 8
816 5 4 9
817 4 4 3
818 3 9 1
819 9 8 3
820 4 9 3
821 10 9 1
822 4 6 3
823 10 8 6
824 10 1 8
825 6 2 1
826 7 5 4
827 6 3 6
828 7 3 5
829 7 9 1
830 5 5 8
831 3 1 4
832 10 1 1
833 6 8 7
834 2 9 7
835 8 2 4
836 3 8 2
837 7 6 10
838 4 3 2
839 5 7 6
840 6 4 3
841 10 9 8
842 2 10 5
843 3 4 7
844 7 8 6
845 6 7 5
846 10 8 4
847 4 2 10
848 9 2 4
849 6 3 7
850 8 4 4
851 2 2 7
852 3 9 10
853 5 7 6
854 5 9 8
855 5 3 10
856 5 1 7
857 6 9 2
858 9 5 5
859 7 8 2
860 7 7 9
861 10 6 2
862 1 2 8
863 9 3 9
864 10 1 1
865 5 9 9
866 3 7 10
867 5 4 10
868 10 4 2
869 9 7 1
870 8 8 6
871 10 3 2
872 3 1 5
873 6 7 8
874 4 5 1
875 10 5 2
876 7 8 4
877 9 2 8
878 5 3 3
879 9 7 9
880 10 10 9
881 1 1 1
882 6 7 3
883 6 5 8
884 4 1 10
885 5 7 3
886 5 5 10
887 2 9 1
888 9 7 1
889 1 6 3
890 1 9 5
891 9 4 5
892 7 6 5
893 8 3 5
894 3 2 9
895 3 3 3
896 6 7 10
897 1 9 5
898 10 5 2
899 1 4 3
900 10 7 2
901 10 5 9
902 3 6 4
903 2 2 10
904 1 2 2
905 6 1 9
906 9 9 4
907 4 7 1
908 6 7 10
909 9 5 10
910 5 6 8
911 5 5 5
912 7 10 3
913 2 1 8
914 3 6 10
915 6 9 6
916 1 7 5
917 2 2 10
918 3 8 9
919 5 4 3
920 9 1 2
921 7 6 4
922 1 8 7
923 7 8 2
924 10 2 4
925 5 3 6
926 8 5 9
927 10 8 5
928 6 10 6
929 9 3 6
930 6 7 1
931 3 4 6
932 9 10 9
933 8 7 6
934 3 8 10
935 9 5 2
936 7 5 9
937 3 3 6
938 9 6 2
939 2 7 10
940 10 5 4
941 2 1 1
942 7 7 7
943 7 1 9
944 6 4 2
945 8 2 9
946 2 10 8
947 7 8 9
948 1 1 1
949 6 2 2
950 5 9 5
951 2 8 10
952 4 3 4
953 6 8 8
954 2 7 2
955 6 3 3
956 10 2 1
957 8 9 2
958 4 5 3
959 4 8 2
960 3 2 10
961 8 5 4
962 3 3 10
963 8 2 3
964 5 1 1
965 10 4 4
966 3 4 8
967 3 4 9
968 2 3 8
969 4 1 7
970 6 5 4
971 6 8 9
972 3 2 2
973 5 4 8
974 8 10 6
975 7 10 6
976 1 6 5
977 8 4 8
978 5 3 10
979 1 6 1
980 7 3 9
981 4 4 7
982 7 3 6
983 3 5 7
984 7 8 5
985 2 7 1
986 9 7 7
987 8 5 9
988 3 2 8
989 2 2 1
990 8 8 8
991 7 1 3
992 2 9 4
993 7 6 7
994 10 4 4
995 4 9 6
996 3 8 10
997 10 9 3
998 10 10 8
999 7 9 10
0 1 2 3 4 5 6 7 8 9 10 11 12 13 14 15 16 17 18 19 20 21 22 23 24 25 26 27 28 29 30 31 32 33 34 35 36 37 38 39 40 41 42 43 44 45 46 47 48 49 50 51 52 53 54 55 56 57 58 59 60 61 62 63 64 65 66 67 68 69 70 71 72 73 74 75 76 77 78 79 80 81 82 83 84 85 86 87 88 89 90 91 92 93 94 95 96 97 98 99 100 101 102 103 104 105 106 107 108 109 110 111 112 113 114 115 116 117 118 119 120 121 122 123 124 125 126 127 128 129 130 131 132 133 134 135 136 137 138 139 140 141 142 143 144 145 146 147 148 149 150 151 152 153 154 155 156 157 158 159 160 161 162 163 164 165 166 167 168 169 170 171 172 173 174 175 176 177 178 179 180 181 182 183 184 185 186 187 188 189 190 191 192 193 194 195 196 197 198 199 200 201 202 203 204 205 206 207 208 209 210 211 212 213 214 215 216 217 218 219 220 221 222 223 224 225 226 227 228 229 230 231 232 233 234 235 236 237 238 239 240 241 242 243 244 245 246 247 248 249 250 251 252 253 254 255 256 257 258 259 260 261 262 263 264 265 266 267 268 269 270 271 272 273 274 275 276 277 278 279 280 281 282 283 284 285 286 287 288 289 290 291 292 293 294 295 296 297 298 299 300 301 302 303 304 305 306 307 308 309 310 311 312 313 314 315 316 317 318 319 320 321 322 323 324 325 326 327 328 329 330 331 332 333 334 335 336 337 338 339 340 341 342 343 344 345 346 347 348 349 350 351 352 353 354 355 356 357 358 359 360 361 362 363 364 365 366 367 368 369 370 371 372 373 374 375 376 377 378 379 380 381 382 383 384 385 386 387 388 389 390 391 392 393 394 395 396 397 398 399 400 401 402 403 404 405 406 407 408 409 410 411 412 413 414 415 416 417 418 419 420 421 422 423 424 425 426 427 428 429 430 431 432 433 434 435 436 437 438 439 440 441 442 443 444 445 446 447 448 449 450 451 452 453 454 455 456 457 458 459 460 461 462 463 464 465 466 467 468 469 470 471 472 473 474 475 476 477 478 479 480 481 482 483 484 485 486 487 488 489 490 491 492 493 494 495 496 497 498 499 500 501 502 503 504 505 506 507 508 509 510 511 512 513 514 515 516 517 518 519 520 521 522 523 524 525 526 527 528 529 530 531 532 533 534 535 536 537 538 539 540 541 542 543 544 545 546 547 548 549 550 551 552 553 554 555 556 557 558 559 560 561 562 563 564 565 566 567 568 569 570 571 572 573 574 575 576 577 578 579 580 581 582 583 584 585 586 587 588 589 590 591 592 593 594 595 596 597 598 599 600 601 602 603 604 605 606 607 608 609 610 611 612 613 614 615 616 617 618 619 620 621 622 623 624 625 626 627 628 629 630 631 632 633 634 635 636 637 638 639 640 641 642 643 644 645 646 647 648 649 650 651 652 653 654 655 656 657 658 659 660 661 662 663 664 665 666 667 668 669 670 671 672 673 674 675 676 677 678 679 680 681 682 683 684 685 686 687 688 689 690 691 692 693 694 695 696 697 698 699 700 701 702 703 704 705 706 707 708 709 710 711 712 713 714 715 716 717 718 719 720 721 722 723 724 725 726 727 728 729 730 731 732 733 734 735 736 737 738 739 740 741 742 743 744 745 746 747 748 749 750 751 752 753 754 755 756 757 758 759 760 761 762 763 764 765 766 767 768 769 770 771 772 773 774 775 776 777 778 779 780 781 782 783 784 785 786 787 788 789 790 791 792 793 794 795 796 797 798 799 800 801 802 803 804 805 806 807 808 809 810 811 812 813 814 815 816 817 818 819 820 821 822 823 824 825 826 827 828 829 830 831 832 833 834 835 836 837 838 839 840 841 842 843 844 845 846 847 848 849 850 851 852 853 854 855 856 857 858 859 860 861 862 863 864 865 866 867 868 869 870 871 872 873 874 875 876 877 878 879 880 881 882 883 884 885 886 887 888 889 890 891 892 893 894 895 896 897 898 899 900 901 902 903 904 905 906 907 908 909 910 911 912 913 914 915 916 917 918 919 920 921 922 923 924 925 926 927 928 929 930 931 932 933 934 935 936 937 938 939 940 941 942 943 944 945 946 947 948 949 950 951 952 953 954 955 956 957 958 959 960 961 962 963 964 965 966 967 968 969 970 971 972 973 974 975 976 977 978 979 980 981 982 983 984 985 986 987 988 989 990 991 992 993 994 995 996 997 998 999
