1000
100 100 100
0 11 20 6
1 4 20 3
2 16 8 6
3 11 12 6
4 28 31 27
5 10 16 15
6 21 31 33
7 5 10 1
8 15 13 20
9 26 5 13
10 35 12 14
11 3 18 26
12 29 12 34
13 25 20 9
14 4 33 26
15 26 30 2
16 33 28 16
17 28 30 3
18 23 8 13
19 19 30 19
20 25 5 32
21 30 4 28
22 25 21 8
23 1 28 22
24 20 19 7
25 9 4 31
26 20 16 21
27 34 10 5
28 29 21 23
29 8 25 34
30 33 31 8
31 15 15 35
32 16 33 7
33 12 26 22
34 10 14 32
35 2 15 30
36 7 9 14
37 20 20 19
38 28 7 25
39 14 19 33
40 17 8 19
41 9 10 8
42 15 19 21
43 11 28 4
44 11 15 5
45 27 31 16
46 32 16 33
47 6 13 7
48 12 15 33
49 15 35 3
50 34 5 4
51 23 14 27
52 22 23 27
53 1 23 8
54 32 22 2
55 10 30 15
56 1 1 2
57 17 8 10
58 29 1 13
59 7 17 24
60 2 12 12
61 25 4 15
62 16 28 33
63 7 27 20
64 17 35 9
65 28 16 2
66 22 9 15
67 24 9 6
68 18 5 30
69 33 31 3
70 24 5 24
71 22 34 24
72 17 14 29
73 12 18 23
74 34 35 18
75 14 26 14
76 3 4 16
77 13 26 1
78 13 23 25
79 26 17 20
80 1 33 7
81 16 16 8
82 32 11 33
83 19 20 30
84 22 27 32
85 1 18 27
86 8 34 25
87 30 29 20
88 24 19 19
89 18 32 14
90 11 15 11
91 23 19 15
92 14 7 15
93 35 25 20
94 17 23 33
95 4 27 3
96 18 31 3
97 17 34 21
98 18 1 18
99 32 21 33
100 12 13 12
101 16 8 1
102 6 29 19
103 9 26 22
104 20 16 4
105 11 32 12
106 7 27 29
107 32 20 28
108 9 31 12
109 23 25 13
110 29 16 10
111 12 17 16
112 3 26 12
113 13 27 11
114 14 16 23
115 28 11 19
116 15 22 22
117 29 33 25
118 35 11 27
119 30 20 16
120 14 29 3
121 25 28 19
122 1 35 17
123 8 3 17
124 2 15 14
125 4 19 9
126 29 34 35
127 25 27 18
128 16 6 9
129 9 30 1
130 24 2 7
131 33 18 13
132 23 4 2
133 27 20 6
134 5 5 2
135 17 16 16
136 21 8 31
137 15 19 5
138 35 32 3
139 9 23 31
140 27 2 35
141 23 4 18
142 11 34 29
143 27 33 33
144 26 11 20
145 29 2 22
146 29 11 16
147 2 33 15
148 29 34 34
149 28 28 30
150 31 16 35
151 23 15 5
152 1 34 8
153 7 32 35
154 8 25 22
155 11 31 29
156 8 4 2
157 27 20 5
158 27 24 27
159 11 12 35
160 12 22 24
161 21 9 34
162 29 35 24
163 32 22 17
164 20 30 15
165 14 18 12
166 4 29 33
167 20 29 11
168 2 2 2
169 32 15 32
170 19 8 23
171 32 10 12
172 22 29 29
173 1 29 11
174 23 14 14
175 27 16 9
176 10 35 31
177 20 10 34
178 12 31 5
179 13 1 21
180 6 5 8
181 20 30 22
182 19 30 6
183 16 25 29
184 8 26 22
185 12 21 23
186 2 31 16
187 11 30 16
188 15 12 9
189 26 23 29
190 3 17 6
191 24 1 4
192 16 30 30
193 32 21 26
194 21 14 24
195 13 31 9
196 3 19 8
197 9 17 24
198 7 8 24
199 15 14 15
200 20 24 19
201 16 22 25
202 7 5 12
203 31 1 28
204 34 32 24
205 1 11 24
206 11 34 3
207 20 27 5
208 19 6 11
209 9 15 17
210 16 11 32
211 31 10 2
212 12 28 23
213 7 28 18
214 31 31 2
215 19 25 9
216 26 31 4
217 1 9 18
218 20 16 13
219 6 18 7
220 4 15 13
221 34 22 20
222 24 24 16
223 15 20 14
224 17 14 1
225 28 10 27
226 11 14 33
227 29 10 30
228 27 34 24
229 27 17 2
230 12 25 2
231 21 21 10
232 2 13 9
233 35 18 2
234 29 13 5
235 4 23 17
236 20 19 31
237 34 35 11
238 2 12 15
239 5 14 11
240 14 34 21
241 7 21 34
242 35 35 27
243 3 11 30
244 9 4 35
245 6 1 11
246 16 22 25
247 28 16 15
248 25 22 6
249 8 11 5
250 5 28 24
251 2 30 17
252 20 26 29
253 23 12 19
254 20 1 34
255 11 34 8
256 2 24 26
257 1 10 34
258 33 11 22
259 6 15 21
260 11 22 17
261 30 26 15
262 30 35 6
263 28 22 20
264 22 1 32
265 34 28 14
266 1 7 29
267 12 4 12
268 34 6 1
269 24 8 4
270 19 1 23
271 35 7 28
272 22 16 19
273 22 34 16
274 8 31 13
275 4 14 33
276 6 11 17
277 25 15 33
278 19 16 19
279 24 13 8
280 13 5 24
281 10 34 28
282 15 31 31
283 24 9 7
284 35 6 23
285 34 8 26
286 8 18 5
287 8 6 6
288 13 5 1
289 30 29 12
290 17 34 7
291 33 28 17
292 12 22 4
293 24 32 22
294 28 33 35
295 4 33 24
296 20 9 10
297 34 18 32
298 17 5 6
299 29 32 17
300 9 4 24
301 26 20 21
302 31 9 12
303 15 3 15
304 26 20 1
305 21 12 35
306 16 13 7
307 10 16 21
308 28 13 4
309 22 15 17
310 21 6 32
311 11 1 3
312 27 28 23
313 9 27 11
314 26 32 24
315 33 18 34
316 27 33 28
317 30 8 17
318 22 15 28
319 16 18 23
320 34 18 21
321 25 2 17
322 26 22 25
323 11 31 13
324 7 8 32
325 5 3 8
326 3 2 15
327 11 25 10
328 3 32 4
329 32 30 23
330 14 7 10
331 26 17 35
332 27 12 13
333 3 20 26
334 4 16 35
335 25 27 18
336 3 23 35
337 10 15 19
338 2 14 4
339 29 12 17
340 24 16 32
341 13 31 20
342 31 20 22
343 32 17 12
344 2 3 5
345 7 30 9
346 1 23 8
347 21 23 7
348 6 19 29
349 29 28 3
350 14 21 3
351 32 26 19
352 16 24 33
353 29 20 1
354 25 13 7
355 18 24 23
356 35 32 3
357 20 19 27
358 3 9 24
359 19 13 5
360 23 16 13
361 22 4 3
362 8 29 35
363 30 23 18
364 10 32 10
365 3 18 1
366 20 5 26
367 21 9 25
368 34 2 7
369 28 24 9
370 27 14 6
371 2 32 18
372 9 30 20
373 24 4 26
374 5 2 24
375 26 35 14
376 4 15 26
377 2 16 6
378 31 27 13
379 24 18 2
380 11 35 34
381 32 28 8
382 18 14 9
383 17 21 10
384 35 15 21
385 30 14 24
386 23 28 34
387 24 5 12
388 32 9 20
389 5 9 30
390 15 7 2
391 15 2 30
392 26 4 24
393 13 25 7
394 22 12 16
395 7 12 12
396 29 19 31
397 27 28 19
398 33 32 30
399 17 16 2
400 14 1 7
401 35 18 3
402 2 22 26
403 5 10 8
404 22 2 17
405 32 13 35
406 20 6 29
407 33 26 7
408 15 23 25
409 17 17 21
410 21 13 10
411 6 31 34
412 31 15 22
413 25 12 29
414 6 19 27
415 7 1 33
416 8 34 9
417 19 16 25
418 5 32 15
419 30 8 9
420 28 26 16
421 21 28 2
422 25 6 32
423 25 33 25
424 14 16 21
425 29 11 26
426 33 1 9
427 32 31 5
428 5 2 27
429 31 30 11
430 25 22 5
431 2 12 24
432 24 18 5
433 18 12 21
434 23 13 17
435 9 20 35
436 9 19 12
437 30 31 20
438 28 8 15
439 22 13 5
440 32 16 27
441 6 31 16
442 28 32 22
443 3 2 15
444 35 1 4
445 32 27 17
446 12 13 3
447 24 9 25
448 21 21 7
449 32 28 6
450 30 9 10
451 11 18 8
452 3 12 20
453 9 31 6
454 3 20 26
455 13 32 28
456 31 31 20
457 33 27 14
458 3 6 10
459 19 26 20
460 22 9 8
461 35 35 33
462 35 32 27
463 22 9 22
464 21 9 22
465 17 12 14
466 7 26 33
467 7 11 28
468 33 22 9
469 8 10 19
470 9 15 6
471 11 3 14
472 30 30 12
473 9 5 32
474 3 12 35
475 17 3 10
476 35 27 5
477 6 10 24
478 22 18 10
479 19 11 22
480 29 17 23
481 25 7 21
482 21 31 30
483 8 6 7
484 28 20 24
485 33 15 31
486 17 30 21
487 29 32 22
488 19 12 5
489 20 1 21
490 16 16 31
491 13 31 4
492 2 3 28
493 25 30 23
494 27 34 15
495 11 8 34
496 13 26 12
497 12 34 14
498 3 15 30
499 14 16 32
500 6 25 25
501 20 27 34
502 34 13 35
503 11 1 6
504 27 4 7
505 31 12 9
506 21 35 9
507 18 18 15
508 9 19 26
509 1 16 21
510 17 28 11
511 1 15 28
512 1 10 29
513 22 11 6
514 10 3 20
515 19 27 30
516 34 4 28
517 12 5 6
518 19 23 33
519 11 23 20
520 30 7 14
521 15 13 31
522 8 33 34
523 16 31 30
524 16 20 7
525 6 21 8
526 17 21 14
527 33 18 18
528 22 15 24
529 34 12 32
530 18 7 33
531 6 6 15
532 28 1 21
533 18 13 8
534 17 23 22
535 4 16 25
536 1 33 20
537 11 29 15
538 20 4 14
539 25 25 35
540 24 16 23
541 19 3 35
542 6 6 20
543 20 29 20
544 3 15 12
545 3 26 25
546 26 14 9
547 16 20 31
548 29 9 5
549 29 32 8
550 31 26 22
551 15 28 16
552 25 33 28
553 28 22 20
554 6 20 26
555 16 7 10
556 22 12 31
557 29 8 23
558 17 2 31
559 22 9 8
560 33 10 12
561 21 3 29
562 30 26 28
563 2 21 3
564 6 34 26
565 9 23 6
566 28 34 23
567 17 29 8
568 2 27 28
569 1 30 26
570 13 14 6
571 19 2 4
572 4 8 11
573 4 34 35
574 31 35 2
575 8 14 5
576 7 28 27
577 19 1 9
578 29 31 33
579 8 30 28
580 4 1 27
581 18 17 27
582 10 35 15
583 10 15 14
584 17 34 21
585 18 20 24
586 13 19 15
587 16 34 3
588 28 15 35
589 15 1 28
590 2 8 18
591 17 28 24
592 8 15 11
593 21 35 23
594 11 22 2
595 10 12 9
596 13 24 21
597 2 6 4
598 3 5 5
599 1 25 17
600 15 16 26
601 3 23 23
602 22 10 5
603 2 13 3
604 32 10 3
605 18 10 25
606 34 33 19
607 22 22 20
608 14 28 5
609 22 22 30
610 15 7 27
611 5 1 4
612 35 5 11
613 16 6 19
614 34 15 18
615 25 35 1
616 30 12 35
617 24 24 29
618 16 22 9
619 30 8 18
620 33 34 21
621 17 24 1
622 25 14 24
623 24 35 21
624 10 13 4
625 3 22 22
626 9 8 32
627 31 5 19
628 32 16 1
629 23 19 16
630 18 30 31
631 20 12 13
632 31 27 6
633 29 8 8
634 5 20 17
635 2 32 6
636 5 21 35
637 27 27 15
638 34 1 2
639 10 18 15
640 8 2 10
641 29 29 34
642 4 14 2
643 13 7 31
644 24 15 22
645 22 18 8
646 26 12 23
647 7 27 16
648 26 28 3
649 17 33 32
650 8 9 26
651 29 31 7
652 8 35 12
653 7 11 5
654 2 10 30
655 1 3 27
656 11 16 2
657 16 32 34
658 7 28 33
659 16 32 15
660 35 21 30
661 31 25 14
662 15 16 1
663 25 20 16
664 30 32 4
665 24 4 1
666 27 4 22
667 9 1 19
668 13 15 2
669 29 7 19
670 1 35 30
671 31 35 20
672 14 16 24
673 35 26 15
674 32 4 12
675 18 26 26
676 8 10 14
677 20 7 22
678 30 16 16
679 29 29 26
680 13 32 35
681 13 13 16
682 3 22 18
683 21 30 17
684 25 24 8
685 25 34 25
686 29 18 10
687 34 20 3
688 22 19 8
689 27 22 22
690 30 6 17
691 35 20 4
692 24 11 11
693 34 33 10
694 31 15 22
695 28 3 8
696 22 35 5
697 33 16 24
698 25 17 6
699 23 30 33
700 29 20 22
701 30 33 16
702 32 33 31
703 24 2 9
704 34 24 18
705 3 10 15
706 16 34 27
707 7 5 23
708 20 14 33
709 10 20 16
710 17 24 13
711 3 16 17
712 27 17 32
713 29 19 7
714 11 33 18
715 18 33 1
716 28 21 27
717 3 29 31
718 29 27 19
719 21 12 25
720 2 26 4
721 29 6 23
722 32 14 18
723 10 11 34
724 24 34 25
725 8 1 20
726 35 20 7
727 29 8 14
728 6 29 32
729 4 7 31
730 20 13 19
731 26 32 4
732 32 24 33
733 31 3 13
734 29 15 1
735 26 32 23
736 30 20 7
737 31 15 2
738 3 23 4
739 14 19 11
740 26 34 8
741 26 19 24
742 25 31 33
743 28 31 22
744 23 26 30
745 13 16 26
746 11 21 8
747 19 25 14
748 25 10 1
749 32 23 1
750 31 35 33
751 20 27 1
752 9 5 35
753 31 12 27
754 19 18 35
755 11 9 16
756 12 26 3
757 2 29 10
758 19 34 8
759 11 34 11
760 7 29 27
761 32 32 8
762 15 11 30
763 9 19 6
764 11 16 31
765 12 8 13
766 32 25 4
767 5 32 19
768 21 24 11
769 29 18 26
770 33 29 33
771 5 23 11
772 4 18 33
773 6 11 2
774 13 11 15
775 9 15 31
776 31 22 12
777 21 19 26
778 5 9 33
779 31 26 32
780 31 10 35
781 19 5 29
782 31 3 32
783 15 11 8
784 20 21 17
785 18 33 29
786 1 4 30
787 30 1 24
788 18 34 6
789 32 12 27
790 15 18 30
791 32 29 18
792 7 25 1
793 18 2 25
794 12 11 14
795 29 29 9
796 34 11 28
797 27 22 5
798 28 22 18
799 28 19 30
800 10 20 16
801 9 31 10
802 9 18 18
803 25 21 14
804 11 22 5
805 16 14 27
806 8 19 21
807 2 10 26
808 7 33 17
809 9 8 19
810 19 32 4
811 21 16 15
812 34 9 26
813 11 18 10
814 6 26 14
815 22 3 17
816 23 16 18
817 21 6 12
818 15 23 27
819 11 15 3
820 29 6 33
821 2 19 4
822 15 10 7
823 26 21 10
824 16 15 3
825 32 13 31
826 10 14 14
827 13 18 19
828 28 16 14
829 15 35 34
830 13 14 13
831 30 28 13
832 3 9 9
833 35 11 24
834 35 27 16
835 2 23 28
836 34 18 24
837 14 25 11
838 17 26 23
839 5 3 5
840 31 10 14
841 5 34 12
842 23 22 13
843 11 11 7
844 32 21 21
845 34 6 33
846 1 28 34
847 11 18 27
848 31 22 35
849 4 5 12
850 7 22 6
851 21 9 30
852 7 25 8
853 34 9 8
854 17 20 25
855 32 9 28
856 11 13 13
857 12 22 20
858 3 1 27
859 26 19 24
860 26 6 17
861 15 35 32
862 33 33 18
863 12 18 27
864 28 27 9
865 12 33 6
866 4 15 20
867 27 10 17
868 23 11 14
869 20 16 7
870 2 31 19
871 24 26 25
872 20 24 5
873 1 34 21
874 27 35 11
875 35 10 20
876 6 18 31
877 14 3 16
878 32 27 20
879 20 29 26
880 29 31 28
881 32 35 1
882 28 5 18
883 23 7 14
884 8 35 8
885 9 35 6
886 32 1 30
887 26 19 31
888 1 17 3
889 17 1 2
890 17 28 6
891 33 27 8
892 1 12 12
893 35 30 3
894 8 28 8
895 32 34 7
896 27 13 17
897 3 11 27
898 29 16 17
899 25 32 26
900 33 19 34
901 27 32 35
902 6 27 14
903 32 35 21
904 35 3 9
905 5 8 34
906 22 1 6
907 3 13 16
908 20 25 7
909 15 29 1
910 9 33 33
911 6 32 18
912 30 1 11
913 18 10 21
914 1 34 19
915 7 5 10
916 33 3 12
917 14 3 27
918 33 3 22
919 7 5 1
920 10 5 21
921 14 35 20
922 32 35 27
923 34 3 31
924 8 7 11
925 3 20 3
926 31 28 10
927 8 4 24
928 10 15 14
929 2 6 7
930 8 30 5
931 4 1 23
932 3 28 9
933 19 10 15
934 1 19 22
935 14 13 6
936 15 17 11
937 17 7 20
938 33 12 1
939 5 6 33
940 5 6 7
941 21 28 20
942 3 30 12
943 1 9 4
944 29 28 2
945 5 32 17
946 20 14 1
947 5 30 13
948 16 19 19
949 6 26 9
950 4 12 2
951 28 13 30
952 35 11 33
953 23 3 14
954 8 31 7
955 13 34 21
956 6 29 4
957 21 4 15
958 15 27 8
959 10 20 16
960 17 20 4
961 1 35 26
962 32 17 2
963 26 7 17
964 23 10 2
965 30 23 31
966 13 12 15
967 35 17 19
968 19 23 34
969 30 5 28
970 28 23 12
971 11 17 3
972 19 22 31
973 7 27 3
974 27 26 31
975 4 29 17
976 14 19 8
977 8 22 14
978 32 9 15
979 21 22 3
980 35 18 24
981 27 5 8
982 16 19 29
983 10 2 17
984 22 1 32
985 8 2 21
986 8 33 30
987 9 23 7
988 1 34 1
989 5 6 5
990 1 4 6
991 21 35 32
992 17 7 16
993 30 23 34
994 17 1 5
995 26 19 25
996 15 1 34
997 30 7 2
998 31 10 26
999 14 21 1
0 1 2 3 4 5 6 7 8 9 10 11 12 13 14 15 16 17 18 19 20 21 22 23 24 25 26 27 28 29 30 31 32 33 34 35 36 37 38 39 40 41 42 43 44 45 46 47 48 49 50 51 52 53 54 55 56 57 58 59 60 61 62 63 64 65 66 67 68 69 70 71 72 73 74 75 76 77 78 79 80 81 82 83 84 85 86 87 88 89 90 91 92 93 94 95 96 97 98 99 100 101 102 103 104 105 106 107 108 109 110 111 112 113 114 115 116 117 118 119 120 121 122 123 124 125 126 127 128 129 130 131 132 133 134 135 136 137 138 139 140 141 142 143 144 145 146 147 148 149 150 151 152 153 154 155 156 157 158 159 160 161 162 163 164 165 166 167 168 169 170 171 172 173 174 175 176 177 178 179 180 181 182 183 184 185 186 187 188 189 190 191 192 193 194 195 196 197 198 199 200 201 202 203 204 205 206 207 208 209 210 211 212 213 214 215 216 217 218 219 220 221 222 223 224 225 226 227 228 229 230 231 232 233 234 235 236 237 238 239 240 241 242 243 244 245 246 247 248 249 250 251 252 253 254 255 256 257 258 259 260 261 262 263 264 265 266 267 268 269 270 271 272 273 274 275 276 277 278 279 280 281 282 283 284 285 286 287 288 289 290 291 292 293 294 295 296 297 298 299 300 301 302 303 304 305 306 307 308 309 310 311 312 313 314 315 316 317 318 319 320 321 322 323 324 325 326 327 328 329 330 331 332 333 334 335 336 337 338 339 340 341 342 343 344 345 346 347 348 349 350 351 352 353 354 355 356 357 358 359 360 361 362 363 364 365 366 367 368 369 370 371 372 373 374 375 376 377 378 379 380 381 382 383 384 385 386 387 388 389 390 391 392 393 394 395 396 397 398 399 400 401 402 403 404 405 406 407 408 409 410 411 412 413 414 415 416 417 418 419 420 421 422 423 424 425 426 427 428 429 430 431 432 433 434 435 436 437 438 439 440 441 442 443 444 445 446 447 448 449 450 451 452 453 454 455 456 457 458 459 460 461 462 463 464 465 466 467 468 469 470 471 472 473 474 475 476 477 478 479 480 481 482 483 484 485 486 487 488 489 490 491 492 493 494 495 496 497 498 499 500 501 502 503 504 505 506 507 508 509 510 511 512 513 514 515 516 517 518 519 520 521 522 523 524 525 526 527 528 529 530 531 532 533 534 535 536 537 538 539 540 541 542 543 544 545 546 547 548 549 550 551 552 553 554 555 556 557 558 559 560 561 562 563 564 565 566 567 568 569 570 571 572 573 574 575 576 577 578 579 580 581 582 583 584 585 586 587 588 589 590 591 592 593 594 595 596 597 598 599 600 601 602 603 604 605 606 607 608 609 610 611 612 613 614 615 616 617 618 619 620 621 622 623 624 625 626 627 628 629 630 631 632 633 634 635 636 637 638 639 640 641 642 643 644 645 646 647 648 649 650 651 652 653 654 655 656 657 658 659 660 661 662 663 664 665 666 667 668 669 670 671 672 673 674 675 676 677 678 679 680 681 682 683 684 685 686 687 688 689 690 691 692 693 694 695 696 697 698 699 700 701 702 703 704 705 706 707 708 709 710 711 712 713 714 715 716 717 718 719 720 721 722 723 724 725 726 727 728 729 730 731 732 733 734 735 736 737 738 739 740 741 742 743 744 745 746 747 748 749 750 751 752 753 754 755 756 757 758 759 760 761 762 763 764 765 766 767 768 769 770 771 772 773 774 775 776 777 778 779 780 781 782 783 784 785 786 787 788 789 790 791 792 793 794 795 796 797 798 799 800 801 802 803 804 805 806 807 808 809 810 811 812 813 814 815 816 817 818 819 820 821 822 823 824 825 826 827 828 829 830 831 832 833 834 835 836 837 838 839 840 841 842 843 844 845 846 847 848 849 850 851 852 853 854 855 856 857 858 859 860 861 862 863 864 865 866 867 868 869 870 871 872 873 874 875 876 877 878 879 880 881 882 883 884 885 886 887 888 889 890 891 892 893 894 895 896 897 898 899 900 901 902 903 904 905 906 907 908 909 910 911 912 913 914 915 916 917 918 919 920 921 922 923 924 925 926 927 928 929 930 931 932 933 934 935 936 937 938 939 940 941 942 943 944 945 946 947 948 949 950 951 952 953 954 955 956 957 958 959 960 961 962 963 964 965 966 967 968 969 970 971 972 973 974 975 976 977 978 979 980 981 982 983 984 985 986 987 988 989 990 991 992 993 994 995 996 997 998 999
