1000
100 100 100
0 15 4 29
1 12 6 13
2 12 27 31
3 10 13 23
4 30 7 28
5 16 28 18
6 21 4 10
7 26 34 19
8 29 33 2
9 32 22 4
10 14 3 23
11 32 32 33
12 1 29 32
13 26 20 27
14 5 35 20
15 13 4 3
16 2 34 28
17 19 14 28
18 8 6 2
19 22 32 27
20 10 3 27
21 8 15 9
22 2 11 8
23 9 11 21
24 22 10 34
25 28 19 10
26 16 15 15
27 29 31 24
28 32 16 4
29 14 7 18
30 26 12 32
31 6 27 28
32 26 12 6
33 5 7 9
34 12 32 34
35 18 30 4
36 8 29 6
37 34 31 27
38 6 10 19
39 33 16 1
40 12 27 3
41 30 24 34
42 25 29 7
43 21 29 28
44 25 24 3
45 34 27 9
46 15 11 31
47 19 14 27
48 1 12 29
49 26 34 20
50 11 14 9
51 15 11 15
52 23 33 29
53 28 21 28
54 25 3 30
55 4 31 29
56 1 32 21
57 27 16 30
58 29 23 26
59 5 10 1
60 12 20 22
61 13 20 28
62 29 10 22
63 4 16 21
64 33 5 14
65 17 7 16
66 8 2 12
67 9 22 32
68 25 30 26
69 13 2 30
70 24 14 31
71 22 13 6
72 17 29 29
73 31 23 23
74 6 10 34
75 33 13 24
76 15 30 12
77 5 35 8
78 4 35 13
79 28 14 34
80 26 25 24
81 20 24 2
82 29 33 25
83 13 11 9
84 2 29 26
85 2 35 14
86 8 16 7
87 13 13 15
88 14 23 32
89 21 7 7
90 7 16 17
91 11 19 34
92 29 24 16
93 20 30 27
94 4 6 26
95 33 4 25
96 35 32 14
97 22 30 20
98 33 9 3
99 28 3 1
100 3 12 3
101 33 25 28
102 17 33 21
103 3 5 28
104 30 4 28
105 12 9 21
106 18 34 8
107 19 5 25
108 26 14 19
109 17 3 16
110 15 30 11
111 25 19 32
112 12 1 23
113 21 30 3
114 1 4 4
115 4 30 14
116 11 17 27
117 32 11 30
118 22 29 3
119 2 10 5
120 7 2 1
121 7 6 28
122 2 29 30
123 19 24 19
124 35 8 3
125 2 22 26
126 5 28 8
127 17 7 7
128 17 25 28
129 28 14 26
130 28 3 23
131 16 27 19
132 30 17 28
133 6 17 20
134 8 29 17
135 25 15 10
136 33 3 25
137 16 9 14
138 25 3 32
139 8 24 14
140 5 32 5
141 6 28 3
142 2 8 25
143 9 9 29
144 34 11 4
145 16 15 14
146 14 22 6
147 20 22 8
148 29 30 23
149 19 27 2
150 23 25 6
151 19 31 9
152 26 11 13
153 6 14 23
154 12 3 24
155 22 9 15
156 35 27 14
157 2 9 5
158 10 28 12
159 27 30 2
160 13 23 9
161 30 21 26
162 27 23 12
163 33 8 13
164 3 18 13
165 33 33 31
166 21 1 30
167 19 2 4
168 18 29 24
169 26 9 19
170 29 13 13
171 16 7 6
172 31 29 23
173 12 28 31
174 3 33 25
175 34 6 12
176 20 35 11
177 27 20 13
178 6 29 1
179 21 6 10
180 17 6 5
181 9 32 22
182 26 9 29
183 24 28 4
184 5 33 6
185 21 8 15
186 22 10 12
187 17 9 3
188 4 33 30
189 32 28 14
190 4 29 13
191 25 24 25
192 34 24 1
193 3 22 23
194 27 3 17
195 3 11 35
196 26 25 19
197 17 6 11
198 27 27 3
199 6 4 27
200 10 12 31
201 22 32 16
202 12 15 2
203 3 24 35
204 25 18 32
205 25 15 24
206 18 11 30
207 25 17 27
208 12 17 20
209 16 21 18
210 19 34 5
211 27 1 19
212 13 13 15
213 31 35 22
214 1 27 13
215 19 6 2
216 2 9 4
217 35 10 6
218 5 6 13
219 21 32 35
220 23 11 8
221 25 27 21
222 9 17 13
223 17 9 18
224 14 4 32
225 6 33 12
226 5 4 2
227 18 2 13
228 8 32 34
229 17 16 8
230 27 34 19
231 32 11 32
232 16 21 32
233 26 16 34
234 4 16 35
235 27 31 32
236 18 13 12
237 17 34 12
238 17 29 34
239 7 26 11
240 5 12 4
241 34 24 2
242 3 21 18
243 15 11 33
244 29 34 35
245 5 23 5
246 4 13 7
247 4 13 25
248 25 29 19
249 34 27 32
250 9 25 25
251 20 32 6
252 14 24 3
253 3 11 34
254 20 1 15
255 21 28 14
256 24 23 1
257 27 22 11
258 3 23 19
259 10 26 17
260 17 5 11
261 2 9 29
262 5 25 11
263 35 5 20
264 24 6 18
265 32 35 31
266 2 12 14
267 23 13 23
268 22 34 3
269 35 13 10
270 7 26 22
271 4 27 14
272 29 14 29
273 4 14 31
274 15 32 24
275 7 13 28
276 7 29 15
277 2 31 12
278 17 23 26
279 26 26 11
280 31 22 5
281 23 17 25
282 9 15 18
283 35 18 7
284 33 16 2
285 2 16 6
286 26 18 35
287 11 10 35
288 17 8 19
289 13 18 26
290 28 4 34
291 26 29 11
292 3 8 18
293 30 35 4
294 4 27 13
295 18 12 26
296 7 13 13
297 8 4 13
298 15 8 22
299 9 24 24
300 31 12 28
301 19 9 17
302 22 11 2
303 30 17 23
304 18 10 9
305 23 5 13
306 35 19 17
307 13 5 10
308 15 27 35
309 14 35 22
310 32 28 4
311 27 8 11
312 33 19 29
313 35 13 27
314 8 34 32
315 26 23 7
316 9 5 23
317 28 5 11
318 4 6 31
319 23 19 14
320 13 20 7
321 18 2 9
322 3 12 10
323 19 3 32
324 31 28 15
325 2 19 16
326 34 11 25
327 4 5 31
328 7 6 27
329 11 35 28
330 27 15 9
331 2 1 27
332 23 16 25
333 10 13 13
334 19 14 30
335 28 9 8
336 18 11 28
337 20 22 23
338 23 18 28
339 22 17 22
340 4 2 7
341 26 5 5
342 6 23 6
343 16 13 15
344 34 12 8
345 18 11 8
346 11 3 22
347 8 16 18
348 29 11 27
349 28 7 28
350 15 12 20
351 25 14 25
352 27 29 9
353 25 27 17
354 28 11 1
355 34 1 6
356 26 24 2
357 21 14 8
358 3 25 3
359 16 13 22
360 19 22 7
361 30 34 13
362 17 12 15
363 3 22 8
364 26 20 8
365 35 29 5
366 16 34 3
367 21 21 16
368 35 9 1
369 27 29 17
370 21 25 5
371 26 7 31
372 33 33 15
373 8 21 11
374 33 27 18
375 9 23 28
376 12 16 14
377 8 19 16
378 16 6 6
379 13 27 8
380 22 25 4
381 31 13 27
382 7 15 18
383 26 33 24
384 2 10 5
385 21 28 26
386 34 6 13
387 34 4 21
388 8 7 16
389 23 24 13
390 6 30 13
391 30 24 29
392 23 32 34
393 3 31 13
394 34 2 9
395 13 31 19
396 7 31 7
397 33 27 4
398 25 1 14
399 35 26 31
400 27 13 22
401 10 7 2
402 16 12 4
403 32 15 15
404 11 31 16
405 15 13 32
406 16 24 29
407 25 16 18
408 25 27 30
409 21 35 32
410 33 8 5
411 30 5 22
412 6 30 3
413 7 26 18
414 12 13 18
415 1 24 22
416 34 35 23
417 33 5 6
418 5 16 12
419 29 20 8
420 30 5 7
421 25 26 3
422 6 16 10
423 9 24 23
424 5 4 32
425 5 4 3
426 14 9 28
427 15 20 27
428 28 29 31
429 18 17 13
430 22 30 32
431 27 15 31
432 16 21 19
433 29 28 31
434 27 21 33
435 28 35 7
436 13 25 26
437 2 26 12
438 23 5 11
439 15 11 17
440 29 27 18
441 23 35 35
442 3 15 25
443 2 23 26
444 2 14 20
445 5 25 3
446 30 14 3
447 4 6 7
448 19 14 2
449 18 15 15
450 4 9 6
451 2 14 15
452 4 24 20
453 25 6 19
454 8 7 17
455 27 31 7
456 9 25 32
457 25 4 29
458 10 27 28
459 34 5 32
460 14 24 30
461 3 17 4
462 29 14 32
463 34 12 20
464 12 14 6
465 21 19 15
466 27 14 11
467 2 9 24
468 9 28 26
469 12 24 1
470 11 27 20
471 32 4 7
472 3 33 24
473 35 24 33
474 26 32 4
475 9 14 24
476 32 28 6
477 22 11 29
478 19 15 25
479 13 18 31
480 5 19 28
481 20 13 4
482 4 28 24
483 31 16 24
484 23 3 33
485 11 30 30
486 10 12 19
487 26 31 20
488 17 27 7
489 29 20 4
490 19 30 8
491 30 21 23
492 11 26 12
493 31 17 12
494 29 17 25
495 24 25 33
496 7 23 33
497 3 8 34
498 31 35 34
499 20 16 1
500 12 22 21
501 24 10 8
502 23 14 18
503 12 13 7
504 32 35 20
505 14 4 32
506 34 19 18
507 7 23 22
508 11 12 8
509 14 21 30
510 21 13 14
511 31 1 1
512 14 8 14
513 5 16 28
514 13 16 4
515 20 9 23
516 30 35 10
517 21 6 35
518 4 8 7
519 19 8 23
520 21 34 27
521 11 23 4
522 21 21 8
523 7 19 18
524 18 35 14
525 17 25 1
526 25 18 29
527 34 19 1
528 25 2 23
529 29 33 15
530 9 21 20
531 26 26 1
532 17 34 19
533 32 35 13
534 28 1 32
535 5 27 13
536 30 9 21
537 33 15 27
538 1 24 20
539 10 34 12
540 6 35 15
541 13 31 13
542 17 2 8
543 20 1 20
544 7 23 27
545 24 10 32
546 12 20 31
547 9 33 30
548 24 34 22
549 10 34 26
550 21 20 34
551 32 22 10
552 14 20 12
553 3 25 2
554 25 14 4
555 35 13 12
556 13 22 13
557 24 35 32
558 28 31 30
559 17 15 29
560 9 1 10
561 23 1 9
562 18 4 21
563 35 30 35
564 33 29 32
565 24 9 22
566 14 5 34
567 4 11 5
568 18 8 34
569 33 6 17
570 30 33 20
571 22 33 21
572 9 6 26
573 11 8 2
574 9 16 16
575 14 5 19
576 11 1 5
577 5 35 28
578 9 18 17
579 6 10 14
580 25 14 26
581 22 34 11
582 21 21 18
583 28 27 20
584 6 3 11
585 9 18 7
586 33 23 16
587 32 11 2
588 29 29 10
589 16 10 35
590 3 3 3
591 34 6 6
592 5 24 24
593 7 3 26
594 5 31 12
595 2 10 21
596 4 23 16
597 7 25 5
598 27 3 15
599 27 15 10
600 31 20 6
601 14 35 13
602 26 20 24
603 17 32 31
604 8 12 10
605 22 26 6
606 33 12 20
607 22 23 3
608 35 33 30
609 26 3 32
610 7 18 1
611 8 24 5
612 19 21 14
613 29 17 11
614 13 35 20
615 2 8 28
616 16 26 17
617 35 5 11
618 23 12 33
619 24 2 16
620 16 17 11
621 25 24 4
622 23 28 34
623 7 29 18
624 8 27 32
625 34 11 23
626 11 34 1
627 35 4 13
628 6 27 31
629 6 29 23
630 29 8 2
631 33 20 28
632 17 25 18
633 18 16 10
634 34 30 6
635 30 14 8
636 16 12 18
637 26 13 23
638 26 15 20
639 9 10 13
640 1 28 2
641 17 13 8
642 10 34 20
643 5 20 20
644 11 17 13
645 4 33 16
646 14 7 4
647 15 34 28
648 35 35 2
649 13 16 30
650 3 8 34
651 30 35 15
652 27 4 19
653 28 22 25
654 2 30 24
655 21 32 31
656 13 20 30
657 19 12 15
658 4 33 23
659 28 16 31
660 7 21 4
661 28 34 27
662 19 27 24
663 7 4 31
664 28 31 3
665 15 34 13
666 9 18 34
667 21 13 8
668 22 35 22
669 22 8 11
670 24 10 33
671 18 28 22
672 20 17 8
673 24 33 7
674 24 20 15
675 23 31 24
676 25 29 4
677 30 3 10
678 22 18 11
679 11 20 4
680 35 14 26
681 31 22 21
682 22 34 21
683 29 20 3
684 6 21 27
685 7 11 10
686 18 20 25
687 27 8 32
688 1 25 7
689 32 8 21
690 2 9 13
691 32 14 4
692 18 8 20
693 23 15 17
694 3 19 6
695 19 15 17
696 34 18 10
697 6 16 18
698 9 20 16
699 9 28 6
700 6 28 10
701 16 21 34
702 9 4 33
703 14 3 25
704 19 8 1
705 18 17 4
706 20 7 3
707 34 9 3
708 15 17 22
709 35 32 3
710 25 7 9
711 9 23 3
712 26 3 6
713 13 29 24
714 4 25 10
715 8 20 35
716 24 7 9
717 24 18 29
718 33 22 18
719 12 16 22
720 3 6 13
721 26 18 34
722 23 25 10
723 15 24 27
724 29 9 17
725 1 16 25
726 23 3 16
727 3 28 21
728 34 24 12
729 24 16 19
730 11 17 7
731 5 21 5
732 21 10 20
733 1 27 33
734 15 7 18
735 35 23 7
736 2 31 12
737 10 1 7
738 35 9 1
739 20 33 17
740 29 25 29
741 6 34 23
742 29 1 2
743 31 17 20
744 22 2 28
745 19 9 22
746 24 33 11
747 12 11 10
748 19 26 31
749 4 13 29
750 30 20 18
751 26 18 31
752 10 31 33
753 16 25 23
754 21 29 7
755 12 4 13
756 22 12 26
757 10 7 24
758 5 30 14
759 27 11 17
760 23 15 1
761 2 8 8
762 27 12 22
763 26 15 35
764 24 20 12
765 20 31 4
766 11 30 29
767 23 32 1
768 33 22 27
769 17 22 3
770 11 11 12
771 3 18 11
772 6 13 4
773 30 26 24
774 25 1 15
775 26 11 30
776 30 25 7
777 13 17 15
778 1 35 27
779 35 10 16
780 21 26 15
781 5 23 23
782 16 16 19
783 1 3 9
784 21 20 33
785 20 32 33
786 5 15 16
787 5 10 27
788 31 19 17
789 7 24 29
790 24 4 27
791 11 21 13
792 21 23 26
793 33 18 19
794 32 8 31
795 23 27 34
796 12 15 28
797 13 12 15
798 6 7 2
799 27 18 21
800 8 24 35
801 17 19 3
802 31 5 4
803 11 20 7
804 7 10 1
805 1 22 7
806 10 22 14
807 3 5 16
808 14 26 3
809 17 9 9
810 25 23 16
811 26 14 7
812 2 5 31
813 13 21 33
814 2 4 9
815 27 20 20
816 4 2 17
817 16 23 12
818 16 22 21
819 4 10 9
820 28 2 33
821 27 24 32
822 29 26 30
823 9 8 16
824 33 9 15
825 10 16 11
826 19 33 15
827 15 4 22
828 6 29 14
829 22 20 9
830 26 1 24
831 5 15 28
832 13 24 26
833 22 24 9
834 16 31 10
835 8 26 31
836 6 33 7
837 13 30 23
838 7 6 15
839 34 28 17
840 16 5 29
841 10 1 23
842 33 34 29
843 26 16 18
844 29 14 3
845 30 15 15
846 7 31 14
847 12 14 23
848 20 30 17
849 31 26 18
850 5 21 3
851 23 19 15
852 35 18 23
853 8 27 9
854 2 6 32
855 21 31 23
856 27 19 15
857 8 15 16
858 23 5 29
859 31 9 34
860 27 14 34
861 31 9 9
862 19 10 34
863 33 32 9
864 8 18 23
865 24 20 8
866 27 9 28
867 18 19 16
868 18 31 16
869 29 20 31
870 19 20 16
871 6 26 17
872 25 16 17
873 13 30 4
874 35 24 2
875 30 24 30
876 23 15 10
877 24 16 2
878 35 15 13
879 20 4 35
880 23 14 22
881 5 16 9
882 19 28 20
883 35 20 9
884 24 4 28
885 32 2 14
886 6 10 33
887 28 9 2
888 24 14 12
889 34 22 1
890 30 29 15
891 29 19 26
892 33 12 11
893 32 10 24
894 30 20 31
895 22 25 35
896 26 28 23
897 20 23 6
898 13 8 13
899 25 2 27
900 1 7 20
901 15 16 34
902 25 9 24
903 5 9 33
904 18 4 6
905 8 34 26
906 8 16 6
907 1 9 26
908 25 19 35
909 25 18 11
910 30 4 17
911 12 3 2
912 10 11 5
913 20 32 6
914 26 13 10
915 6 14 31
916 30 29 18
917 2 30 13
918 17 1 14
919 11 5 3
920 8 14 17
921 9 1 6
922 29 1 26
923 34 17 20
924 2 14 8
925 34 17 35
926 29 33 27
927 32 2 24
928 4 18 18
929 31 25 24
930 8 8 21
931 28 13 33
932 22 16 19
933 21 31 35
934 8 23 9
935 17 18 9
936 30 25 21
937 35 6 27
938 31 23 26
939 24 34 24
940 7 6 19
941 31 20 28
942 6 11 5
943 35 22 8
944 18 31 6
945 4 31 2
946 11 25 17
947 18 20 29
948 21 20 3
949 31 15 5
950 15 11 4
951 12 24 25
952 16 5 2
953 9 25 33
954 17 21 26
955 32 10 25
956 4 11 26
957 24 1 2
958 33 29 26
959 3 13 6
960 11 2 33
961 29 24 5
962 9 27 15
963 22 14 4
964 30 35 35
965 18 27 13
966 2 31 17
967 1 2 12
968 21 32 10
969 34 8 35
970 9 20 30
971 8 11 14
972 28 20 8
973 31 35 26
974 27 2 20
975 5 26 22
976 28 32 16
977 34 7 22
978 29 26 4
979 11 9 19
980 19 2 28
981 19 5 31
982 9 32 7
983 7 2 22
984 34 29 16
985 5 17 33
986 24 31 13
987 17 25 28
988 25 14 34
989 2 1 7
990 29 26 29
991 25 9 16
992 29 15 34
993 31 7 23
994 7 20 25
995 34 30 12
996 10 33 19
997 29 3 22
998 12 3 14
999 2 12 10
0 1 2 3 4 5 6 7 8 9 10 11 12 13 14 15 16 17 18 19 20 21 22 23 24 25 26 27 28 29 30 31 32 33 34 35 36 37 38 39 40 41 42 43 44 45 46 47 48 49 50 51 52 53 54 55 56 57 58 59 60 61 62 63 64 65 66 67 68 69 70 71 72 73 74 75 76 77 78 79 80 81 82 83 84 85 86 87 88 89 90 91 92 93 94 95 96 97 98 99 100 101 102 103 104 105 106 107 108 109 110 111 112 113 114 115 116 117 118 119 120 121 122 123 124 125 126 127 128 129 130 131 132 133 134 135 136 137 138 139 140 141 142 143 144 145 146 147 148 149 150 151 152 153 154 155 156 157 158 159 160 161 162 163 164 165 166 167 168 169 170 171 172 173 174 175 176 177 178 179 180 181 182 183 184 185 186 187 188 189 190 191 192 193 194 195 196 197 198 199 200 201 202 203 204 205 206 207 208 209 210 211 212 213 214 215 216 217 218 219 220 221 222 223 224 225 226 227 228 229 230 231 232 233 234 235 236 237 238 239 240 241 242 243 244 245 246 247 248 249 250 251 252 253 254 255 256 257 258 259 260 261 262 263 264 265 266 267 268 269 270 271 272 273 274 275 276 277 278 279 280 281 282 283 284 285 286 287 288 289 290 291 292 293 294 295 296 297 298 299 300 301 302 303 304 305 306 307 308 309 310 311 312 313 314 315 316 317 318 319 320 321 322 323 324 325 326 327 328 329 330 331 332 333 334 335 336 337 338 339 340 341 342 343 344 345 346 347 348 349 350 351 352 353 354 355 356 357 358 359 360 361 362 363 364 365 366 367 368 369 370 371 372 373 374 375 376 377 378 379 380 381 382 383 384 385 386 387 388 389 390 391 392 393 394 395 396 397 398 399 400 401 402 403 404 405 406 407 408 409 410 411 412 413 414 415 416 417 418 419 420 421 422 423 424 425 426 427 428 429 430 431 432 433 434 435 436 437 438 439 440 441 442 443 444 445 446 447 448 449 450 451 452 453 454 455 456 457 458 459 460 461 462 463 464 465 466 467 468 469 470 471 472 473 474 475 476 477 478 479 480 481 482 483 484 485 486 487 488 489 490 491 492 493 494 495 496 497 498 499 500 501 502 503 504 505 506 507 508 509 510 511 512 513 514 515 516 517 518 519 520 521 522 523 524 525 526 527 528 529 530 531 532 533 534 535 536 537 538 539 540 541 542 543 544 545 546 547 548 549 550 551 552 553 554 555 556 557 558 559 560 561 562 563 564 565 566 567 568 569 570 571 572 573 574 575 576 577 578 579 580 581 582 583 584 585 586 587 588 589 590 591 592 593 594 595 596 597 598 599 600 601 602 603 604 605 606 607 608 609 610 611 612 613 614 615 616 617 618 619 620 621 622 623 624 625 626 627 628 629 630 631 632 633 634 635 636 637 638 639 640 641 642 643 644 645 646 647 648 649 650 651 652 653 654 655 656 657 658 659 660 661 662 663 664 665 666 667 668 669 670 671 672 673 674 675 676 677 678 679 680 681 682 683 684 685 686 687 688 689 690 691 692 693 694 695 696 697 698 699 700 701 702 703 704 705 706 707 708 709 710 711 712 713 714 715 716 717 718 719 720 721 722 723 724 725 726 727 728 729 730 731 732 733 734 735 736 737 738 739 740 741 742 743 744 745 746 747 748 749 750 751 752 753 754 755 756 757 758 759 760 761 762 763 764 765 766 767 768 769 770 771 772 773 774 775 776 777 778 779 780 781 782 783 784 785 786 787 788 789 790 791 792 793 794 795 796 797 798 799 800 801 802 803 804 805 806 807 808 809 810 811 812 813 814 815 816 817 818 819 820 821 822 823 824 825 826 827 828 829 830 831 832 833 834 835 836 837 838 839 840 841 842 843 844 845 846 847 848 849 850 851 852 853 854 855 856 857 858 859 860 861 862 863 864 865 866 867 868 869 870 871 872 873 874 875 876 877 878 879 880 881 882 883 884 885 886 887 888 889 890 891 892 893 894 895 896 897 898 899 900 901 902 903 904 905 906 907 908 909 910 911 912 913 914 915 916 917 918 919 920 921 922 923 924 925 926 927 928 929 930 931 932 933 934 935 936 937 938 939 940 941 942 943 944 945 946 947 948 949 950 951 952 953 954 955 956 957 958 959 960 961 962 963 964 965 966 967 968 969 970 971 972 973 974 975 976 977 978 979 980 981 982 983 984 985 986 987 988 989 990 991 992 993 994 995 996 997 998 999
