1000
100 100 100
0 48 79 52
1 93 22 6
2 93 52 17
3 24 29 68
4 1 68 44
5 32 39 46
6 100 5 27
7 67 21 18
8 10 44 14
9 95 93 99
10 81 6 88
11 95 87 5
12 23 93 69
13 93 30 23
14 77 84 83
15 52 80 28
16 62 54 15
17 1 93 81
18 43 14 13
19 56 8 47
20 57 22 14
21 27 13 79
22 39 43 100
23 7 36 5
24 91 30 47
25 37 27 51
26 26 21 16
27 81 57 66
28 20 34 10
29 12 31 31
30 24 4 61
31 62 48 31
32 93 44 44
33 96 62 89
34 8 38 3
35 35 14 93
36 15 10 48
37 30 42 45
38 78 7 59
39 51 22 70
40 89 77 92
41 36 65 89
42 39 59 95
43 56 62 97
44 85 58 18
45 29 92 47
46 17 1 14
47 19 28 84
48 35 87 9
49 72 20 20
50 33 95 78
51 57 91 68
52 36 64 39
53 6 16 40
54 85 48 22
55 88 1 13
56 97 54 98
57 45 80 26
58 19 98 15
59 11 26 13
60 62 84 95
61 42 46 10
62 29 37 2
63 93 11 11
64 87 49 15
65 23 71 46
66 65 36 21
67 93 39 22
68 80 44 78
69 15 79 27
70 51 92 26
71 71 60 87
72 57 44 36
73 19 17 84
74 53 4 16
75 33 91 74
76 71 28 94
77 78 53 75
78 28 6 24
79 25 32 50
80 37 47 100
81 1 16 31
82 84 78 28
83 91 92 15
84 48 71 99
85 50 9 57
86 61 48 4
87 26 30 36
88 49 25 17
89 10 61 58
90 51 60 79
91 5 15 75
92 35 27 15
93 10 49 47
94 47 25 85
95 30 54 68
96 82 70 76
97 84 4 50
98 11 46 30
99 72 55 72
100 13 54 61
101 26 67 32
102 37 4 27
103 16 89 79
104 38 26 68
105 75 33 51
106 81 72 9
107 86 35 54
108 51 80 14
109 94 97 99
110 41 31 98
111 87 64 87
112 47 38 26
113 97 18 13
114 59 39 16
115 97 41 96
116 64 79 71
117 72 45 30
118 28 94 7
119 51 52 38
120 56 41 81
121 96 61 78
122 51 92 55
123 35 46 94
124 28 41 83
125 44 48 99
126 65 16 60
127 61 14 31
128 25 75 33
129 54 6 89
130 73 39 80
131 40 98 42
132 10 74 70
133 97 14 76
134 32 63 42
135 35 3 64
136 62 83 51
137 76 35 1
138 1 49 69
139 37 36 42
140 99 49 82
141 82 44 21
142 58 35 98
143 34 94 49
144 54 39 92
145 95 77 54
146 98 40 42
147 96 19 84
148 89 42 98
149 7 86 21
150 5 16 21
151 22 84 58
152 33 29 89
153 74 14 24
154 96 80 24
155 99 6 94
156 60 26 91
157 83 83 52
158 93 37 42
159 33 57 52
160 67 16 16
161 65 87 83
162 41 76 81
163 11 19 5
164 99 70 86
165 79 83 26
166 41 78 7
167 47 62 40
168 100 28 44
169 24 16 79
170 89 92 17
171 68 1 85
172 87 46 98
173 59 73 61
174 73 5 55
175 28 61 74
176 11 4 69
177 42 83 13
178 79 53 11
179 39 92 1
180 37 97 33
181 2 96 79
182 10 80 76
183 36 38 86
184 9 36 98
185 40 68 94
186 83 39 97
187 87 64 92
188 3 35 50
189 93 19 55
190 62 45 38
191 2 64 77
192 85 27 76
193 99 38 82
194 69 64 6
195 34 81 61
196 73 81 4
197 13 51 12
198 93 82 25
199 96 93 2
200 16 44 23
201 54 84 36
202 79 18 70
203 92 85 75
204 13 61 17
205 29 21 55
206 54 91 88
207 74 59 8
208 33 22 69
209 2 8 54
210 29 68 60
211 1 18 59
212 22 80 90
213 96 88 14
214 19 48 31
215 87 35 37
216 18 37 18
217 67 79 97
218 68 67 54
219 68 63 18
220 27 76 32
221 63 86 1
222 6 74 34
223 95 95 31
224 14 71 76
225 36 7 8
226 95 43 66
227 52 11 19
228 41 5 58
229 11 64 99
230 27 50 75
231 36 38 41
232 78 40 75
233 73 95 80
234 10 25 32
235 58 1 92
236 50 67 97
237 78 3 11
238 50 14 42
239 36 83 59
240 72 26 5
241 94 77 89
242 19 84 60
243 8 60 58
244 85 9 86
245 75 16 90
246 74 35 87
247 18 95 71
248 39 84 10
249 23 20 24
250 37 33 93
251 35 44 17
252 38 75 48
253 19 9 15
254 48 51 78
255 60 15 23
256 31 89 99
257 9 40 57
258 67 20 78
259 93 62 34
260 18 88 2
261 77 20 62
262 55 83 32
263 83 21 59
264 50 61 61
265 8 81 98
266 62 8 41
267 54 48 78
268 1 86 44
269 68 17 26
270 47 31 82
271 37 55 98
272 5 81 28
273 98 6 99
274 36 65 15
275 81 36 77
276 21 57 30
277 65 75 72
278 79 94 100
279 68 88 96
280 21 63 22
281 5 95 92
282 67 27 9
283 89 49 19
284 16 31 88
285 85 89 74
286 66 50 3
287 42 96 28
288 65 86 10
289 11 29 53
290 77 54 20
291 79 3 59
292 14 59 35
293 19 69 38
294 10 91 50
295 85 14 60
296 63 84 55
297 88 61 22
298 81 50 53
299 17 11 37
300 68 60 82
301 86 38 79
302 1 55 2
303 76 26 21
304 95 96 41
305 54 15 46
306 31 62 17
307 29 38 100
308 67 25 74
309 58 14 61
310 25 81 98
311 49 71 78
312 43 36 15
313 31 46 77
314 61 43 76
315 31 19 76
316 83 85 23
317 28 91 68
318 96 6 51
319 66 34 26
320 20 20 8
321 85 17 64
322 64 99 76
323 86 49 70
324 27 32 63
325 75 84 39
326 20 85 79
327 48 54 60
328 51 71 56
329 4 32 11
330 42 30 91
331 22 87 3
332 93 44 57
333 21 19 83
334 68 61 36
335 69 19 68
336 42 80 81
337 67 26 94
338 67 67 18
339 7 44 93
340 10 20 31
341 21 72 89
342 39 59 44
343 20 1 35
344 18 53 9
345 1 66 15
346 44 57 65
347 63 52 28
348 14 18 43
349 50 100 15
350 39 15 84
351 82 5 21
352 18 84 71
353 9 30 20
354 43 5 54
355 46 78 97
356 24 75 63
357 22 72 87
358 22 40 49
359 68 89 51
360 100 10 79
361 16 17 46
362 63 47 33
363 36 60 48
364 75 45 87
365 95 7 63
366 61 26 42
367 40 42 56
368 38 50 25
369 91 51 10
370 98 5 46
371 75 98 94
372 5 64 56
373 13 88 71
374 30 98 7
375 64 60 10
376 20 22 30
377 70 24 90
378 64 72 4
379 51 45 63
380 22 91 39
381 5 4 21
382 95 42 46
383 55 80 52
384 11 25 77
385 46 98 67
386 10 89 38
387 39 52 53
388 1 25 95
389 86 46 56
390 99 70 24
391 68 37 15
392 27 27 2
393 90 8 17
394 38 59 56
395 10 24 97
396 60 4 90
397 14 66 26
398 51 45 65
399 40 76 28
400 33 33 55
401 73 77 83
402 16 72 92
403 29 74 13
404 91 87 61
405 86 63 50
406 36 78 89
407 87 27 38
408 11 11 33
409 14 53 14
410 19 61 55
411 63 30 16
412 97 70 36
413 34 44 91
414 85 57 35
415 29 66 94
416 53 2 7
417 50 31 34
418 50 87 67
419 36 100 70
420 64 23 78
421 66 26 61
422 20 58 24
423 23 52 94
424 62 37 10
425 45 41 95
426 98 86 66
427 64 79 55
428 8 54 49
429 70 7 65
430 44 6 55
431 76 86 74
432 40 42 83
433 37 26 67
434 6 57 92
435 55 71 38
436 69 93 77
437 5 4 53
438 63 94 52
439 3 58 59
440 58 8 21
441 74 83 33
442 32 66 45
443 24 19 66
444 27 56 8
445 98 75 14
446 40 43 63
447 60 15 52
448 38 77 15
449 39 36 82
450 49 43 57
451 24 57 39
452 81 90 82
453 64 51 71
454 51 41 71
455 8 54 86
456 91 32 95
457 50 60 63
458 73 39 43
459 46 1 80
460 54 65 22
461 99 19 9
462 96 83 75
463 83 25 92
464 11 5 100
465 22 67 83
466 47 89 7
467 35 51 83
468 56 68 32
469 57 37 33
470 75 18 81
471 28 61 2
472 30 17 68
473 89 41 25
474 55 16 65
475 83 69 50
476 66 86 21
477 3 96 70
478 48 46 47
479 60 49 32
480 15 46 12
481 2 69 41
482 86 40 15
483 81 45 27
484 2 43 10
485 96 69 100
486 95 25 47
487 55 96 72
488 50 73 79
489 15 67 61
490 38 54 7
491 74 65 80
492 45 6 16
493 69 8 10
494 77 7 18
495 68 22 42
496 58 31 64
497 10 22 32
498 45 40 71
499 47 2 42
500 56 61 55
501 72 1 6
502 46 45 34
503 27 35 18
504 44 81 39
505 93 63 66
506 71 56 24
507 52 70 59
508 20 92 44
509 71 66 22
510 20 62 78
511 63 7 11
512 4 47 100
513 49 70 68
514 95 9 89
515 28 97 100
516 11 69 91
517 12 53 5
518 82 75 76
519 95 89 55
520 82 6 23
521 79 16 28
522 77 9 97
523 25 91 82
524 20 99 16
525 57 47 62
526 91 61 20
527 58 67 88
528 45 36 81
529 98 62 86
530 43 81 47
531 89 94 23
532 92 27 61
533 38 88 86
534 33 59 78
535 100 36 96
536 32 28 81
537 91 53 1
538 37 70 64
539 8 20 28
540 74 88 27
541 82 24 84
542 53 82 81
543 7 43 2
544 63 26 19
545 12 66 6
546 30 60 99
547 89 46 89
548 36 93 59
549 58 89 12
550 82 54 69
551 42 100 82
552 23 5 92
553 87 90 60
554 90 21 29
555 72 32 34
556 52 28 93
557 25 54 94
558 68 37 12
559 3 61 32
560 28 74 12
561 3 88 62
562 67 42 15
563 93 79 22
564 39 93 32
565 2 87 68
566 92 43 28
567 89 86 60
568 7 96 64
569 17 88 11
570 12 71 93
571 78 61 87
572 5 52 4
573 52 13 2
574 87 92 53
575 5 19 49
576 9 38 28
577 83 11 20
578 90 28 87
579 9 29 80
580 13 9 74
581 16 25 1
582 7 50 36
583 18 43 40
584 50 47 73
585 90 93 94
586 70 78 80
587 33 84 53
588 5 52 86
589 32 41 36
590 57 36 2
591 54 79 96
592 49 37 34
593 28 53 35
594 80 68 67
595 86 82 69
596 94 39 61
597 17 45 43
598 74 69 26
599 8 41 58
600 79 35 72
601 47 67 26
602 37 21 18
603 28 45 49
604 82 33 16
605 100 3 55
606 81 80 36
607 48 23 40
608 82 57 11
609 72 26 46
610 81 2 31
611 39 71 18
612 68 36 29
613 34 20 100
614 27 33 16
615 92 27 49
616 12 60 55
617 23 67 47
618 45 45 49
619 56 96 13
620 20 22 84
621 59 30 26
622 65 44 49
623 82 7 8
624 49 91 64
625 58 39 65
626 27 84 61
627 2 42 4
628 37 69 6
629 18 51 58
630 63 78 95
631 98 75 82
632 89 95 46
633 80 58 28
634 63 85 24
635 52 14 62
636 26 96 24
637 87 26 20
638 21 18 79
639 20 47 57
640 8 44 6
641 51 65 31
642 12 74 50
643 78 62 100
644 23 56 97
645 26 76 19
646 39 78 30
647 15 90 47
648 39 42 2
649 66 14 96
650 64 71 56
651 29 26 52
652 40 37 18
653 2 77 60
654 80 67 48
655 94 9 29
656 62 13 98
657 60 51 9
658 48 89 100
659 3 72 8
660 47 64 2
661 44 52 20
662 70 14 8
663 99 9 72
664 63 35 42
665 24 42 33
666 55 16 8
667 40 58 7
668 84 27 30
669 97 65 38
670 14 17 85
671 16 83 24
672 76 89 92
673 11 46 78
674 71 45 68
675 25 41 3
676 91 26 87
677 39 24 59
678 57 52 51
679 95 95 70
680 2 28 31
681 48 97 2
682 85 45 10
683 87 5 70
684 91 96 56
685 35 85 73
686 32 46 53
687 36 20 72
688 2 86 95
689 84 54 69
690 11 19 46
691 11 75 100
692 54 49 93
693 72 40 24
694 17 28 85
695 79 17 97
696 86 29 85
697 79 49 78
698 78 48 85
699 93 40 34
700 56 12 52
701 89 30 42
702 93 97 41
703 12 91 65
704 49 67 41
705 15 70 16
706 85 18 20
707 51 87 50
708 62 90 45
709 25 66 79
710 12 5 72
711 59 11 75
712 57 43 74
713 2 92 10
714 88 75 38
715 43 71 84
716 39 19 45
717 99 24 5
718 59 52 2
719 53 41 84
720 39 74 15
721 94 74 92
722 33 58 39
723 79 99 64
724 63 29 41
725 48 24 25
726 97 61 15
727 60 41 27
728 54 82 11
729 20 59 37
730 11 22 60
731 63 48 82
732 82 33 58
733 6 22 60
734 44 21 44
735 45 88 70
736 75 10 40
737 18 17 16
738 55 37 3
739 32 13 93
740 64 95 49
741 88 100 3
742 66 63 98
743 81 89 92
744 71 95 9
745 4 45 45
746 1 70 68
747 30 78 78
748 92 31 36
749 98 55 21
750 66 2 18
751 51 99 29
752 1 66 20
753 74 47 54
754 56 14 26
755 88 100 24
756 45 83 6
757 21 70 1
758 24 85 30
759 36 26 100
760 9 90 57
761 51 27 36
762 4 52 65
763 87 61 73
764 20 47 69
765 97 32 58
766 43 6 39
767 30 63 42
768 79 82 60
769 57 66 16
770 59 11 16
771 27 5 1
772 14 44 29
773 95 76 71
774 42 31 15
775 63 74 51
776 67 14 64
777 78 55 55
778 26 77 8
779 66 39 74
780 96 17 3
781 31 60 89
782 89 20 59
783 77 72 89
784 72 37 38
785 2 16 58
786 16 99 47
787 28 4 34
788 73 17 76
789 91 46 61
790 29 95 15
791 88 50 79
792 37 25 79
793 46 14 3
794 75 49 63
795 59 91 52
796 72 45 12
797 47 88 2
798 7 80 1
799 19 31 80
800 40 95 29
801 73 65 22
802 27 88 99
803 84 68 73
804 67 93 79
805 76 7 100
806 25 17 51
807 48 87 13
808 100 70 61
809 57 3 1
810 91 23 79
811 1 51 50
812 76 92 62
813 31 43 45
814 25 70 21
815 97 33 53
816 36 77 41
817 93 52 44
818 91 40 12
819 16 19 83
820 47 38 32
821 82 94 71
822 88 44 99
823 93 20 51
824 82 20 62
825 77 24 23
826 80 58 44
827 48 13 34
828 58 72 13
829 28 22 34
830 47 85 49
831 19 20 31
832 13 74 68
833 20 100 46
834 66 18 23
835 65 83 41
836 38 28 70
837 100 65 27
838 3 46 30
839 40 91 62
840 66 100 31
841 51 59 45
842 38 54 17
843 80 5 64
844 99 74 59
845 46 62 94
846 29 82 91
847 52 44 81
848 25 61 5
849 60 13 10
850 50 55 71
851 97 33 47
852 2 49 66
853 73 19 5
854 53 4 93
855 19 47 24
856 87 5 43
857 39 89 37
858 38 46 14
859 100 43 3
860 40 39 99
861 70 98 66
862 31 26 94
863 73 80 58
864 94 22 62
865 3 37 45
866 41 74 72
867 19 64 76
868 58 93 82
869 16 15 36
870 27 90 38
871 77 11 21
872 74 47 33
873 86 60 97
874 90 81 29
875 78 75 31
876 48 25 42
877 72 83 45
878 53 1 48
879 61 87 41
880 14 1 13
881 74 14 25
882 66 48 98
883 49 59 37
884 42 85 1
885 83 90 89
886 98 63 100
887 23 93 38
888 19 34 57
889 71 50 74
890 87 55 37
891 34 91 15
892 62 28 78
893 97 74 53
894 98 21 80
895 47 47 53
896 77 88 98
897 60 26 26
898 92 25 34
899 87 19 57
900 44 99 77
901 42 92 66
902 51 58 38
903 72 78 23
904 19 6 48
905 37 59 84
906 86 43 68
907 53 20 36
908 94 55 60
909 16 66 89
910 38 56 33
911 17 4 57
912 44 37 83
913 99 66 30
914 100 86 60
915 79 52 3
916 8 7 67
917 80 42 17
918 26 94 77
919 13 89 94
920 55 79 46
921 38 94 15
922 9 98 37
923 27 4 80
924 5 96 65
925 91 52 5
926 57 13 29
927 3 68 43
928 63 40 71
929 84 62 49
930 45 47 73
931 64 99 9
932 54 39 78
933 12 100 28
934 64 70 28
935 44 61 15
936 64 30 92
937 87 62 77
938 95 62 26
939 99 20 7
940 45 80 88
941 23 35 1
942 11 4 77
943 87 90 55
944 19 27 68
945 73 52 97
946 87 7 30
947 93 31 36
948 23 25 14
949 42 96 23
950 69 22 81
951 68 54 62
952 83 97 27
953 15 70 41
954 86 91 9
955 86 97 81
956 71 61 8
957 55 95 50
958 97 3 39
959 32 58 49
960 82 63 8
961 27 87 9
962 19 58 84
963 99 85 17
964 51 44 53
965 2 37 14
966 93 14 71
967 84 100 17
968 97 67 10
969 49 38 24
970 54 69 9
971 48 71 57
972 35 33 12
973 26 95 61
974 21 35 1
975 87 87 6
976 68 56 18
977 13 18 51
978 90 68 9
979 85 8 55
980 3 92 58
981 27 33 53
982 53 99 41
983 32 63 1
984 64 51 35
985 93 96 37
986 34 6 68
987 73 3 37
988 87 22 34
989 58 93 85
990 25 76 8
991 67 29 86
992 31 61 63
993 34 59 67
994 70 74 15
995 49 35 43
996 63 74 86
997 4 48 77
998 70 96 10
999 54 6 60
0 1 2 3 4 5 6 7 8 9 10 11 12 13 14 15 16 17 18 19 20 21 22 23 24 25 26 27 28 29 30 31 32 33 34 35 36 37 38 39 40 41 42 43 44 45 46 47 48 49 50 51 52 53 54 55 56 57 58 59 60 61 62 63 64 65 66 67 68 69 70 71 72 73 74 75 76 77 78 79 80 81 82 83 84 85 86 87 88 89 90 91 92 93 94 95 96 97 98 99 100 101 102 103 104 105 106 107 108 109 110 111 112 113 114 115 116 117 118 119 120 121 122 123 124 125 126 127 128 129 130 131 132 133 134 135 136 137 138 139 140 141 142 143 144 145 146 147 148 149 150 151 152 153 154 155 156 157 158 159 160 161 162 163 164 165 166 167 168 169 170 171 172 173 174 175 176 177 178 179 180 181 182 183 184 185 186 187 188 189 190 191 192 193 194 195 196 197 198 199 200 201 202 203 204 205 206 207 208 209 210 211 212 213 214 215 216 217 218 219 220 221 222 223 224 225 226 227 228 229 230 231 232 233 234 235 236 237 238 239 240 241 242 243 244 245 246 247 248 249 250 251 252 253 254 255 256 257 258 259 260 261 262 263 264 265 266 267 268 269 270 271 272 273 274 275 276 277 278 279 280 281 282 283 284 285 286 287 288 289 290 291 292 293 294 295 296 297 298 299 300 301 302 303 304 305 306 307 308 309 310 311 312 313 314 315 316 317 318 319 320 321 322 323 324 325 326 327 328 329 330 331 332 333 334 335 336 337 338 339 340 341 342 343 344 345 346 347 348 349 350 351 352 353 354 355 356 357 358 359 360 361 362 363 364 365 366 367 368 369 370 371 372 373 374 375 376 377 378 379 380 381 382 383 384 385 386 387 388 389 390 391 392 393 394 395 396 397 398 399 400 401 402 403 404 405 406 407 408 409 410 411 412 413 414 415 416 417 418 419 420 421 422 423 424 425 426 427 428 429 430 431 432 433 434 435 436 437 438 439 440 441 442 443 444 445 446 447 448 449 450 451 452 453 454 455 456 457 458 459 460 461 462 463 464 465 466 467 468 469 470 471 472 473 474 475 476 477 478 479 480 481 482 483 484 485 486 487 488 489 490 491 492 493 494 495 496 497 498 499 500 501 502 503 504 505 506 507 508 509 510 511 512 513 514 515 516 517 518 519 520 521 522 523 524 525 526 527 528 529 530 531 532 533 534 535 536 537 538 539 540 541 542 543 544 545 546 547 548 549 550 551 552 553 554 555 556 557 558 559 560 561 562 563 564 565 566 567 568 569 570 571 572 573 574 575 576 577 578 579 580 581 582 583 584 585 586 587 588 589 590 591 592 593 594 595 596 597 598 599 600 601 602 603 604 605 606 607 608 609 610 611 612 613 614 615 616 617 618 619 620 621 622 623 624 625 626 627 628 629 630 631 632 633 634 635 636 637 638 639 640 641 642 643 644 645 646 647 648 649 650 651 652 653 654 655 656 657 658 659 660 661 662 663 664 665 666 667 668 669 670 671 672 673 674 675 676 677 678 679 680 681 682 683 684 685 686 687 688 689 690 691 692 693 694 695 696 697 698 699 700 701 702 703 704 705 706 707 708 709 710 711 712 713 714 715 716 717 718 719 720 721 722 723 724 725 726 727 728 729 730 731 732 733 734 735 736 737 738 739 740 741 742 743 744 745 746 747 748 749 750 751 752 753 754 755 756 757 758 759 760 761 762 763 764 765 766 767 768 769 770 771 772 773 774 775 776 777 778 779 780 781 782 783 784 785 786 787 788 789 790 791 792 793 794 795 796 797 798 799 800 801 802 803 804 805 806 807 808 809 810 811 812 813 814 815 816 817 818 819 820 821 822 823 824 825 826 827 828 829 830 831 832 833 834 835 836 837 838 839 840 841 842 843 844 845 846 847 848 849 850 851 852 853 854 855 856 857 858 859 860 861 862 863 864 865 866 867 868 869 870 871 872 873 874 875 876 877 878 879 880 881 882 883 884 885 886 887 888 889 890 891 892 893 894 895 896 897 898 899 900 901 902 903 904 905 906 907 908 909 910 911 912 913 914 915 916 917 918 919 920 921 922 923 924 925 926 927 928 929 930 931 932 933 934 935 936 937 938 939 940 941 942 943 944 945 946 947 948 949 950 951 952 953 954 955 956 957 958 959 960 961 962 963 964 965 966 967 968 969 970 971 972 973 974 975 976 977 978 979 980 981 982 983 984 985 986 987 988 989 990 991 992 993 994 995 996 997 998 999
