1000
100 100 100
0 32 28 55
1 32 32 99
2 73 98 30
3 70 9 23
4 82 100 74
5 24 31 35
6 94 86 62
7 51 67 88
8 82 96 11
9 18 15 47
10 9 63 71
11 46 85 92
12 31 36 32
13 47 24 49
14 47 22 39
15 93 20 89
16 72 41 80
17 80 53 90
18 3 93 25
19 56 81 76
20 78 15 90
21 76 32 70
22 6 43 38
23 82 67 64
24 24 44 94
25 11 44 97
26 58 24 48
27 2 88 98
28 86 14 28
29 28 45 91
30 36 19 9
31 73 90 63
32 55 94 98
33 48 73 29
34 10 40 76
35 48 91 47
36 55 22 15
37 25 85 22
38 91 63 64
39 14 36 25
40 7 65 47
41 43 45 79
42 11 90 30
43 42 53 3
44 24 27 7
45 73 97 90
46 70 21 67
47 98 2 75
48 60 31 40
49 85 88 67
50 48 59 37
51 100 74 96
52 99 94 50
53 7 13 86
54 51 24 18
55 61 9 44
56 91 85 27
57 60 29 14
58 54 19 9
59 99 58 37
60 40 32 33
61 7 31 88
62 36 38 33
63 98 95 56
64 6 42 44
65 7 10 44
66 63 73 15
67 79 22 66
68 91 33 86
69 48 17 96
70 73 18 93
71 95 29 88
72 77 80 65
73 68 90 2
74 85 28 82
75 41 43 27
76 44 26 86
77 49 25 98
78 33 44 2
79 28 41 85
80 26 92 99
81 46 88 1
82 22 49 13
83 31 89 34
84 52 33 66
85 68 59 32
86 89 99 85
87 35 25 17
88 37 27 51
89 90 89 1
90 5 88 31
91 45 52 64
92 66 56 71
93 95 64 29
94 49 76 17
95 74 15 28
96 95 19 12
97 12 85 87
98 54 23 50
99 15 54 5
100 99 97 34
101 2 32 83
102 25 49 94
103 84 3 95
104 61 39 91
105 14 92 85
106 94 14 30
107 29 50 5
108 50 75 32
109 91 71 82
110 8 65 3
111 64 39 68
112 38 16 13
113 74 56 91
114 72 3 41
115 45 100 65
116 87 9 74
117 13 25 33
118 53 29 72
119 50 82 90
120 26 87 23
121 86 44 15
122 64 51 88
123 35 15 85
124 97 2 35
125 3 62 72
126 49 97 38
127 31 67 64
128 30 12 57
129 26 68 40
130 69 22 22
131 36 46 19
132 60 91 3
133 72 14 54
134 55 31 67
135 4 99 43
136 27 22 10
137 45 85 33
138 3 6 92
139 98 49 87
140 22 51 49
141 95 10 63
142 8 42 30
143 65 36 99
144 12 28 53
145 61 52 85
146 13 15 81
147 57 70 61
148 13 47 42
149 3 69 26
150 49 23 63
151 67 79 99
152 95 17 81
153 78 14 25
154 87 34 52
155 44 15 33
156 1 19 34
157 11 93 96
158 71 90 29
159 31 11 61
160 34 100 58
161 50 78 97
162 54 4 57
163 89 1 49
164 14 1 51
165 51 75 60
166 2 80 91
167 55 61 7
168 56 65 94
169 20 52 20
170 82 32 65
171 31 50 75
172 78 87 66
173 72 42 63
174 32 70 90
175 37 15 19
176 57 37 45
177 49 71 25
178 94 29 95
179 49 27 99
180 26 17 33
181 18 55 36
182 34 84 88
183 1 59 100
184 31 74 35
185 3 39 21
186 99 70 35
187 99 70 57
188 97 18 29
189 6 53 51
190 25 21 28
191 92 62 33
192 61 49 13
193 52 69 21
194 51 32 35
195 28 76 10
196 20 90 82
197 5 96 30
198 18 16 15
199 13 36 52
200 60 55 42
201 12 54 33
202 50 20 43
203 87 22 100
204 38 46 86
205 4 3 73
206 53 75 53
207 18 41 64
208 1 70 89
209 20 95 80
210 97 68 29
211 96 29 7
212 7 57 15
213 1 73 92
214 77 14 97
215 16 69 66
216 38 33 44
217 16 37 54
218 36 35 19
219 42 83 85
220 83 56 36
221 53 5 91
222 53 60 100
223 26 11 27
224 84 85 88
225 91 80 28
226 80 91 43
227 31 64 66
228 96 62 52
229 30 15 89
230 27 50 8
231 42 21 21
232 52 74 71
233 15 75 78
234 89 31 51
235 93 42 13
236 73 86 79
237 46 31 2
238 89 26 84
239 14 41 77
240 78 100 41
241 78 17 19
242 48 90 74
243 37 38 49
244 16 18 45
245 25 63 4
246 74 77 20
247 11 38 31
248 29 51 59
249 45 51 27
250 38 100 98
251 20 14 92
252 51 53 67
253 35 86 75
254 95 7 84
255 39 52 90
256 96 84 64
257 29 26 67
258 79 48 10
259 83 68 47
260 60 17 18
261 55 54 98
262 75 48 22
263 76 60 52
264 64 68 42
265 50 69 24
266 60 55 6
267 12 73 36
268 82 51 12
269 50 36 98
270 7 83 31
271 49 11 79
272 98 28 38
273 18 38 14
274 74 86 50
275 28 21 72
276 7 41 52
277 69 68 9
278 56 1 40
279 9 53 68
280 2 59 50
281 21 94 25
282 29 96 71
283 70 43 42
284 52 51 71
285 2 53 9
286 58 24 50
287 7 37 61
288 97 9 80
289 67 17 31
290 14 90 40
291 43 74 42
292 90 38 36
293 94 26 24
294 62 54 90
295 28 45 22
296 64 80 52
297 27 29 34
298 56 56 59
299 65 93 95
300 36 22 35
301 98 12 72
302 77 11 66
303 28 21 55
304 51 75 56
305 56 11 74
306 99 82 72
307 24 14 90
308 20 27 32
309 29 79 10
310 52 66 24
311 57 14 50
312 89 46 21
313 81 42 46
314 82 22 73
315 94 62 46
316 87 39 85
317 62 49 3
318 47 37 70
319 18 76 26
320 4 79 17
321 32 68 37
322 34 62 44
323 5 64 8
324 1 11 50
325 2 39 44
326 54 47 70
327 16 79 96
328 7 48 91
329 15 61 80
330 72 37 14
331 28 62 40
332 80 32 81
333 83 5 59
334 30 45 14
335 45 1 99
336 23 59 46
337 36 3 86
338 88 50 8
339 94 63 17
340 11 65 44
341 3 53 77
342 84 10 8
343 52 58 46
344 27 39 89
345 56 19 33
346 6 48 51
347 92 33 15
348 89 68 93
349 18 40 74
350 28 86 29
351 66 17 93
352 55 61 74
353 53 74 56
354 82 62 19
355 59 37 1
356 91 94 92
357 48 73 17
358 28 43 62
359 74 94 62
360 77 8 31
361 36 54 30
362 55 62 66
363 71 30 45
364 38 28 80
365 19 50 40
366 94 68 75
367 79 58 99
368 20 10 59
369 53 54 23
370 20 12 79
371 30 68 79
372 7 47 7
373 4 57 15
374 60 60 72
375 46 47 58
376 94 15 63
377 93 56 65
378 70 47 26
379 90 36 4
380 46 86 79
381 9 91 40
382 67 77 35
383 30 98 68
384 57 50 35
385 72 62 65
386 20 60 69
387 83 75 79
388 100 46 19
389 84 3 64
390 24 45 12
391 72 59 7
392 26 26 11
393 5 60 84
394 73 3 62
395 84 70 10
396 53 52 65
397 7 65 22
398 2 15 73
399 26 35 79
400 74 32 39
401 57 42 71
402 29 9 38
403 95 67 95
404 95 97 5
405 20 12 91
406 32 87 20
407 4 10 32
408 6 96 45
409 7 44 74
410 1 22 81
411 92 26 91
412 7 33 93
413 85 78 90
414 46 62 67
415 85 31 73
416 61 76 67
417 54 96 29
418 89 57 3
419 23 70 67
420 26 89 5
421 9 30 7
422 10 14 70
423 6 30 61
424 6 41 5
425 4 99 99
426 5 73 45
427 33 58 27
428 62 67 35
429 10 92 9
430 19 6 31
431 85 73 63
432 8 84 9
433 75 73 5
434 24 24 41
435 68 92 62
436 6 87 24
437 25 12 83
438 79 30 75
439 26 36 29
440 92 92 96
441 7 79 37
442 30 21 64
443 83 27 54
444 17 4 53
445 60 31 23
446 51 79 11
447 86 56 8
448 1 13 31
449 10 97 28
450 46 34 44
451 47 68 16
452 26 20 34
453 100 2 100
454 93 24 39
455 26 44 90
456 40 16 1
457 89 60 59
458 16 99 98
459 64 66 44
460 55 45 35
461 62 96 50
462 77 59 84
463 60 85 100
464 100 38 78
465 59 40 76
466 15 63 28
467 84 74 75
468 11 87 9
469 71 15 64
470 40 3 39
471 36 79 68
472 12 77 59
473 37 18 83
474 18 56 31
475 12 92 29
476 17 28 4
477 72 57 91
478 10 31 22
479 98 47 84
480 21 86 15
481 17 20 52
482 1 27 66
483 27 76 7
484 35 96 41
485 7 33 69
486 48 98 13
487 69 19 35
488 92 43 88
489 66 63 46
490 49 52 66
491 66 37 41
492 80 8 91
493 3 69 30
494 61 30 74
495 78 77 55
496 79 100 88
497 12 42 7
498 40 70 87
499 11 5 13
500 90 83 99
501 34 8 14
502 33 19 56
503 98 21 60
504 62 33 99
505 52 97 66
506 32 80 98
507 48 26 70
508 45 41 94
509 25 34 92
510 52 63 62
511 35 34 32
512 60 19 23
513 13 35 93
514 81 32 40
515 67 65 6
516 40 4 15
517 23 39 16
518 99 27 93
519 66 70 92
520 54 69 69
521 60 7 24
522 98 6 81
523 78 80 37
524 95 91 94
525 92 85 33
526 6 50 9
527 98 99 71
528 94 36 70
529 54 77 68
530 54 70 78
531 67 87 16
532 74 24 92
533 72 6 25
534 93 3 89
535 48 41 48
536 88 7 78
537 9 97 32
538 51 11 43
539 89 65 29
540 92 10 33
541 23 35 87
542 99 86 61
543 51 89 82
544 36 89 38
545 65 45 31
546 46 12 33
547 41 28 70
548 8 24 61
549 1 86 23
550 30 16 99
551 49 40 72
552 85 49 33
553 44 97 66
554 62 9 93
555 45 37 38
556 2 16 52
557 94 90 28
558 10 17 53
559 13 59 28
560 40 64 60
561 69 30 65
562 48 36 12
563 51 13 72
564 78 84 66
565 8 62 70
566 28 29 48
567 78 24 81
568 11 70 95
569 90 84 72
570 45 62 49
571 29 24 11
572 51 3 84
573 74 7 18
574 93 48 77
575 53 22 39
576 76 69 100
577 12 66 13
578 39 63 40
579 78 91 31
580 59 31 93
581 14 24 81
582 44 41 50
583 23 37 37
584 66 85 22
585 55 84 62
586 14 3 8
587 57 12 76
588 56 85 30
589 42 2 48
590 16 52 58
591 73 11 100
592 72 96 83
593 5 66 70
594 27 89 100
595 26 94 46
596 79 59 60
597 17 30 64
598 61 67 10
599 12 27 74
600 46 39 26
601 54 23 24
602 2 41 21
603 40 55 70
604 91 33 69
605 37 36 40
606 27 19 86
607 78 14 75
608 33 64 23
609 83 23 18
610 86 98 11
611 69 73 85
612 99 56 43
613 10 65 29
614 96 14 20
615 74 37 49
616 37 27 19
617 69 25 12
618 51 10 74
619 7 44 53
620 40 7 31
621 91 44 52
622 14 30 19
623 32 56 71
624 27 59 49
625 33 9 50
626 94 65 21
627 62 33 99
628 38 44 60
629 38 85 12
630 48 66 55
631 16 97 11
632 26 81 27
633 15 86 25
634 3 39 54
635 90 20 50
636 30 57 100
637 19 68 3
638 69 1 88
639 89 26 18
640 3 64 90
641 11 40 85
642 32 6 71
643 54 83 58
644 46 67 66
645 6 37 84
646 100 51 20
647 79 65 17
648 6 63 31
649 27 37 36
650 46 83 13
651 91 85 13
652 94 66 57
653 76 29 46
654 35 24 61
655 27 41 73
656 40 77 46
657 90 69 56
658 22 96 35
659 65 70 85
660 93 14 69
661 61 64 65
662 72 65 37
663 94 63 31
664 67 35 10
665 33 22 78
666 17 54 21
667 9 86 48
668 56 31 44
669 100 45 2
670 14 58 16
671 47 78 65
672 98 63 43
673 23 51 73
674 100 98 40
675 55 72 95
676 59 42 94
677 50 69 83
678 93 27 21
679 44 95 70
680 43 54 22
681 98 30 29
682 9 49 24
683 9 31 81
684 54 47 11
685 62 47 81
686 64 12 86
687 67 75 23
688 17 67 4
689 66 35 57
690 82 73 97
691 72 50 33
692 40 16 51
693 79 72 1
694 93 72 7
695 76 38 68
696 73 96 43
697 50 38 50
698 16 21 64
699 9 32 6
700 33 97 13
701 50 27 35
702 92 93 28
703 85 73 58
704 84 8 16
705 10 2 54
706 83 81 55
707 37 93 66
708 9 86 36
709 23 21 96
710 65 46 60
711 98 90 85
712 43 19 29
713 14 54 78
714 48 43 25
715 76 96 17
716 21 67 53
717 34 71 23
718 8 14 53
719 97 7 42
720 58 5 77
721 51 90 83
722 89 4 67
723 89 42 77
724 38 42 59
725 44 31 39
726 69 75 2
727 23 15 9
728 34 24 5
729 71 67 71
730 55 16 96
731 92 13 53
732 8 5 37
733 34 57 2
734 19 8 43
735 59 21 72
736 40 10 46
737 10 99 43
738 8 61 76
739 5 34 63
740 84 7 40
741 25 12 63
742 2 79 34
743 15 55 36
744 77 88 75
745 24 42 95
746 45 27 58
747 56 3 12
748 1 93 48
749 47 11 14
750 97 26 94
751 22 54 58
752 23 45 75
753 35 88 46
754 23 73 42
755 97 50 97
756 65 30 93
757 75 35 80
758 10 44 40
759 11 21 31
760 89 62 98
761 8 84 76
762 44 94 79
763 62 41 88
764 79 67 89
765 44 33 13
766 1 4 16
767 2 72 1
768 49 11 54
769 98 88 78
770 8 38 1
771 1 64 88
772 85 50 67
773 73 21 45
774 67 40 28
775 21 21 60
776 53 43 13
777 75 44 56
778 78 95 45
779 96 46 43
780 56 20 87
781 32 58 55
782 39 47 67
783 93 18 47
784 8 29 66
785 68 42 32
786 42 90 73
787 44 39 31
788 33 21 58
789 88 50 80
790 16 18 27
791 81 24 78
792 49 66 62
793 29 44 76
794 86 37 15
795 76 94 83
796 34 89 52
797 43 97 88
798 34 94 100
799 85 3 47
800 84 77 89
801 82 48 78
802 76 21 19
803 26 42 16
804 46 31 99
805 90 87 37
806 83 54 65
807 50 92 83
808 1 96 28
809 46 1 100
810 14 56 55
811 29 18 91
812 7 71 80
813 59 65 57
814 93 39 26
815 77 13 70
816 12 26 5
817 99 66 9
818 26 13 56
819 84 26 93
820 59 92 61
821 20 5 36
822 88 20 60
823 41 58 53
824 17 32 2
825 55 58 88
826 62 5 50
827 23 64 27
828 95 47 2
829 95 13 10
830 98 12 21
831 50 78 56
832 86 54 19
833 37 44 28
834 26 87 42
835 30 74 6
836 67 50 1
837 40 71 16
838 24 69 65
839 1 36 71
840 44 81 83
841 31 17 18
842 34 80 76
843 68 73 23
844 5 16 16
845 93 38 78
846 35 72 34
847 84 36 64
848 86 83 87
849 43 88 21
850 26 38 46
851 51 25 47
852 58 77 36
853 90 3 59
854 5 26 4
855 39 77 58
856 4 91 55
857 51 100 27
858 43 87 29
859 81 40 56
860 86 47 80
861 26 85 37
862 19 80 52
863 19 48 63
864 80 76 61
865 26 85 65
866 79 67 21
867 36 25 16
868 77 44 80
869 55 95 97
870 74 52 58
871 93 36 62
872 8 88 33
873 14 57 62
874 60 100 10
875 41 61 21
876 84 9 44
877 59 54 29
878 26 63 95
879 51 87 15
880 36 49 47
881 78 11 82
882 73 10 11
883 32 82 59
884 64 15 15
885 54 20 38
886 17 25 85
887 44 36 69
888 15 91 23
889 70 44 64
890 20 63 48
891 20 51 18
892 99 74 45
893 94 72 15
894 94 60 20
895 98 18 18
896 66 72 72
897 16 3 1
898 87 37 33
899 63 69 29
900 50 93 80
901 44 92 11
902 77 58 9
903 20 34 24
904 44 99 63
905 40 30 11
906 9 42 87
907 91 74 81
908 3 39 77
909 79 64 72
910 63 7 73
911 7 60 49
912 98 89 85
913 29 87 11
914 100 30 89
915 39 68 38
916 63 95 92
917 72 91 39
918 71 58 46
919 86 49 86
920 35 74 60
921 14 23 75
922 95 95 20
923 46 2 19
924 52 20 31
925 8 89 30
926 73 57 100
927 23 67 94
928 67 94 17
929 94 70 26
930 22 72 58
931 69 29 41
932 83 94 3
933 67 43 81
934 89 16 47
935 36 21 76
936 36 28 86
937 55 14 91
938 72 36 88
939 16 13 61
940 97 44 13
941 70 30 39
942 83 84 85
943 21 79 7
944 61 31 61
945 40 30 98
946 93 92 86
947 33 77 11
948 1 2 1
949 31 87 31
950 9 58 74
951 5 70 67
952 21 74 73
953 1 42 67
954 42 6 85
955 27 24 13
956 20 83 71
957 91 82 44
958 71 33 39
959 89 17 48
960 25 15 91
961 1 45 22
962 37 80 79
963 56 55 70
964 42 25 46
965 23 75 71
966 2 10 54
967 43 41 43
968 25 3 16
969 100 47 76
970 74 67 93
971 26 92 63
972 3 48 88
973 81 61 52
974 46 54 32
975 80 9 39
976 93 41 43
977 88 54 77
978 25 23 56
979 14 74 74
980 94 9 86
981 4 86 69
982 76 19 88
983 78 34 50
984 87 48 25
985 95 88 59
986 38 100 91
987 53 38 51
988 8 27 23
989 97 88 83
990 21 31 93
991 51 42 18
992 13 54 47
993 21 76 41
994 63 4 63
995 88 89 4
996 96 46 78
997 60 68 74
998 97 50 11
999 26 72 35
0 1 2 3 4 5 6 7 8 9 10 11 12 13 14 15 16 17 18 19 20 21 22 23 24 25 26 27 28 29 30 31 32 33 34 35 36 37 38 39 40 41 42 43 44 45 46 47 48 49 50 51 52 53 54 55 56 57 58 59 60 61 62 63 64 65 66 67 68 69 70 71 72 73 74 75 76 77 78 79 80 81 82 83 84 85 86 87 88 89 90 91 92 93 94 95 96 97 98 99 100 101 102 103 104 105 106 107 108 109 110 111 112 113 114 115 116 117 118 119 120 121 122 123 124 125 126 127 128 129 130 131 132 133 134 135 136 137 138 139 140 141 142 143 144 145 146 147 148 149 150 151 152 153 154 155 156 157 158 159 160 161 162 163 164 165 166 167 168 169 170 171 172 173 174 175 176 177 178 179 180 181 182 183 184 185 186 187 188 189 190 191 192 193 194 195 196 197 198 199 200 201 202 203 204 205 206 207 208 209 210 211 212 213 214 215 216 217 218 219 220 221 222 223 224 225 226 227 228 229 230 231 232 233 234 235 236 237 238 239 240 241 242 243 244 245 246 247 248 249 250 251 252 253 254 255 256 257 258 259 260 261 262 263 264 265 266 267 268 269 270 271 272 273 274 275 276 277 278 279 280 281 282 283 284 285 286 287 288 289 290 291 292 293 294 295 296 297 298 299 300 301 302 303 304 305 306 307 308 309 310 311 312 313 314 315 316 317 318 319 320 321 322 323 324 325 326 327 328 329 330 331 332 333 334 335 336 337 338 339 340 341 342 343 344 345 346 347 348 349 350 351 352 353 354 355 356 357 358 359 360 361 362 363 364 365 366 367 368 369 370 371 372 373 374 375 376 377 378 379 380 381 382 383 384 385 386 387 388 389 390 391 392 393 394 395 396 397 398 399 400 401 402 403 404 405 406 407 408 409 410 411 412 413 414 415 416 417 418 419 420 421 422 423 424 425 426 427 428 429 430 431 432 433 434 435 436 437 438 439 440 441 442 443 444 445 446 447 448 449 450 451 452 453 454 455 456 457 458 459 460 461 462 463 464 465 466 467 468 469 470 471 472 473 474 475 476 477 478 479 480 481 482 483 484 485 486 487 488 489 490 491 492 493 494 495 496 497 498 499 500 501 502 503 504 505 506 507 508 509 510 511 512 513 514 515 516 517 518 519 520 521 522 523 524 525 526 527 528 529 530 531 532 533 534 535 536 537 538 539 540 541 542 543 544 545 546 547 548 549 550 551 552 553 554 555 556 557 558 559 560 561 562 563 564 565 566 567 568 569 570 571 572 573 574 575 576 577 578 579 580 581 582 583 584 585 586 587 588 589 590 591 592 593 594 595 596 597 598 599 600 601 602 603 604 605 606 607 608 609 610 611 612 613 614 615 616 617 618 619 620 621 622 623 624 625 626 627 628 629 630 631 632 633 634 635 636 637 638 639 640 641 642 643 644 645 646 647 648 649 650 651 652 653 654 655 656 657 658 659 660 661 662 663 664 665 666 667 668 669 670 671 672 673 674 675 676 677 678 679 680 681 682 683 684 685 686 687 688 689 690 691 692 693 694 695 696 697 698 699 700 701 702 703 704 705 706 707 708 709 710 711 712 713 714 715 716 717 718 719 720 721 722 723 724 725 726 727 728 729 730 731 732 733 734 735 736 737 738 739 740 741 742 743 744 745 746 747 748 749 750 751 752 753 754 755 756 757 758 759 760 761 762 763 764 765 766 767 768 769 770 771 772 773 774 775 776 777 778 779 780 781 782 783 784 785 786 787 788 789 790 791 792 793 794 795 796 797 798 799 800 801 802 803 804 805 806 807 808 809 810 811 812 813 814 815 816 817 818 819 820 821 822 823 824 825 826 827 828 829 830 831 832 833 834 835 836 837 838 839 840 841 842 843 844 845 846 847 848 849 850 851 852 853 854 855 856 857 858 859 860 861 862 863 864 865 866 867 868 869 870 871 872 873 874 875 876 877 878 879 880 881 882 883 884 885 886 887 888 889 890 891 892 893 894 895 896 897 898 899 900 901 902 903 904 905 906 907 908 909 910 911 912 913 914 915 916 917 918 919 920 921 922 923 924 925 926 927 928 929 930 931 932 933 934 935 936 937 938 939 940 941 942 943 944 945 946 947 948 949 950 951 952 953 954 955 956 957 958 959 960 961 962 963 964 965 966 967 968 969 970 971 972 973 974 975 976 977 978 979 980 981 982 983 984 985 986 987 988 989 990 991 992 993 994 995 996 997 998 999
