1000
100 100 100
0 31 56 16
1 12 55 7
2 43 22 15
3 31 32 17
4 79 87 76
5 28 45 41
6 58 88 95
7 13 27 3
8 43 36 55
9 75 12 36
10 99 33 40
11 8 51 73
12 81 33 97
13 72 57 26
14 12 94 74
15 75 84 5
16 93 80 46
17 80 84 7
18 65 21 35
19 53 86 53
20 69 14 90
21 86 11 79
22 70 60 21
23 1 79 61
24 55 54 20
25 25 11 88
26 56 44 58
27 95 28 13
28 81 60 63
29 21 69 97
30 93 88 21
31 41 43 99
32 44 93 19
33 33 74 62
34 27 39 91
35 4 43 86
36 20 23 38
37 57 55 54
38 80 19 70
39 39 55 94
40 47 23 54
41 24 27 23
42 43 54 58
43 32 78 12
44 31 41 14
45 75 87 45
46 90 45 92
47 17 37 18
48 35 43 93
49 42 100 9
50 96 15 11
51 64 38 76
52 62 63 76
53 2 63 23
54 92 63 4
55 28 86 42
56 1 3 5
57 48 21 28
58 83 3 37
59 18 47 68
60 6 34 33
61 70 10 41
62 44 79 93
63 20 75 56
64 48 98 24
65 78 44 5
66 61 24 43
67 67 26 16
68 52 13 86
69 94 89 8
70 68 14 67
71 61 96 69
72 46 38 82
73 35 51 64
74 97 99 49
75 38 72 39
76 8 12 44
77 38 73 2
78 35 65 72
79 74 49 56
80 2 93 19
81 45 45 22
82 91 31 94
83 52 57 84
84 62 76 90
85 1 51 76
86 22 97 71
87 84 81 55
88 68 54 53
89 49 92 39
90 31 41 31
91 64 52 42
92 38 19 42
93 100 71 57
94 47 65 94
95 10 76 8
96 50 88 6
97 46 97 59
98 50 3 50
99 90 58 94
100 32 36 32
101 46 23 2
102 15 83 54
103 26 73 62
104 56 43 11
105 30 89 32
106 20 75 81
107 89 57 79
108 25 89 34
109 64 70 37
110 83 44 28
111 33 47 46
112 7 73 34
113 35 77 30
114 39 46 65
115 78 30 55
116 43 61 61
117 82 93 70
118 99 30 78
119 83 56 46
120 39 82 8
121 71 80 52
122 2 98 49
123 23 7 47
124 5 42 39
125 10 54 26
126 82 95 99
127 72 77 51
128 46 16 24
129 25 84 3
130 67 5 19
131 93 50 36
132 63 10 5
133 76 57 17
134 13 13 4
135 48 44 46
136 60 21 87
137 43 53 12
138 100 92 6
139 25 65 88
140 75 6 98
141 65 10 51
142 30 97 82
143 75 93 93
144 75 31 57
145 82 4 63
146 81 31 46
147 6 94 41
148 81 96 95
149 79 79 84
150 87 45 98
151 65 42 14
152 2 97 21
153 20 91 99
154 21 70 62
155 31 86 81
156 22 11 6
157 77 57 13
158 78 68 77
159 30 32 99
160 33 63 69
161 59 26 97
162 82 98 67
163 89 62 48
164 56 85 41
165 38 51 33
166 11 82 94
167 55 81 31
168 6 5 5
169 91 42 91
170 53 23 64
171 90 28 32
172 61 83 83
173 2 81 30
174 63 38 40
175 78 45 25
176 28 98 89
177 56 26 97
178 33 87 13
179 37 2 59
180 17 12 21
181 57 84 63
182 53 83 17
183 45 70 83
184 22 73 62
185 33 59 64
186 5 88 43
187 32 86 46
188 43 33 24
189 74 66 81
190 8 47 15
191 67 2 10
192 44 85 86
193 89 59 74
194 60 40 68
195 37 88 26
196 7 53 21
197 24 46 68
198 20 23 67
199 41 40 42
200 57 68 54
201 44 62 70
202 18 15 33
203 87 3 78
204 95 90 68
205 3 31 68
206 30 95 8
207 57 76 14
208 54 16 31
209 24 41 47
210 46 31 91
211 87 27 4
212 32 79 65
213 18 79 49
214 89 89 4
215 53 71 24
216 72 88 11
217 3 24 50
218 56 45 37
219 17 51 19
220 11 41 35
221 95 61 56
222 68 68 45
223 41 56 39
224 49 38 2
225 80 27 75
226 32 40 93
227 81 28 86
228 76 95 67
229 77 48 5
230 34 70 4
231 58 59 28
232 6 35 24
233 98 49 6
234 81 35 13
235 9 63 47
236 56 53 89
237 97 100 31
238 4 35 43
239 12 38 31
240 38 96 59
241 20 59 97
242 99 99 77
243 7 29 85
244 25 10 98
245 15 3 31
246 45 61 69
247 79 45 41
248 70 63 15
249 22 32 14
250 13 79 66
251 6 86 46
252 57 74 82
253 65 33 54
254 55 1 96
255 29 96 22
256 5 67 73
257 2 27 95
258 95 31 63
259 15 42 58
260 32 62 46
261 86 74 41
262 85 100 16
263 78 63 56
264 61 2 90
265 96 79 39
266 1 19 81
267 33 9 34
268 96 17 2
269 66 23 10
270 55 2 65
271 100 20 78
272 63 46 54
273 63 95 45
274 22 88 37
275 9 40 94
276 17 31 47
277 71 43 92
278 53 45 53
279 67 35 22
280 36 12 67
281 28 97 80
282 42 88 88
283 67 26 19
284 99 15 66
285 96 22 74
286 22 51 12
287 22 17 15
288 37 13 1
289 86 82 34
290 46 95 20
291 94 80 46
292 34 63 10
293 67 91 62
294 79 92 100
295 10 94 68
296 56 24 26
297 97 51 91
298 47 14 17
299 82 90 47
300 24 10 69
301 74 57 58
302 88 26 34
303 41 9 41
304 74 56 1
305 60 34 99
306 44 36 18
307 29 45 58
308 80 37 9
309 63 42 47
310 59 17 91
311 32 2 6
312 77 80 64
313 25 76 31
314 72 90 68
315 95 50 97
316 75 92 78
317 84 22 48
318 61 43 78
319 44 49 66
320 95 52 58
321 69 4 49
322 72 61 70
323 30 89 36
324 20 22 91
325 13 7 22
326 8 4 42
327 30 70 28
328 9 91 12
329 92 85 65
330 39 20 28
331 73 49 98
332 76 32 37
333 8 56 74
334 11 45 99
335 70 76 50
336 7 66 99
337 26 43 54
338 3 39 10
339 82 33 48
340 68 45 90
341 36 89 58
342 88 56 62
343 91 48 35
344 4 8 15
345 20 85 25
346 3 63 21
347 59 66 18
348 17 52 82
349 82 79 7
350 38 60 8
351 91 72 52
352 44 67 95
353 81 55 1
354 69 37 20
355 50 69 65
356 99 92 8
357 56 52 77
358 7 24 68
359 53 35 12
360 64 43 37
361 62 11 8
362 22 81 98
363 85 64 49
364 28 90 27
365 8 51 1
366 57 13 73
367 59 25 70
368 97 5 18
369 78 69 24
370 75 39 18
371 4 92 51
372 25 85 56
373 67 10 73
374 14 5 67
375 72 99 38
376 10 42 74
377 6 44 16
378 89 76 36
379 69 50 4
380 30 99 97
381 89 79 21
382 49 39 24
383 48 60 28
384 99 43 60
385 85 40 67
386 65 78 96
387 68 13 34
388 91 25 57
389 13 25 85
390 41 18 5
391 41 6 85
392 74 12 68
393 37 70 18
394 62 33 44
395 20 33 34
396 81 54 88
397 76 79 52
398 93 91 84
399 47 45 5
400 39 1 20
401 100 51 7
402 6 61 73
403 14 27 22
404 63 5 49
405 89 36 98
406 55 17 81
407 93 72 20
408 42 65 69
409 48 46 59
410 60 37 28
411 17 88 96
412 86 41 61
413 70 33 82
414 17 52 78
415 19 3 94
416 21 97 25
417 54 44 72
418 14 91 42
419 84 21 26
420 79 73 45
421 59 78 5
422 71 15 89
423 71 93 69
424 40 45 60
425 81 31 72
426 92 1 25
427 90 87 13
428 14 3 75
429 88 86 29
430 72 63 12
431 6 34 69
432 66 51 13
433 52 33 60
434 66 38 46
435 24 56 99
436 24 54 34
437 85 89 57
438 79 22 42
439 62 36 13
440 91 44 75
441 17 87 44
442 79 90 63
443 8 5 43
444 100 1 10
445 91 75 49
446 35 37 7
447 68 24 71
448 60 59 20
449 89 79 17
450 85 25 28
451 31 51 23
452 8 34 56
453 24 87 15
454 8 55 75
455 35 90 78
456 88 88 55
457 93 75 39
458 9 17 28
459 53 74 55
460 61 25 23
461 99 100 94
462 98 90 77
463 63 25 62
464 58 24 61
465 46 35 39
466 20 73 93
467 20 31 79
468 95 61 24
469 21 26 53
470 26 41 17
471 30 7 39
472 85 84 32
473 23 14 92
474 9 35 99
475 47 8 29
476 99 76 12
477 17 27 68
478 61 52 29
479 52 30 62
480 83 49 65
481 69 20 59
482 58 87 84
483 22 16 19
484 78 56 68
485 94 41 88
486 48 83 60
487 81 89 61
488 54 32 12
489 57 2 58
490 45 44 88
491 37 88 11
492 6 8 78
493 70 84 64
494 76 95 42
495 30 21 97
496 37 73 34
497 34 96 39
498 7 41 84
499 39 46 92
500 16 70 72
501 55 77 96
502 97 35 98
503 31 1 16
504 76 11 20
505 88 33 24
506 59 100 24
507 50 50 42
508 24 52 72
509 1 45 60
510 47 79 30
511 3 42 80
512 2 28 83
513 62 31 17
514 29 8 56
515 54 75 86
516 96 11 80
517 34 12 15
518 53 65 95
519 30 64 57
520 84 18 40
521 42 36 89
522 21 93 95
523 44 86 84
524 45 57 19
525 16 59 22
526 48 58 39
527 93 52 51
528 61 43 66
529 98 32 89
530 50 18 93
531 17 15 42
532 78 2 60
533 50 36 22
534 46 66 61
535 9 44 70
536 3 92 55
537 31 81 42
538 56 11 40
539 72 71 98
540 68 43 65
541 53 8 98
542 17 17 56
543 55 81 56
544 7 41 33
545 8 74 70
546 73 38 24
547 45 57 89
548 82 24 12
549 83 90 23
550 87 74 61
551 43 79 43
552 69 95 79
553 80 62 57
554 17 56 73
555 45 20 29
556 61 34 87
557 83 21 64
558 48 6 87
559 63 24 21
560 94 26 35
561 59 8 83
562 86 72 80
563 5 58 7
564 16 96 74
565 24 64 17
566 79 96 65
567 48 83 21
568 4 78 78
569 1 84 72
570 36 40 16
571 53 3 10
572 10 22 31
573 10 98 99
574 87 98 6
575 22 38 13
576 19 79 77
577 52 2 25
578 81 88 93
579 22 84 79
580 10 2 76
581 50 48 76
582 29 100 43
583 29 43 40
584 48 96 60
585 49 57 67
586 35 53 42
587 44 97 7
588 80 41 100
589 43 3 80
590 6 23 49
591 47 79 66
592 22 42 30
593 59 98 65
594 30 63 4
595 28 33 24
596 37 69 59
597 6 18 10
598 7 13 13
599 3 70 47
600 43 44 73
601 7 65 64
602 63 27 14
603 6 36 8
604 91 28 8
605 51 29 70
606 97 94 53
607 63 62 56
608 39 79 13
609 62 62 84
610 43 18 76
611 14 3 10
612 100 14 30
613 44 15 52
614 97 43 51
615 70 98 1
616 85 33 100
617 68 66 83
618 46 61 23
619 85 23 50
620 94 97 59
621 48 68 3
622 71 38 66
623 68 99 59
624 28 37 10
625 8 61 62
626 24 22 89
627 87 14 53
628 91 44 3
629 64 52 45
630 50 84 88
631 55 34 37
632 89 75 17
633 82 21 21
634 14 57 48
635 6 90 15
636 14 59 99
637 76 76 42
638 96 3 4
639 28 50 42
640 23 6 28
641 82 83 96
642 10 40 5
643 38 20 87
644 68 41 62
645 61 51 21
646 74 34 65
647 20 76 45
648 72 78 7
649 48 94 90
650 23 25 72
651 81 87 20
652 21 100 32
653 19 30 15
654 4 28 85
655 3 8 76
656 29 43 5
657 44 90 97
658 20 79 93
659 45 91 41
660 100 58 86
661 88 72 39
662 42 45 2
663 72 56 46
664 84 89 10
665 69 9 2
666 77 10 61
667 24 3 52
668 38 42 5
669 81 19 53
670 1 99 85
671 88 98 56
672 40 44 68
673 100 72 41
674 91 9 32
675 49 74 72
676 23 28 40
677 57 18 61
678 85 44 45
679 81 82 74
680 37 91 99
681 37 36 46
682 7 63 52
683 59 84 47
684 72 69 22
685 71 97 69
686 83 50 28
687 97 55 6
688 61 53 23
689 77 61 63
690 85 17 46
691 100 56 9
692 69 30 31
693 96 94 26
694 87 41 61
695 78 8 21
696 63 99 13
697 95 45 69
698 71 48 17
699 65 84 94
700 81 57 63
701 85 93 44
702 90 94 87
703 69 6 25
704 97 69 50
705 8 29 43
706 44 97 76
707 20 12 64
708 56 40 95
709 28 58 46
710 48 69 36
711 8 46 49
712 77 47 91
713 83 53 18
714 31 93 52
715 50 92 3
716 78 60 76
717 9 81 87
718 81 77 55
719 59 34 71
720 5 72 10
721 82 16 64
722 90 38 50
723 29 31 96
724 68 97 70
725 21 3 57
726 100 57 20
727 81 21 38
728 16 83 92
729 11 19 88
730 57 35 52
731 74 90 12
732 91 69 93
733 87 9 37
734 81 41 2
735 74 91 64
736 86 56 19
737 88 41 5
738 6 64 10
739 40 54 30
740 72 97 21
741 74 54 68
742 69 87 93
743 79 89 62
744 65 74 85
745 35 46 74
746 31 59 23
747 55 71 38
748 69 28 3
749 91 66 3
750 88 98 93
751 55 77 1
752 25 14 100
753 86 32 75
754 54 52 99
755 32 24 44
756 34 72 7
757 5 81 26
758 54 97 22
759 29 97 29
760 19 83 76
761 89 89 23
762 42 30 84
763 26 52 18
764 29 44 87
765 35 22 36
766 91 70 10
767 12 91 54
768 59 69 31
769 83 51 75
770 95 82 93
771 12 65 30
772 9 50 95
773 15 31 5
774 35 30 42
775 24 41 86
776 89 62 34
777 60 53 73
778 15 24 93
779 87 74 90
780 87 29 99
781 54 14 82
782 88 7 91
783 41 29 21
784 57 60 47
785 51 94 82
786 3 11 85
787 86 3 68
788 51 97 16
789 91 33 77
790 42 50 84
791 91 83 50
792 20 72 3
793 51 5 70
794 32 32 38
795 83 81 24
796 96 30 79
797 77 61 13
798 80 63 50
799 78 52 84
800 29 56 46
801 23 88 28
802 24 51 51
803 71 59 39
804 31 62 14
805 43 38 76
806 21 54 59
807 6 27 72
808 18 94 48
809 26 22 53
810 54 92 10
811 59 46 42
812 97 25 73
813 30 51 27
814 15 75 38
815 61 7 47
816 66 46 51
817 58 17 33
818 41 65 75
819 31 41 7
820 83 15 94
821 4 54 11
822 43 28 20
823 72 60 27
824 45 42 9
825 92 37 88
826 27 39 39
827 36 51 53
828 80 44 40
829 43 98 96
830 35 40 35
831 85 80 36
832 8 25 24
833 98 30 68
834 99 76 46
835 6 65 79
836 96 50 67
837 39 69 29
838 47 73 64
839 13 6 14
840 89 28 40
841 13 98 32
842 65 61 35
843 30 30 18
844 90 60 59
845 96 16 94
846 2 78 97
847 31 52 77
848 88 62 98
849 9 14 32
850 18 62 15
851 59 26 84
852 18 71 21
853 96 26 22
854 47 57 71
855 91 26 79
856 32 38 36
857 34 63 57
858 7 2 76
859 73 53 67
860 74 15 47
861 41 100 90
862 94 93 51
863 33 51 77
864 78 76 26
865 34 92 18
866 9 41 56
867 77 28 48
868 66 30 39
869 55 44 20
870 5 89 54
871 67 73 69
872 55 68 13
873 2 95 60
874 76 99 30
875 99 28 55
876 17 50 87
877 38 9 45
878 92 76 57
879 57 82 72
880 81 88 79
881 90 98 1
882 80 13 52
883 64 19 40
884 22 99 23
885 25 100 17
886 90 2 85
887 73 52 89
888 2 47 6
889 47 1 4
890 48 79 17
891 94 78 21
892 1 34 34
893 98 85 8
894 23 80 21
895 91 97 19
896 76 37 47
897 9 31 76
898 83 46 48
899 72 92 74
900 92 55 96
901 76 89 99
902 16 77 38
903 89 98 60
904 100 8 24
905 12 22 95
906 63 1 16
907 8 37 46
908 57 71 20
909 43 81 3
910 26 93 92
911 16 90 51
912 85 1 31
913 51 27 59
914 3 96 54
915 18 15 27
916 93 9 33
917 39 7 77
918 94 7 62
919 20 13 3
920 26 12 58
921 38 99 57
922 89 98 76
923 96 8 88
924 23 18 30
925 8 57 8
926 89 80 28
927 22 11 67
928 27 41 39
929 4 16 19
930 21 85 12
931 10 1 65
932 7 80 26
933 53 27 42
934 2 52 62
935 40 37 17
936 41 47 31
937 49 19 56
938 94 35 2
939 15 17 92
940 12 16 18
941 58 79 57
942 7 86 33
943 2 25 10
944 81 79 6
945 14 92 47
946 55 40 3
947 14 85 37
948 46 52 53
949 15 73 24
950 9 32 4
951 78 35 85
952 100 31 92
953 65 7 38
954 21 88 19
955 36 95 59
956 15 82 9
957 60 10 41
958 43 75 22
959 26 55 44
960 47 57 9
961 3 100 73
962 92 46 4
963 73 18 48
964 66 28 6
965 83 65 87
966 37 33 41
967 99 48 53
968 52 66 97
969 86 14 78
970 79 64 34
971 30 47 8
972 53 63 87
973 20 76 7
974 76 73 87
975 10 82 47
976 40 54 22
977 22 63 38
978 91 25 41
979 59 62 6
980 99 51 69
981 76 12 23
982 45 54 82
983 27 6 48
984 63 2 92
985 23 5 59
986 22 94 85
987 25 65 20
988 1 97 3
989 15 16 13
990 1 9 17
991 59 100 90
992 48 18 45
993 86 64 96
994 49 3 14
995 72 53 71
996 42 3 97
997 86 20 6
998 88 27 74
999 38 58 1
0 1 2 3 4 5 6 7 8 9 10 11 12 13 14 15 16 17 18 19 20 21 22 23 24 25 26 27 28 29 30 31 32 33 34 35 36 37 38 39 40 41 42 43 44 45 46 47 48 49 50 51 52 53 54 55 56 57 58 59 60 61 62 63 64 65 66 67 68 69 70 71 72 73 74 75 76 77 78 79 80 81 82 83 84 85 86 87 88 89 90 91 92 93 94 95 96 97 98 99 100 101 102 103 104 105 106 107 108 109 110 111 112 113 114 115 116 117 118 119 120 121 122 123 124 125 126 127 128 129 130 131 132 133 134 135 136 137 138 139 140 141 142 143 144 145 146 147 148 149 150 151 152 153 154 155 156 157 158 159 160 161 162 163 164 165 166 167 168 169 170 171 172 173 174 175 176 177 178 179 180 181 182 183 184 185 186 187 188 189 190 191 192 193 194 195 196 197 198 199 200 201 202 203 204 205 206 207 208 209 210 211 212 213 214 215 216 217 218 219 220 221 222 223 224 225 226 227 228 229 230 231 232 233 234 235 236 237 238 239 240 241 242 243 244 245 246 247 248 249 250 251 252 253 254 255 256 257 258 259 260 261 262 263 264 265 266 267 268 269 270 271 272 273 274 275 276 277 278 279 280 281 282 283 284 285 286 287 288 289 290 291 292 293 294 295 296 297 298 299 300 301 302 303 304 305 306 307 308 309 310 311 312 313 314 315 316 317 318 319 320 321 322 323 324 325 326 327 328 329 330 331 332 333 334 335 336 337 338 339 340 341 342 343 344 345 346 347 348 349 350 351 352 353 354 355 356 357 358 359 360 361 362 363 364 365 366 367 368 369 370 371 372 373 374 375 376 377 378 379 380 381 382 383 384 385 386 387 388 389 390 391 392 393 394 395 396 397 398 399 400 401 402 403 404 405 406 407 408 409 410 411 412 413 414 415 416 417 418 419 420 421 422 423 424 425 426 427 428 429 430 431 432 433 434 435 436 437 438 439 440 441 442 443 444 445 446 447 448 449 450 451 452 453 454 455 456 457 458 459 460 461 462 463 464 465 466 467 468 469 470 471 472 473 474 475 476 477 478 479 480 481 482 483 484 485 486 487 488 489 490 491 492 493 494 495 496 497 498 499 500 501 502 503 504 505 506 507 508 509 510 511 512 513 514 515 516 517 518 519 520 521 522 523 524 525 526 527 528 529 530 531 532 533 534 535 536 537 538 539 540 541 542 543 544 545 546 547 548 549 550 551 552 553 554 555 556 557 558 559 560 561 562 563 564 565 566 567 568 569 570 571 572 573 574 575 576 577 578 579 580 581 582 583 584 585 586 587 588 589 590 591 592 593 594 595 596 597 598 599 600 601 602 603 604 605 606 607 608 609 610 611 612 613 614 615 616 617 618 619 620 621 622 623 624 625 626 627 628 629 630 631 632 633 634 635 636 637 638 639 640 641 642 643 644 645 646 647 648 649 650 651 652 653 654 655 656 657 658 659 660 661 662 663 664 665 666 667 668 669 670 671 672 673 674 675 676 677 678 679 680 681 682 683 684 685 686 687 688 689 690 691 692 693 694 695 696 697 698 699 700 701 702 703 704 705 706 707 708 709 710 711 712 713 714 715 716 717 718 719 720 721 722 723 724 725 726 727 728 729 730 731 732 733 734 735 736 737 738 739 740 741 742 743 744 745 746 747 748 749 750 751 752 753 754 755 756 757 758 759 760 761 762 763 764 765 766 767 768 769 770 771 772 773 774 775 776 777 778 779 780 781 782 783 784 785 786 787 788 789 790 791 792 793 794 795 796 797 798 799 800 801 802 803 804 805 806 807 808 809 810 811 812 813 814 815 816 817 818 819 820 821 822 823 824 825 826 827 828 829 830 831 832 833 834 835 836 837 838 839 840 841 842 843 844 845 846 847 848 849 850 851 852 853 854 855 856 857 858 859 860 861 862 863 864 865 866 867 868 869 870 871 872 873 874 875 876 877 878 879 880 881 882 883 884 885 886 887 888 889 890 891 892 893 894 895 896 897 898 899 900 901 902 903 904 905 906 907 908 909 910 911 912 913 914 915 916 917 918 919 920 921 922 923 924 925 926 927 928 929 930 931 932 933 934 935 936 937 938 939 940 941 942 943 944 945 946 947 948 949 950 951 952 953 954 955 956 957 958 959 960 961 962 963 964 965 966 967 968 969 970 971 972 973 974 975 976 977 978 979 980 981 982 983 984 985 986 987 988 989 990 991 992 993 994 995 996 997 998 999
