1000
100 100 100
0 59 1 8
1 71 38 64
2 4 80 41
3 74 66 95
4 58 98 98
5 91 45 57
6 78 35 57
7 11 3 19
8 52 35 41
9 98 22 57
10 24 26 44
11 56 92 98
12 32 46 29
13 54 37 93
14 50 19 82
15 67 24 81
16 3 92 31
17 1 30 14
18 83 50 14
19 99 82 32
20 87 61 56
21 57 2 76
22 51 35 72
23 38 70 78
24 90 16 71
25 66 94 36
26 2 32 82
27 55 4 69
28 52 57 66
29 24 76 80
30 28 83 61
31 15 89 61
32 65 41 79
33 38 50 64
34 41 98 88
35 39 71 46
36 83 58 2
37 3 10 54
38 55 7 86
39 46 27 84
40 78 22 64
41 60 73 99
42 90 90 77
43 89 21 71
44 5 64 16
45 71 72 57
46 13 9 23
47 71 46 75
48 47 48 9
49 57 51 68
50 8 36 17
51 34 75 66
52 34 55 31
53 64 82 86
54 99 24 97
55 3 58 76
56 24 60 30
57 56 68 84
58 58 2 20
59 16 96 84
60 34 65 15
61 18 33 45
62 12 98 78
63 19 80 65
64 59 98 8
65 44 20 75
66 78 53 36
67 81 84 60
68 14 51 70
69 40 20 52
70 40 92 34
71 78 93 47
72 84 30 63
73 10 87 63
74 22 59 7
75 73 68 32
76 54 15 52
77 73 26 69
78 86 21 83
79 11 2 41
80 48 15 95
81 40 46 27
82 85 96 54
83 21 44 68
84 3 39 51
85 87 88 12
86 91 85 29
87 69 14 1
88 1 70 32
89 16 54 36
90 83 4 68
91 33 92 64
92 76 42 17
93 14 97 92
94 35 65 60
95 80 74 99
96 88 79 34
97 97 47 86
98 17 29 47
99 77 46 64
100 13 60 64
101 40 90 4
102 43 39 18
103 8 30 13
104 6 91 7
105 39 3 19
106 56 49 57
107 63 31 24
108 76 28 68
109 10 94 19
110 49 38 52
111 92 79 24
112 58 1 77
113 55 93 35
114 22 24 61
115 79 47 82
116 62 68 21
117 43 68 83
118 2 90 23
119 35 92 93
120 77 98 54
121 22 7 29
122 20 19 2
123 8 97 6
124 84 90 45
125 33 100 1
126 80 36 49
127 86 14 1
128 22 73 84
129 69 33 12
130 74 7 16
131 47 74 54
132 6 42 72
133 24 13 33
134 99 99 60
135 39 27 63
136 44 47 94
137 47 51 20
138 7 64 66
139 91 45 72
140 15 39 78
141 91 54 98
142 9 36 91
143 77 87 49
144 6 47 65
145 13 89 21
146 35 90 67
147 32 46 38
148 45 74 2
149 24 87 68
150 94 5 48
151 18 57 44
152 100 45 41
153 31 22 33
154 87 4 69
155 88 18 5
156 1 37 17
157 92 21 71
158 91 70 71
159 87 14 53
160 43 34 67
161 18 33 68
162 60 59 22
163 33 19 64
164 21 56 72
165 44 26 15
166 28 13 49
167 22 23 62
168 36 68 64
169 87 75 74
170 50 74 62
171 20 32 80
172 31 32 15
173 5 85 10
174 29 5 91
175 42 12 38
176 62 38 29
177 48 51 55
178 54 52 6
179 88 44 57
180 22 33 92
181 86 70 95
182 12 1 36
183 12 31 48
184 31 5 57
185 72 80 61
186 47 48 80
187 45 42 66
188 74 88 36
189 52 95 1
190 76 43 2
191 28 76 83
192 92 27 35
193 60 8 8
194 86 72 10
195 2 55 73
196 92 42 53
197 10 6 24
198 45 86 70
199 98 27 47
200 90 45 46
201 73 24 65
202 20 46 85
203 37 75 8
204 67 13 11
205 69 84 64
206 46 46 66
207 41 91 57
208 12 48 61
209 77 2 41
210 10 87 91
211 53 55 12
212 65 48 24
213 70 63 46
214 8 17 65
215 57 18 38
216 62 53 98
217 96 67 90
218 34 42 46
219 95 3 54
220 53 87 99
221 24 73 92
222 40 98 60
223 75 58 78
224 51 100 15
225 20 30 61
226 51 70 15
227 6 41 85
228 60 96 81
229 28 48 18
230 68 16 76
231 88 19 17
232 62 51 77
233 17 43 51
234 44 71 49
235 15 22 38
236 84 82 51
237 58 11 19
238 37 31 83
239 84 13 87
240 65 62 74
241 65 72 63
242 11 62 96
243 72 43 74
244 57 88 10
245 11 49 45
246 16 73 31
247 18 14 25
248 35 15 67
249 22 52 67
250 80 54 58
251 9 7 98
252 25 20 91
253 41 89 39
254 99 75 33
255 78 99 41
256 62 10 66
257 86 61 52
258 80 9 62
259 22 38 64
260 18 100 6
261 43 16 83
262 39 76 2
263 91 97 2
264 32 72 96
265 24 3 53
266 40 5 28
267 28 37 61
268 79 44 45
269 77 6 7
270 5 32 54
271 60 77 4
272 62 3 94
273 2 79 37
274 76 75 33
275 59 53 74
276 65 52 52
277 87 67 23
278 24 70 99
279 7 9 6
280 42 22 99
281 75 49 95
282 62 40 2
283 91 77 57
284 75 99 22
285 76 40 25
286 27 52 8
287 87 23 89
288 49 47 52
289 8 84 21
290 42 73 41
291 60 96 60
292 34 82 14
293 26 70 36
294 93 7 49
295 40 51 53
296 1 8 19
297 21 78 82
298 62 18 80
299 36 84 57
300 69 69 9
301 90 81 63
302 14 9 57
303 8 58 28
304 2 63 94
305 62 62 39
306 67 77 43
307 15 71 36
308 48 5 41
309 47 99 25
310 49 83 12
311 44 86 12
312 35 89 32
313 58 38 83
314 87 49 54
315 84 3 29
316 25 7 73
317 38 44 38
318 27 21 19
319 100 22 78
320 50 37 4
321 71 38 69
322 36 64 28
323 49 27 74
324 75 61 14
325 85 81 31
326 31 11 35
327 14 66 73
328 4 1 78
329 52 70 36
330 93 100 7
331 54 69 78
332 73 89 85
333 20 56 71
334 85 16 5
335 98 76 50
336 68 24 88
337 34 34 20
338 52 61 46
339 15 18 85
340 85 86 5
341 84 53 17
342 24 43 91
343 17 55 16
344 10 94 86
345 71 5 13
346 15 75 22
347 41 78 25
348 36 33 3
349 97 84 81
350 37 33 79
351 61 88 44
352 68 37 55
353 24 90 64
354 10 65 10
355 12 4 41
356 33 39 17
357 83 100 38
358 42 74 76
359 1 70 42
360 78 26 92
361 76 32 62
362 21 87 8
363 37 59 98
364 55 76 65
365 19 60 28
366 46 97 17
367 92 77 2
368 99 57 15
369 57 83 51
370 89 65 8
371 20 48 6
372 74 5 74
373 87 82 61
374 54 71 57
375 26 35 63
376 56 68 3
377 67 74 26
378 84 100 84
379 58 4 54
380 92 53 10
381 76 86 65
382 53 34 2
383 51 13 47
384 60 24 73
385 81 4 13
386 18 62 24
387 34 72 60
388 78 57 59
389 3 88 72
390 46 37 99
391 7 26 73
392 70 9 60
393 31 28 22
394 28 13 69
395 65 82 46
396 8 41 37
397 77 81 83
398 96 7 100
399 76 43 87
400 44 38 34
401 7 46 63
402 77 79 76
403 75 100 100
404 21 24 38
405 97 71 99
406 17 98 33
407 69 81 3
408 22 34 33
409 18 47 30
410 36 49 8
411 79 51 85
412 28 81 57
413 83 3 93
414 62 6 43
415 28 65 34
416 31 41 30
417 92 44 30
418 56 84 13
419 30 14 47
420 23 13 11
421 81 10 83
422 19 98 69
423 15 55 77
424 53 41 95
425 100 64 56
426 72 45 43
427 34 25 99
428 94 49 81
429 71 77 14
430 7 86 91
431 14 66 25
432 95 87 55
433 9 31 64
434 9 28 43
435 71 37 57
436 86 50 99
437 86 6 41
438 36 1 100
439 52 42 26
440 39 15 11
441 84 59 19
442 15 9 38
443 90 94 40
444 71 57 25
445 43 75 64
446 33 24 37
447 87 50 25
448 21 59 29
449 18 30 33
450 43 75 48
451 95 94 85
452 84 28 29
453 29 96 22
454 73 67 87
455 37 53 24
456 6 48 97
457 8 68 24
458 7 28 98
459 72 30 14
460 95 17 18
461 51 1 21
462 88 2 86
463 75 34 13
464 10 7 63
465 99 41 30
466 93 74 89
467 88 62 4
468 90 98 21
469 22 26 61
470 1 36 10
471 49 60 82
472 30 22 78
473 41 65 24
474 18 20 29
475 22 14 30
476 57 57 15
477 1 86 29
478 4 99 86
479 92 24 78
480 76 55 6
481 78 71 53
482 19 70 100
483 87 52 25
484 54 37 28
485 62 38 52
486 52 41 52
487 11 47 95
488 16 71 22
489 77 65 47
490 61 75 19
491 38 87 87
492 53 3 98
493 51 29 55
494 95 64 61
495 31 78 30
496 7 46 60
497 3 90 87
498 51 32 54
499 33 80 53
500 66 84 47
501 30 56 92
502 75 49 52
503 1 13 74
504 27 82 93
505 39 59 35
506 54 15 94
507 37 26 100
508 92 46 56
509 48 74 23
510 69 92 14
511 83 98 76
512 43 15 8
513 94 11 78
514 98 39 58
515 35 49 58
516 65 24 22
517 61 70 17
518 25 21 64
519 19 97 62
520 73 42 97
521 48 77 84
522 53 74 45
523 54 64 92
524 31 98 45
525 28 67 56
526 83 14 32
527 58 66 9
528 51 9 16
529 59 31 87
530 11 5 88
531 45 68 75
532 83 75 95
533 20 64 36
534 52 30 56
535 67 99 39
536 63 24 86
537 46 50 61
538 2 81 25
539 6 56 38
540 11 13 48
541 16 18 85
542 33 71 12
543 22 43 53
544 72 23 77
545 23 93 33
546 76 73 34
547 37 89 75
548 53 66 27
549 79 17 44
550 5 23 18
551 72 93 50
552 11 2 84
553 49 16 10
554 86 75 60
555 63 20 52
556 80 39 79
557 23 10 71
558 18 79 61
559 8 33 75
560 27 27 79
561 38 62 35
562 69 96 70
563 10 94 59
564 13 3 61
565 7 49 98
566 53 83 23
567 72 75 42
568 26 38 20
569 58 88 99
570 3 25 4
571 90 44 87
572 7 21 98
573 69 63 73
574 66 15 33
575 29 48 30
576 2 68 21
577 25 86 50
578 7 42 32
579 76 83 11
580 62 44 92
581 18 89 32
582 25 7 96
583 92 46 44
584 89 28 47
585 71 59 50
586 2 47 73
587 12 42 62
588 12 71 60
589 45 1 86
590 94 3 70
591 93 28 40
592 76 13 66
593 21 29 51
594 54 32 7
595 39 68 71
596 93 28 47
597 3 37 75
598 92 87 2
599 63 93 58
600 70 85 83
601 62 86 66
602 12 99 71
603 28 56 2
604 53 17 32
605 72 17 88
606 32 94 68
607 25 53 34
608 61 94 77
609 48 17 57
610 50 38 77
611 18 31 77
612 84 80 68
613 89 33 26
614 54 31 84
615 17 25 35
616 2 73 61
617 74 54 16
618 23 82 92
619 55 94 6
620 49 83 70
621 45 52 97
622 29 43 1
623 62 30 22
624 67 23 16
625 44 23 68
626 88 64 61
627 99 65 89
628 7 90 22
629 20 78 81
630 63 37 8
631 87 66 95
632 52 84 95
633 30 3 66
634 73 73 40
635 78 69 30
636 8 86 76
637 22 6 93
638 65 26 51
639 100 54 24
640 74 65 28
641 16 24 11
642 76 2 97
643 49 17 8
644 38 97 10
645 64 94 67
646 81 30 74
647 16 80 89
648 58 51 37
649 90 17 5
650 89 14 91
651 89 76 40
652 37 18 50
653 14 66 38
654 29 8 15
655 81 31 71
656 35 85 14
657 48 22 17
658 56 4 6
659 25 42 65
660 72 77 88
661 7 61 82
662 47 83 82
663 12 33 74
664 38 4 14
665 98 66 22
666 3 79 24
667 43 98 41
668 95 69 99
669 55 7 34
670 20 34 43
671 16 54 5
672 47 38 63
673 98 51 83
674 80 63 72
675 16 57 72
676 16 8 63
677 66 93 23
678 99 43 73
679 35 19 90
680 87 92 13
681 10 75 45
682 5 1 65
683 70 6 99
684 92 97 18
685 64 9 14
686 31 14 68
687 15 21 65
688 98 23 4
689 82 50 59
690 65 2 41
691 55 6 77
692 64 34 22
693 58 63 91
694 40 27 80
695 41 88 18
696 79 3 71
697 6 43 51
698 65 88 8
699 24 39 6
700 44 17 41
701 85 28 16
702 24 22 74
703 27 88 71
704 78 76 4
705 43 56 32
706 59 83 25
707 59 40 11
708 81 26 31
709 89 49 49
710 79 56 45
711 20 84 53
712 68 37 9
713 12 99 50
714 57 44 21
715 87 10 19
716 7 29 3
717 89 34 1
718 56 73 85
719 9 63 67
720 60 84 22
721 38 26 84
722 66 25 33
723 70 53 94
724 13 11 46
725 91 100 25
726 40 97 7
727 96 30 17
728 56 61 75
729 86 32 16
730 50 25 63
731 76 76 32
732 70 96 14
733 32 91 8
734 38 88 53
735 63 99 39
736 96 1 82
737 70 43 99
738 82 88 45
739 2 39 88
740 71 57 24
741 71 18 9
742 24 7 29
743 75 5 1
744 56 51 95
745 9 79 59
746 25 35 70
747 74 2 23
748 77 22 34
749 91 33 89
750 77 72 39
751 63 22 78
752 57 2 23
753 64 17 94
754 40 55 3
755 66 43 22
756 1 88 5
757 13 19 5
758 21 5 61
759 2 24 83
760 57 23 56
761 60 34 81
762 99 100 15
763 52 86 59
764 79 54 53
765 1 2 72
766 27 66 100
767 89 72 37
768 22 24 65
769 16 13 24
770 56 72 79
771 42 42 69
772 9 50 59
773 14 64 39
774 13 69 87
775 57 49 58
776 28 52 32
777 32 67 95
778 51 92 45
779 28 33 70
780 57 85 2
781 24 56 71
782 94 100 49
783 74 33 66
784 81 38 15
785 21 8 10
786 45 84 47
787 69 74 3
788 70 34 54
789 51 21 51
790 16 3 41
791 46 44 88
792 98 46 93
793 95 31 53
794 87 1 57
795 85 55 13
796 85 6 79
797 86 54 92
798 1 97 38
799 9 44 28
800 64 58 15
801 69 57 69
802 41 80 6
803 70 14 14
804 40 39 46
805 31 34 67
806 86 18 61
807 10 20 78
808 15 70 77
809 52 66 78
810 35 91 6
811 27 43 54
812 47 54 54
813 16 83 85
814 100 44 39
815 86 20 30
816 100 11 68
817 90 94 21
818 64 85 65
819 50 39 46
820 3 8 60
821 49 74 41
822 66 81 7
823 60 16 7
824 76 16 50
825 5 39 52
826 29 4 19
827 44 95 31
828 40 32 14
829 49 55 68
830 4 22 55
831 82 40 19
832 77 58 17
833 76 47 67
834 60 36 9
835 18 50 22
836 78 20 14
837 52 71 36
838 84 77 52
839 40 1 66
840 36 37 98
841 63 15 23
842 78 68 37
843 35 29 67
844 55 7 41
845 64 93 18
846 36 28 12
847 67 26 14
848 16 61 82
849 90 63 93
850 66 62 67
851 99 55 4
852 29 15 10
853 92 84 76
854 32 26 60
855 83 47 10
856 66 44 27
857 3 29 53
858 70 64 98
859 49 29 97
860 86 88 91
861 87 84 26
862 76 71 26
863 68 95 13
864 85 5 85
865 70 78 74
866 48 2 86
867 13 93 14
868 3 16 73
869 61 47 81
870 60 2 99
871 19 85 9
872 98 39 35
873 74 28 30
874 32 18 34
875 5 55 60
876 29 57 92
877 95 68 34
878 79 96 19
879 22 15 38
880 6 29 62
881 86 59 94
882 38 99 3
883 76 16 74
884 51 45 79
885 36 77 99
886 94 12 80
887 35 46 74
888 35 85 14
889 93 57 98
890 21 84 12
891 99 77 83
892 46 18 73
893 16 11 46
894 44 63 56
895 26 86 99
896 92 12 36
897 88 38 29
898 11 43 66
899 100 22 8
900 87 66 40
901 41 46 29
902 19 60 7
903 18 79 72
904 81 59 47
905 22 86 57
906 63 23 19
907 79 4 20
908 13 23 32
909 20 74 3
910 78 1 15
911 17 80 4
912 17 51 72
913 9 8 83
914 40 10 82
915 45 53 88
916 95 52 32
917 9 58 33
918 20 9 40
919 34 100 19
920 35 34 91
921 14 70 19
922 3 55 49
923 89 68 45
924 41 91 16
925 46 57 64
926 95 11 96
927 24 99 91
928 84 57 66
929 52 87 11
930 87 27 77
931 29 17 2
932 8 77 51
933 23 10 66
934 44 46 32
935 40 38 9
936 100 55 87
937 55 95 82
938 26 13 5
939 74 84 72
940 69 35 60
941 18 22 83
942 54 26 6
943 20 44 42
944 20 31 33
945 51 94 68
946 85 96 26
947 26 38 80
948 74 48 79
949 44 2 55
950 23 43 7
951 38 71 27
952 88 60 28
953 14 70 53
954 14 22 38
955 64 84 70
956 70 4 70
957 44 86 33
958 30 92 66
959 95 30 69
960 95 26 79
961 53 83 77
962 74 17 80
963 37 41 85
964 14 74 16
965 10 82 25
966 4 3 55
967 43 83 57
968 95 62 47
969 19 7 1
970 53 92 20
971 40 30 63
972 98 73 17
973 95 78 2
974 35 22 48
975 61 11 83
976 7 58 87
977 82 8 76
978 89 73 40
979 47 45 75
980 36 33 4
981 20 73 52
982 36 29 65
983 40 78 63
984 68 19 49
985 26 82 78
986 8 42 3
987 22 44 41
988 15 92 81
989 19 1 5
990 10 23 43
991 81 24 25
992 96 81 38
993 87 50 17
994 27 24 58
995 24 53 29
996 98 2 67
997 72 85 24
998 9 45 43
999 83 5 73
0 1 2 3 4 5 6 7 8 9 10 11 12 13 14 15 16 17 18 19 20 21 22 23 24 25 26 27 28 29 30 31 32 33 34 35 36 37 38 39 40 41 42 43 44 45 46 47 48 49 50 51 52 53 54 55 56 57 58 59 60 61 62 63 64 65 66 67 68 69 70 71 72 73 74 75 76 77 78 79 80 81 82 83 84 85 86 87 88 89 90 91 92 93 94 95 96 97 98 99 100 101 102 103 104 105 106 107 108 109 110 111 112 113 114 115 116 117 118 119 120 121 122 123 124 125 126 127 128 129 130 131 132 133 134 135 136 137 138 139 140 141 142 143 144 145 146 147 148 149 150 151 152 153 154 155 156 157 158 159 160 161 162 163 164 165 166 167 168 169 170 171 172 173 174 175 176 177 178 179 180 181 182 183 184 185 186 187 188 189 190 191 192 193 194 195 196 197 198 199 200 201 202 203 204 205 206 207 208 209 210 211 212 213 214 215 216 217 218 219 220 221 222 223 224 225 226 227 228 229 230 231 232 233 234 235 236 237 238 239 240 241 242 243 244 245 246 247 248 249 250 251 252 253 254 255 256 257 258 259 260 261 262 263 264 265 266 267 268 269 270 271 272 273 274 275 276 277 278 279 280 281 282 283 284 285 286 287 288 289 290 291 292 293 294 295 296 297 298 299 300 301 302 303 304 305 306 307 308 309 310 311 312 313 314 315 316 317 318 319 320 321 322 323 324 325 326 327 328 329 330 331 332 333 334 335 336 337 338 339 340 341 342 343 344 345 346 347 348 349 350 351 352 353 354 355 356 357 358 359 360 361 362 363 364 365 366 367 368 369 370 371 372 373 374 375 376 377 378 379 380 381 382 383 384 385 386 387 388 389 390 391 392 393 394 395 396 397 398 399 400 401 402 403 404 405 406 407 408 409 410 411 412 413 414 415 416 417 418 419 420 421 422 423 424 425 426 427 428 429 430 431 432 433 434 435 436 437 438 439 440 441 442 443 444 445 446 447 448 449 450 451 452 453 454 455 456 457 458 459 460 461 462 463 464 465 466 467 468 469 470 471 472 473 474 475 476 477 478 479 480 481 482 483 484 485 486 487 488 489 490 491 492 493 494 495 496 497 498 499 500 501 502 503 504 505 506 507 508 509 510 511 512 513 514 515 516 517 518 519 520 521 522 523 524 525 526 527 528 529 530 531 532 533 534 535 536 537 538 539 540 541 542 543 544 545 546 547 548 549 550 551 552 553 554 555 556 557 558 559 560 561 562 563 564 565 566 567 568 569 570 571 572 573 574 575 576 577 578 579 580 581 582 583 584 585 586 587 588 589 590 591 592 593 594 595 596 597 598 599 600 601 602 603 604 605 606 607 608 609 610 611 612 613 614 615 616 617 618 619 620 621 622 623 624 625 626 627 628 629 630 631 632 633 634 635 636 637 638 639 640 641 642 643 644 645 646 647 648 649 650 651 652 653 654 655 656 657 658 659 660 661 662 663 664 665 666 667 668 669 670 671 672 673 674 675 676 677 678 679 680 681 682 683 684 685 686 687 688 689 690 691 692 693 694 695 696 697 698 699 700 701 702 703 704 705 706 707 708 709 710 711 712 713 714 715 716 717 718 719 720 721 722 723 724 725 726 727 728 729 730 731 732 733 734 735 736 737 738 739 740 741 742 743 744 745 746 747 748 749 750 751 752 753 754 755 756 757 758 759 760 761 762 763 764 765 766 767 768 769 770 771 772 773 774 775 776 777 778 779 780 781 782 783 784 785 786 787 788 789 790 791 792 793 794 795 796 797 798 799 800 801 802 803 804 805 806 807 808 809 810 811 812 813 814 815 816 817 818 819 820 821 822 823 824 825 826 827 828 829 830 831 832 833 834 835 836 837 838 839 840 841 842 843 844 845 846 847 848 849 850 851 852 853 854 855 856 857 858 859 860 861 862 863 864 865 866 867 868 869 870 871 872 873 874 875 876 877 878 879 880 881 882 883 884 885 886 887 888 889 890 891 892 893 894 895 896 897 898 899 900 901 902 903 904 905 906 907 908 909 910 911 912 913 914 915 916 917 918 919 920 921 922 923 924 925 926 927 928 929 930 931 932 933 934 935 936 937 938 939 940 941 942 943 944 945 946 947 948 949 950 951 952 953 954 955 956 957 958 959 960 961 962 963 964 965 966 967 968 969 970 971 972 973 974 975 976 977 978 979 980 981 982 983 984 985 986 987 988 989 990 991 992 993 994 995 996 997 998 999
