1000
100 100 100
0 28 90 23
1 21 95 9
2 22 89 45
3 3 83 36
4 14 99 15
5 10 78 40
6 4 100 35
7 4 72 9
8 18 76 18
9 80 34 70
10 17 67 7
11 97 38 26
12 17 79 18
13 12 80 47
14 32 86 5
15 25 69 45
16 98 27 81
17 6 67 2
18 1 83 35
19 19 95 6
20 91 50 2
21 30 75 33
22 33 88 25
23 12 69 37
24 16 75 3
25 55 1 96
26 3 94 17
27 25 77 18
28 2 73 18
29 28 99 18
30 4 93 35
31 4 74 100
32 27 78 5
33 21 96 14
34 9 78 24
35 12 74 35
36 9 76 26
37 26 90 18
38 30 87 34
39 22 91 49
40 25 100 46
41 33 83 29
42 13 93 25
43 5 73 50
44 91 40 24
45 22 78 21
46 29 90 1
47 1 76 45
48 6 70 8
49 26 92 20
50 9 87 11
51 14 92 4
52 33 77 48
53 90 25 28
54 25 94 42
55 74 32 15
56 2 85 26
57 17 78 47
58 76 43 8
59 32 94 1
60 3 88 13
61 17 86 45
62 49 55 83
63 23 87 98
64 2 74 48
65 18 91 21
66 33 86 46
67 16 91 5
68 88 25 47
69 76 27 83
70 100 7 15
71 78 7 18
72 15 98 18
73 94 34 33
74 8 72 38
75 21 81 40
76 2 100 7
77 24 88 2
78 29 94 17
79 2 78 5
80 26 69 2
81 23 84 3
82 32 67 8
83 11 98 11
84 21 92 3
85 67 29 12
86 20 71 42
87 14 90 26
88 71 13 80
89 28 85 19
90 25 89 27
91 81 33 50
92 28 75 20
93 6 77 49
94 13 100 18
95 7 86 31
96 19 98 10
97 17 83 18
98 52 42 83
99 6 76 42
100 30 100 3
101 12 94 50
102 5 81 45
103 3 79 10
104 30 86 34
105 42 74 100
106 75 34 100
107 24 100 78
108 3 60 92
109 23 56 75
110 14 71 1
111 82 4 8
112 57 39 98
113 18 80 50
114 9 81 33
115 8 92 6
116 12 96 24
117 85 24 47
118 16 54 84
119 28 69 32
120 17 94 20
121 95 49 73
122 93 5 3
123 17 68 48
124 7 95 3
125 7 79 32
126 83 14 41
127 98 28 11
128 31 97 19
129 22 98 25
130 90 6 30
131 78 34 70
132 89 7 96
133 77 34 15
134 42 52 93
135 8 83 50
136 13 97 49
137 55 45 93
138 14 69 26
139 5 74 24
140 12 89 29
141 3 74 29
142 39 61 73
143 98 34 89
144 30 92 34
145 23 86 63
146 11 91 12
147 89 47 7
148 27 68 11
149 4 73 21
150 1 86 26
151 16 97 10
152 51 45 86
153 7 71 47
154 18 72 4
155 32 94 27
156 23 94 48
157 16 68 3
158 14 77 27
159 12 74 23
160 12 74 68
161 28 91 19
162 13 99 31
163 4 76 20
164 94 4 72
165 9 78 27
166 10 86 39
167 5 67 34
168 9 77 38
169 13 80 45
170 6 89 25
171 5 88 32
172 26 67 3
173 29 83 45
174 26 86 87
175 9 80 43
176 89 15 68
177 27 53 74
178 25 87 24
179 71 30 96
180 16 58 62
181 85 34 5
182 14 55 58
183 94 25 74
184 32 84 8
185 16 69 36
186 19 99 2
187 32 99 28
188 63 49 68
189 93 27 47
190 96 14 1
191 18 83 17
192 16 77 2
193 1 76 49
194 21 90 2
195 31 85 47
196 22 94 15
197 31 89 33
198 19 78 22
199 21 87 9
200 3 68 34
201 21 60 98
202 12 80 20
203 14 80 45
204 8 72 5
205 3 67 30
206 22 91 8
207 33 79 6
208 17 98 21
209 9 97 42
210 15 67 45
211 8 72 46
212 12 93 38
213 12 82 25
214 15 97 19
215 92 12 38
216 89 23 76
217 26 99 41
218 15 90 16
219 32 69 12
220 12 92 14
221 82 36 99
222 24 81 10
223 99 22 10
224 10 76 38
225 28 95 28
226 30 99 4
227 15 94 48
228 18 88 36
229 9 67 4
230 15 88 66
231 30 97 6
232 17 72 45
233 64 27 81
234 31 81 33
235 89 19 77
236 13 72 39
237 25 87 31
238 8 76 20
239 10 96 20
240 9 89 43
241 10 97 45
242 85 22 27
243 39 93 63
244 19 67 48
245 33 78 34
246 52 7 91
247 72 11 9
248 32 90 34
249 90 34 79
250 29 99 13
251 3 73 6
252 25 83 46
253 23 99 20
254 21 98 1
255 29 77 17
256 13 80 32
257 99 10 10
258 99 48 100
259 4 69 14
260 21 88 19
261 19 92 48
262 27 82 45
263 26 78 7
264 26 88 39
265 1 68 26
266 24 98 25
267 1 67 21
268 14 91 3
269 27 96 42
270 20 87 31
271 15 69 27
272 55 43 80
273 21 96 26
274 34 59 73
275 11 69 12
276 16 86 34
277 95 42 32
278 26 92 37
279 53 5 81
280 29 77 32
281 28 84 40
282 18 94 18
283 27 85 17
284 22 52 60
285 15 86 15
286 3 91 12
287 27 98 18
288 94 34 34
289 32 94 46
290 16 97 39
291 77 42 100
292 15 86 23
293 14 91 99
294 23 85 5
295 82 40 36
296 18 80 41
297 33 70 49
298 10 92 8
299 3 96 49
300 5 90 26
301 23 70 17
302 12 82 43
303 28 91 2
304 2 100 3
305 8 67 40
306 28 94 46
307 17 77 43
308 18 100 36
309 51 7 73
310 16 82 21
311 15 91 27
312 11 84 50
313 28 85 34
314 23 85 42
315 19 84 42
316 21 70 4
317 15 72 49
318 84 50 84
319 79 21 45
320 92 22 83
321 24 72 69
322 70 33 79
323 30 87 45
324 11 85 46
325 12 100 35
326 13 76 41
327 24 86 44
328 24 62 79
329 14 76 43
330 9 100 8
331 92 45 30
332 6 77 29
333 3 74 8
334 76 16 30
335 59 23 92
336 70 19 22
337 5 62 79
338 6 74 6
339 17 94 30
340 6 85 27
341 7 78 50
342 13 89 33
343 11 79 47
344 17 80 42
345 4 74 3
346 84 39 89
347 26 69 21
348 14 81 44
349 87 38 25
350 33 79 41
351 9 89 48
352 21 97 12
353 15 68 9
354 53 3 78
355 25 89 84
356 7 82 35
357 5 87 11
358 31 72 42
359 12 83 28
360 33 77 9
361 1 68 6
362 23 92 4
363 7 99 10
364 2 88 35
365 17 75 50
366 70 9 25
367 7 100 41
368 92 33 50
369 12 91 18
370 8 94 17
371 79 2 87
372 4 79 4
373 42 59 85
374 12 80 42
375 25 92 3
376 53 37 80
377 8 89 45
378 10 99 1
379 33 87 28
380 2 80 36
381 33 75 11
382 6 84 12
383 20 79 44
384 10 84 39
385 3 82 18
386 74 39 30
387 17 97 29
388 1 88 42
389 54 2 75
390 8 92 24
391 20 90 37
392 55 37 71
393 7 80 60
394 93 46 18
395 26 92 32
396 2 73 33
397 23 100 10
398 6 90 25
399 69 37 3
400 19 90 64
401 22 91 31
402 76 5 20
403 2 64 93
404 4 85 42
405 65 28 84
406 2 77 16
407 25 90 2
408 3 77 48
409 11 99 89
410 81 18 4
411 23 75 17
412 31 98 12
413 11 88 24
414 3 81 4
415 5 55 71
416 2 78 12
417 22 94 25
418 10 88 51
419 88 47 97
420 39 87 86
421 14 67 28
422 6 72 37
423 16 89 34
424 43 53 99
425 19 85 45
426 49 50 91
427 24 82 16
428 40 82 60
429 19 68 28
430 7 99 24
431 10 71 89
432 21 93 44
433 14 88 42
434 75 45 78
435 1 99 42
436 4 90 44
437 1 69 31
438 27 78 15
439 33 74 29
440 13 97 29
441 4 82 39
442 8 94 44
443 82 21 3
444 15 97 6
445 83 7 21
446 26 85 22
447 11 85 39
448 6 92 11
449 6 78 18
450 36 98 98
451 12 84 6
452 11 78 37
453 25 81 15
454 25 78 41
455 27 80 25
456 9 95 8
457 32 91 40
458 85 17 16
459 19 66 79
460 7 75 23
461 28 73 49
462 15 95 49
463 13 84 19
464 92 36 96
465 3 80 50
466 35 78 95
467 32 100 32
468 82 48 69
469 25 75 22
470 5 91 4
471 18 80 13
472 77 39 75
473 5 99 13
474 10 78 26
475 2 91 17
476 21 98 5
477 14 82 38
478 15 96 8
479 19 91 22
480 3 98 46
481 5 78 2
482 18 98 15
483 28 93 14
484 28 89 12
485 30 99 35
486 22 86 20
487 7 68 4
488 24 78 43
489 28 69 66
490 68 27 40
491 56 21 94
492 13 86 47
493 3 84 24
494 11 95 19
495 18 52 88
496 17 88 56
497 70 3 30
498 2 87 50
499 26 70 22
500 68 16 9
501 17 72 16
502 82 2 81
503 20 83 40
504 70 27 48
505 23 78 1
506 100 7 16
507 14 91 16
508 22 95 4
509 80 44 34
510 33 77 12
511 26 94 26
512 27 96 28
513 92 17 40
514 74 26 37
515 98 33 90
516 5 79 36
517 91 28 82
518 15 90 30
519 100 10 78
520 32 62 86
521 3 68 8
522 5 81 29
523 22 78 53
524 6 79 29
525 23 69 39
526 31 70 24
527 22 84 49
528 32 80 50
529 22 92 33
530 16 92 16
531 8 80 3
532 2 70 24
533 4 53 68
534 10 85 32
535 80 11 36
536 11 96 20
537 75 4 27
538 6 97 67
539 14 84 88
540 10 74 38
541 9 86 40
542 32 98 2
543 15 89 30
544 15 78 15
545 33 77 34
546 29 96 44
547 13 71 42
548 2 71 77
549 90 27 33
550 82 48 50
551 1 77 18
552 87 42 6
553 26 97 39
554 83 21 87
555 16 69 87
556 22 68 32
557 72 24 29
558 82 35 17
559 27 70 7
560 75 15 46
561 24 87 40
562 73 19 31
563 8 84 14
564 8 100 1
565 91 39 74
566 61 37 90
567 94 43 70
568 16 95 28
569 75 34 50
570 30 72 14
571 31 97 22
572 5 96 14
573 7 96 10
574 9 98 16
575 31 98 34
576 3 66 56
577 25 89 16
578 65 20 84
579 1 95 18
580 10 95 6
581 24 95 89
582 79 34 74
583 8 68 29
584 21 91 41
585 70 32 36
586 6 83 37
587 40 91 68
588 12 86 31
589 8 96 50
590 33 76 21
591 91 3 22
592 26 84 20
593 12 95 27
594 41 97 76
595 1 68 5
596 33 88 48
597 75 16 100
598 24 88 19
599 7 86 19
600 18 78 9
601 94 44 46
602 8 85 32
603 27 85 17
604 5 92 20
605 29 93 33
606 28 81 43
607 3 95 49
608 30 93 27
609 20 90 26
610 19 91 99
611 31 67 97
612 73 4 9
613 13 85 2
614 19 69 16
615 9 68 42
616 6 100 5
617 15 85 2
618 90 19 96
619 2 67 40
620 14 73 37
621 28 75 27
622 15 100 10
623 17 94 8
624 19 86 44
625 21 71 49
626 7 88 34
627 28 100 47
628 4 79 37
629 19 90 19
630 8 70 35
631 73 23 7
632 15 68 30
633 25 94 47
634 88 25 28
635 7 95 43
636 18 72 36
637 5 94 43
638 31 94 50
639 21 70 1
640 13 71 5
641 7 95 45
642 23 72 5
643 14 95 18
644 28 87 20
645 3 81 44
646 12 93 26
647 9 68 2
648 6 73 28
649 16 71 40
650 8 89 37
651 25 99 9
652 57 43 79
653 28 95 26
654 26 79 10
655 11 93 18
656 32 87 19
657 27 90 42
658 18 86 36
659 87 49 42
660 54 39 83
661 6 70 37
662 71 43 19
663 11 79 24
664 8 88 16
665 8 100 31
666 86 33 20
667 14 95 15
668 11 72 9
669 95 25 31
670 27 84 42
671 83 34 2
672 3 98 6
673 9 95 33
674 94 41 32
675 83 8 96
676 60 39 82
677 27 99 36
678 71 13 83
679 5 75 46
680 28 68 23
681 15 80 7
682 10 88 28
683 5 70 11
684 27 98 34
685 30 97 37
686 17 74 30
687 72 18 79
688 9 76 27
689 14 95 22
690 68 34 8
691 30 64 79
692 79 47 5
693 10 90 47
694 28 90 17
695 22 92 7
696 22 78 17
697 33 93 19
698 7 99 20
699 27 90 50
700 12 98 75
701 21 89 1
702 3 86 43
703 46 59 95
704 27 81 18
705 5 82 32
706 21 55 66
707 14 81 33
708 5 95 1
709 2 68 32
710 55 2 99
711 6 81 2
712 18 70 3
713 10 79 20
714 13 85 4
715 26 97 4
716 19 79 4
717 16 70 6
718 11 71 48
719 7 99 23
720 30 94 36
721 6 71 44
722 24 95 16
723 23 97 50
724 33 69 29
725 7 69 21
726 19 64 73
727 2 56 95
728 25 74 7
729 30 91 6
730 93 49 90
731 7 94 42
732 15 69 38
733 18 79 26
734 9 93 37
735 20 68 50
736 9 95 10
737 10 100 38
738 23 99 39
739 71 50 71
740 23 90 50
741 28 75 22
742 12 97 4
743 65 5 78
744 24 97 29
745 97 13 70
746 14 75 43
747 31 83 40
748 30 76 38
749 11 84 29
750 13 83 18
751 5 97 22
752 3 85 20
753 11 99 20
754 11 60 83
755 14 68 31
756 21 78 40
757 24 68 35
758 6 74 23
759 25 90 41
760 19 78 29
761 5 84 42
762 17 75 12
763 6 96 12
764 14 85 40
765 18 96 20
766 71 29 50
767 80 36 78
768 72 32 38
769 1 86 39
770 19 89 16
771 10 88 44
772 9 89 39
773 6 90 70
774 72 28 92
775 26 94 10
776 13 83 62
777 24 82 44
778 1 81 49
779 71 48 11
780 16 79 26
781 77 7 37
782 27 76 19
783 20 69 3
784 4 84 39
785 25 89 36
786 88 21 39
787 8 82 47
788 18 99 73
789 10 80 40
790 21 72 5
791 19 83 8
792 4 100 8
793 14 93 3
794 14 96 23
795 79 40 37
796 50 55 100
797 3 89 24
798 16 90 13
799 1 73 45
800 24 78 31
801 24 87 38
802 14 75 40
803 94 27 4
804 16 80 1
805 84 2 90
806 15 76 50
807 76 26 49
808 76 14 36
809 48 81 96
810 25 88 6
811 27 83 26
812 12 69 19
813 31 87 38
814 4 81 7
815 7 69 28
816 6 58 84
817 20 89 22
818 33 93 8
819 4 75 49
820 31 71 37
821 11 93 26
822 22 82 45
823 18 83 77
824 39 100 50
825 54 19 85
826 84 41 96
827 11 69 41
828 77 44 94
829 33 90 37
830 32 73 2
831 26 78 20
832 10 94 18
833 72 16 89
834 11 78 48
835 43 94 89
836 95 22 27
837 14 79 22
838 15 73 1
839 43 67 66
840 16 78 50
841 20 74 35
842 33 93 1
843 12 67 19
844 29 72 39
845 7 87 16
846 66 37 72
847 14 93 79
848 14 83 28
849 8 93 46
850 43 79 86
851 18 74 30
852 30 90 31
853 22 62 66
854 31 56 78
855 1 99 41
856 96 31 77
857 26 67 30
858 33 75 39
859 11 90 42
860 11 99 28
861 18 98 24
862 25 99 43
863 7 83 48
864 61 1 89
865 3 90 44
866 15 85 37
867 1 70 26
868 7 78 35
869 21 74 96
870 69 4 28
871 19 86 45
872 14 78 34
873 25 97 46
874 21 68 4
875 20 80 4
876 22 83 32
877 71 45 4
878 29 95 47
879 11 68 86
880 11 69 48
881 26 91 30
882 83 25 11
883 24 75 12
884 47 78 92
885 72 47 15
886 17 69 8
887 96 19 33
888 20 75 30
889 4 85 84
890 22 96 7
891 53 37 82
892 33 90 1
893 17 95 38
894 3 77 41
895 18 70 50
896 29 85 47
897 1 97 30
898 23 100 3
899 22 99 17
900 23 89 50
901 28 84 5
902 18 89 42
903 1 85 13
904 28 81 49
905 30 84 10
906 78 31 37
907 99 49 14
908 5 75 12
909 20 81 21
910 92 7 49
911 71 12 38
912 87 43 78
913 22 99 50
914 26 87 20
915 70 16 87
916 90 41 32
917 97 22 34
918 32 89 30
919 33 91 78
920 17 84 12
921 31 83 6
922 71 27 17
923 56 5 73
924 25 76 7
925 83 49 14
926 50 34 77
927 12 72 61
928 11 81 2
929 34 90 64
930 10 57 55
931 93 16 93
932 18 81 18
933 20 76 3
934 1 68 40
935 10 95 31
936 5 95 42
937 32 79 15
938 12 89 11
939 11 80 21
940 2 95 22
941 28 98 9
942 11 93 28
943 28 73 5
944 27 97 49
945 31 96 45
946 10 81 7
947 11 69 54
948 11 74 19
949 33 70 80
950 33 94 7
951 5 75 38
952 64 22 85
953 22 77 6
954 29 76 4
955 14 93 17
956 31 77 23
957 11 68 84
958 23 87 20
959 33 78 45
960 25 82 39
961 6 72 100
962 24 86 6
963 15 68 8
964 26 98 20
965 31 84 27
966 4 85 32
967 8 78 23
968 23 89 15
969 93 7 2
970 11 92 18
971 27 68 41
972 5 75 13
973 6 67 5
974 18 69 35
975 6 86 4
976 69 14 3
977 37 56 53
978 21 94 16
979 8 69 49
980 81 12 8
981 25 95 32
982 28 70 5
983 84 23 49
984 10 78 18
985 24 67 11
986 92 23 28
987 53 48 72
988 14 75 1
989 26 86 40
990 63 13 72
991 29 69 30
992 14 97 37
993 17 88 43
994 18 73 19
995 15 94 23
996 9 83 21
997 14 69 21
998 64 1 81
999 91 24 67
0 1 2 3 4 5 6 7 8 9 10 11 12 13 14 15 16 17 18 19 20 21 22 23 24 25 26 27 28 29 30 31 32 33 34 35 36 37 38 39 40 41 42 43 44 45 46 47 48 49 50 51 52 53 54 55 56 57 58 59 60 61 62 63 64 65 66 67 68 69 70 71 72 73 74 75 76 77 78 79 80 81 82 83 84 85 86 87 88 89 90 91 92 93 94 95 96 97 98 99 100 101 102 103 104 105 106 107 108 109 110 111 112 113 114 115 116 117 118 119 120 121 122 123 124 125 126 127 128 129 130 131 132 133 134 135 136 137 138 139 140 141 142 143 144 145 146 147 148 149 150 151 152 153 154 155 156 157 158 159 160 161 162 163 164 165 166 167 168 169 170 171 172 173 174 175 176 177 178 179 180 181 182 183 184 185 186 187 188 189 190 191 192 193 194 195 196 197 198 199 200 201 202 203 204 205 206 207 208 209 210 211 212 213 214 215 216 217 218 219 220 221 222 223 224 225 226 227 228 229 230 231 232 233 234 235 236 237 238 239 240 241 242 243 244 245 246 247 248 249 250 251 252 253 254 255 256 257 258 259 260 261 262 263 264 265 266 267 268 269 270 271 272 273 274 275 276 277 278 279 280 281 282 283 284 285 286 287 288 289 290 291 292 293 294 295 296 297 298 299 300 301 302 303 304 305 306 307 308 309 310 311 312 313 314 315 316 317 318 319 320 321 322 323 324 325 326 327 328 329 330 331 332 333 334 335 336 337 338 339 340 341 342 343 344 345 346 347 348 349 350 351 352 353 354 355 356 357 358 359 360 361 362 363 364 365 366 367 368 369 370 371 372 373 374 375 376 377 378 379 380 381 382 383 384 385 386 387 388 389 390 391 392 393 394 395 396 397 398 399 400 401 402 403 404 405 406 407 408 409 410 411 412 413 414 415 416 417 418 419 420 421 422 423 424 425 426 427 428 429 430 431 432 433 434 435 436 437 438 439 440 441 442 443 444 445 446 447 448 449 450 451 452 453 454 455 456 457 458 459 460 461 462 463 464 465 466 467 468 469 470 471 472 473 474 475 476 477 478 479 480 481 482 483 484 485 486 487 488 489 490 491 492 493 494 495 496 497 498 499 500 501 502 503 504 505 506 507 508 509 510 511 512 513 514 515 516 517 518 519 520 521 522 523 524 525 526 527 528 529 530 531 532 533 534 535 536 537 538 539 540 541 542 543 544 545 546 547 548 549 550 551 552 553 554 555 556 557 558 559 560 561 562 563 564 565 566 567 568 569 570 571 572 573 574 575 576 577 578 579 580 581 582 583 584 585 586 587 588 589 590 591 592 593 594 595 596 597 598 599 600 601 602 603 604 605 606 607 608 609 610 611 612 613 614 615 616 617 618 619 620 621 622 623 624 625 626 627 628 629 630 631 632 633 634 635 636 637 638 639 640 641 642 643 644 645 646 647 648 649 650 651 652 653 654 655 656 657 658 659 660 661 662 663 664 665 666 667 668 669 670 671 672 673 674 675 676 677 678 679 680 681 682 683 684 685 686 687 688 689 690 691 692 693 694 695 696 697 698 699 700 701 702 703 704 705 706 707 708 709 710 711 712 713 714 715 716 717 718 719 720 721 722 723 724 725 726 727 728 729 730 731 732 733 734 735 736 737 738 739 740 741 742 743 744 745 746 747 748 749 750 751 752 753 754 755 756 757 758 759 760 761 762 763 764 765 766 767 768 769 770 771 772 773 774 775 776 777 778 779 780 781 782 783 784 785 786 787 788 789 790 791 792 793 794 795 796 797 798 799 800 801 802 803 804 805 806 807 808 809 810 811 812 813 814 815 816 817 818 819 820 821 822 823 824 825 826 827 828 829 830 831 832 833 834 835 836 837 838 839 840 841 842 843 844 845 846 847 848 849 850 851 852 853 854 855 856 857 858 859 860 861 862 863 864 865 866 867 868 869 870 871 872 873 874 875 876 877 878 879 880 881 882 883 884 885 886 887 888 889 890 891 892 893 894 895 896 897 898 899 900 901 902 903 904 905 906 907 908 909 910 911 912 913 914 915 916 917 918 919 920 921 922 923 924 925 926 927 928 929 930 931 932 933 934 935 936 937 938 939 940 941 942 943 944 945 946 947 948 949 950 951 952 953 954 955 956 957 958 959 960 961 962 963 964 965 966 967 968 969 970 971 972 973 974 975 976 977 978 979 980 981 982 983 984 985 986 987 988 989 990 991 992 993 994 995 996 997 998 999
