1000
100 100 100
0 5 68 33
1 27 70 38
2 10 89 49
3 1 69 45
4 11 66 73
5 76 46 14
6 87 13 14
7 13 84 37
8 29 68 43
9 9 92 45
10 12 90 4
11 23 84 48
12 97 21 33
13 36 100 63
14 10 75 47
15 35 52 81
16 9 98 23
17 21 93 30
18 18 100 13
19 4 81 43
20 73 19 38
21 10 73 10
22 15 85 41
23 32 78 35
24 12 85 14
25 50 19 81
26 25 97 5
27 3 94 70
28 82 15 23
29 23 72 42
30 8 90 13
31 13 94 8
32 12 97 27
33 26 99 8
34 22 93 6
35 4 89 41
36 13 94 33
37 37 51 78
38 15 91 16
39 25 73 44
40 82 8 100
41 4 96 39
42 1 75 88
43 21 78 47
44 50 46 82
45 100 19 13
46 72 23 76
47 12 92 33
48 26 89 31
49 5 89 18
50 23 67 30
51 29 71 16
52 15 87 5
53 61 36 79
54 86 25 23
55 1 82 46
56 5 72 26
57 19 86 50
58 2 70 30
59 36 74 65
60 28 74 25
61 2 82 33
62 11 84 28
63 18 70 17
64 18 69 26
65 30 75 2
66 16 97 40
67 33 98 30
68 26 73 72
69 17 75 50
70 11 71 79
71 7 97 33
72 30 91 55
73 29 90 20
74 17 63 93
75 16 87 18
76 25 85 23
77 24 89 43
78 13 95 18
79 25 92 28
80 30 69 37
81 3 87 7
82 76 35 20
83 18 68 8
84 15 70 42
85 32 87 11
86 14 98 12
87 79 25 35
88 90 4 23
89 30 67 5
90 5 93 91
91 22 67 12
92 27 94 1
93 17 99 36
94 4 94 7
95 2 94 1
96 82 23 95
97 84 46 70
98 29 94 19
99 31 76 14
100 50 62 69
101 11 94 27
102 7 79 26
103 8 87 40
104 11 67 13
105 30 78 49
106 13 84 9
107 4 99 79
108 81 27 69
109 76 18 4
110 25 67 39
111 32 74 1
112 66 40 98
113 3 68 14
114 18 86 24
115 96 19 2
116 32 71 39
117 29 74 53
118 5 77 17
119 50 20 88
120 30 84 15
121 2 93 37
122 75 39 94
123 4 77 9
124 6 56 68
125 30 98 4
126 8 79 45
127 25 71 39
128 8 92 31
129 9 100 51
130 21 72 16
131 13 98 19
132 15 74 23
133 30 89 20
134 18 74 10
135 31 82 44
136 1 91 46
137 80 26 7
138 11 92 14
139 19 88 42
140 12 55 66
141 26 94 2
142 30 71 48
143 73 5 98
144 94 36 79
145 48 93 69
146 1 70 18
147 27 69 37
148 7 81 36
149 27 90 49
150 31 84 13
151 8 98 44
152 16 90 2
153 17 78 41
154 12 70 11
155 29 98 21
156 32 79 17
157 90 4 41
158 22 94 1
159 75 30 69
160 12 85 15
161 47 63 74
162 20 75 49
163 20 89 40
164 95 9 42
165 8 84 68
166 50 20 88
167 2 81 65
168 10 54 98
169 7 67 4
170 22 54 79
171 14 80 17
172 97 50 5
173 6 79 45
174 2 73 30
175 11 99 1
176 8 95 27
177 90 20 93
178 23 93 34
179 10 79 27
180 93 22 1
181 31 68 19
182 10 71 49
183 31 71 20
184 32 74 14
185 33 79 50
186 82 9 80
187 10 50 89
188 15 77 32
189 8 67 28
190 41 86 51
191 53 49 71
192 3 76 46
193 18 71 70
194 33 91 49
195 15 81 23
196 5 72 46
197 76 29 8
198 15 71 6
199 14 99 34
200 27 91 32
201 24 87 81
202 81 48 47
203 16 91 24
204 13 79 32
205 24 95 35
206 2 99 35
207 24 86 17
208 18 87 10
209 14 96 45
210 11 77 19
211 99 13 96
212 4 86 38
213 31 85 9
214 13 76 32
215 27 74 10
216 17 86 1
217 21 95 34
218 8 73 5
219 33 86 47
220 5 78 1
221 21 96 27
222 19 74 25
223 13 89 44
224 9 100 5
225 99 6 43
226 94 21 14
227 23 67 47
228 5 98 3
229 26 88 40
230 23 85 25
231 33 86 41
232 24 92 19
233 10 86 5
234 20 86 24
235 32 72 26
236 9 96 5
237 23 81 10
238 23 90 5
239 6 69 16
240 18 100 39
241 68 45 34
242 83 6 83
243 91 22 18
244 28 54 98
245 30 78 15
246 3 93 45
247 8 76 20
248 33 90 23
249 1 90 26
250 16 67 22
251 92 42 48
252 23 93 54
253 24 89 27
254 29 91 23
255 94 25 88
256 47 57 51
257 85 10 99
258 18 99 41
259 28 97 37
260 3 84 28
261 25 74 18
262 63 29 90
263 13 70 38
264 23 78 34
265 80 4 99
266 29 90 30
267 99 22 86
268 4 73 6
269 32 80 10
270 1 75 16
271 20 89 12
272 25 77 7
273 25 97 5
274 30 92 81
275 64 27 85
276 28 80 4
277 29 50 98
278 21 73 49
279 29 83 40
280 33 84 31
281 27 92 47
282 46 96 51
283 47 76 70
284 18 85 12
285 8 78 91
286 9 86 22
287 9 74 17
288 69 50 32
289 43 89 72
290 46 82 79
291 24 97 48
292 27 100 20
293 5 88 21
294 20 68 16
295 27 76 47
296 32 88 45
297 21 86 27
298 22 69 35
299 74 3 84
300 33 72 39
301 73 30 83
302 48 91 99
303 32 88 7
304 88 29 6
305 23 89 24
306 10 57 75
307 5 100 20
308 34 86 79
309 13 69 14
310 21 93 29
311 30 89 45
312 63 31 72
313 26 95 50
314 11 73 36
315 12 97 37
316 13 79 13
317 23 72 46
318 21 71 44
319 76 31 41
320 20 76 26
321 28 90 39
322 10 50 61
323 12 72 40
324 24 92 19
325 28 83 15
326 32 71 41
327 25 83 25
328 30 79 39
329 30 90 10
330 14 72 50
331 8 98 33
332 97 9 95
333 13 90 23
334 5 67 35
335 6 93 26
336 5 92 19
337 3 90 17
338 82 39 45
339 23 81 13
340 27 96 38
341 1 91 5
342 27 93 37
343 30 85 41
344 17 71 35
345 18 83 30
346 69 19 94
347 7 91 32
348 67 42 1
349 99 49 2
350 15 75 46
351 75 48 21
352 20 80 33
353 28 70 49
354 82 47 12
355 22 50 91
356 6 86 44
357 55 16 88
358 11 81 34
359 16 75 28
360 94 25 75
361 18 71 46
362 14 82 16
363 25 84 41
364 17 67 28
365 3 91 1
366 29 93 8
367 13 89 44
368 17 84 20
369 30 84 42
370 25 84 39
371 33 89 98
372 11 98 18
373 12 70 29
374 7 93 30
375 13 75 5
376 95 29 81
377 26 71 3
378 33 85 17
379 77 1 44
380 25 89 16
381 23 78 25
382 3 75 41
383 26 69 39
384 68 29 29
385 11 83 15
386 12 81 49
387 32 82 17
388 95 23 67
389 11 75 43
390 24 88 39
391 1 78 19
392 22 93 11
393 4 87 49
394 3 90 32
395 22 71 7
396 1 73 10
397 20 74 3
398 13 73 44
399 3 80 94
400 64 27 67
401 4 83 23
402 14 88 18
403 84 33 46
404 28 91 36
405 21 97 48
406 10 75 2
407 15 98 15
408 1 79 33
409 17 82 27
410 30 82 43
411 58 34 76
412 73 49 22
413 21 69 25
414 19 60 74
415 92 47 44
416 1 68 31
417 18 93 17
418 69 28 15
419 31 74 3
420 20 88 26
421 15 86 17
422 26 69 27
423 21 79 38
424 27 69 10
425 16 91 24
426 9 73 31
427 6 81 45
428 4 81 44
429 62 11 72
430 26 78 30
431 26 94 2
432 28 88 35
433 88 1 78
434 9 100 44
435 29 77 8
436 1 75 2
437 13 73 15
438 10 98 32
439 32 68 33
440 23 95 16
441 95 11 26
442 96 50 71
443 96 5 30
444 21 83 7
445 2 70 16
446 1 73 5
447 21 58 93
448 8 80 3
449 9 81 26
450 18 73 50
451 17 80 45
452 32 94 13
453 31 73 37
454 71 44 94
455 12 98 89
456 7 94 85
457 22 99 3
458 13 72 48
459 6 85 13
460 4 77 43
461 93 49 91
462 14 74 12
463 17 68 34
464 13 73 48
465 19 89 42
466 32 95 41
467 12 78 3
468 25 77 6
469 24 82 39
470 55 35 95
471 82 25 94
472 3 84 27
473 11 97 50
474 28 95 32
475 19 72 35
476 9 77 43
477 3 91 14
478 97 23 73
479 66 41 83
480 85 32 26
481 15 70 1
482 84 16 76
483 39 92 91
484 13 96 49
485 16 94 44
486 92 9 43
487 18 89 5
488 21 70 20
489 14 76 34
490 23 95 39
491 33 69 22
492 17 99 46
493 32 94 34
494 6 86 4
495 75 26 13
496 5 84 6
497 9 98 20
498 4 89 25
499 14 75 16
500 10 68 20
501 6 89 44
502 1 72 46
503 27 68 33
504 14 86 36
505 21 72 47
506 24 87 2
507 82 50 18
508 20 74 6
509 19 94 23
510 79 1 21
511 18 83 38
512 6 79 19
513 8 94 9
514 7 67 23
515 23 88 12
516 21 69 34
517 16 68 62
518 28 66 73
519 6 88 18
520 26 98 28
521 13 80 42
522 31 96 20
523 30 81 12
524 2 69 20
525 11 76 36
526 93 39 89
527 13 77 33
528 23 67 9
529 17 91 39
530 89 43 77
531 17 90 13
532 26 50 85
533 43 72 56
534 24 92 82
535 50 64 97
536 19 67 34
537 68 37 48
538 41 57 69
539 99 35 73
540 32 86 24
541 12 88 24
542 10 79 46
543 6 78 35
544 55 6 94
545 23 97 36
546 75 11 82
547 11 87 35
548 32 78 19
549 17 76 13
550 9 85 32
551 21 95 45
552 2 74 39
553 17 71 4
554 7 95 39
555 18 99 42
556 89 22 32
557 3 68 36
558 38 66 67
559 4 87 2
560 22 77 14
561 93 39 76
562 89 25 9
563 6 90 48
564 1 70 3
565 13 77 2
566 23 76 58
567 33 73 25
568 59 13 68
569 33 88 13
570 24 92 24
571 98 45 36
572 63 37 67
573 72 34 82
574 8 84 19
575 22 69 43
576 91 4 87
577 15 94 33
578 20 61 56
579 27 69 31
580 25 77 17
581 33 93 21
582 5 76 1
583 7 85 30
584 31 92 12
585 94 6 46
586 58 2 82
587 92 26 4
588 23 68 8
589 9 68 27
590 95 10 98
591 11 70 41
592 56 18 85
593 82 10 27
594 7 72 9
595 19 89 49
596 90 38 37
597 90 31 30
598 33 93 4
599 27 93 27
600 11 85 49
601 82 32 1
602 15 72 7
603 24 94 9
604 29 69 27
605 30 56 92
606 18 79 61
607 4 70 21
608 6 83 30
609 33 54 68
610 15 71 16
611 85 24 94
612 13 96 47
613 1 96 40
614 14 71 2
615 11 76 50
616 10 81 13
617 26 86 70
618 33 93 13
619 11 92 5
620 27 100 28
621 33 93 30
622 27 75 24
623 70 22 72
624 22 73 15
625 2 69 30
626 78 15 2
627 84 46 15
628 2 87 46
629 4 75 45
630 30 81 17
631 25 85 7
632 40 73 50
633 11 100 50
634 22 80 40
635 7 93 12
636 9 78 33
637 29 71 16
638 6 75 7
639 28 91 44
640 6 94 28
641 4 79 46
642 1 97 37
643 16 77 31
644 28 87 40
645 88 21 30
646 78 21 7
647 69 23 4
648 12 91 44
649 30 92 47
650 19 71 37
651 5 89 14
652 15 75 41
653 6 77 31
654 12 84 25
655 11 100 13
656 26 79 17
657 21 81 5
658 20 95 22
659 7 78 42
660 4 75 93
661 90 36 21
662 6 79 91
663 4 88 13
664 31 77 33
665 81 42 88
666 4 63 58
667 48 72 97
668 13 92 28
669 72 36 48
670 9 96 18
671 16 91 46
672 2 72 43
673 70 47 84
674 76 46 72
675 16 68 33
676 14 67 70
677 67 23 100
678 21 93 22
679 1 70 13
680 80 17 41
681 77 10 18
682 33 100 3
683 50 83 73
684 9 79 3
685 13 84 11
686 12 78 10
687 15 90 13
688 3 96 3
689 23 91 29
690 28 93 76
691 98 44 45
692 6 74 44
693 27 82 2
694 29 73 18
695 32 79 24
696 27 75 20
697 33 69 36
698 47 64 82
699 29 70 8
700 3 86 49
701 8 69 31
702 13 84 30
703 57 38 99
704 20 77 47
705 11 93 50
706 12 85 25
707 23 89 32
708 88 48 79
709 57 18 79
710 25 69 2
711 30 90 37
712 68 21 43
713 12 69 33
714 17 97 27
715 17 81 27
716 24 94 22
717 29 80 22
718 28 97 8
719 19 91 36
720 18 87 19
721 70 33 29
722 8 99 40
723 85 33 22
724 63 11 72
725 13 76 4
726 4 87 42
727 25 64 58
728 3 75 46
729 11 98 10
730 69 8 47
731 17 75 44
732 55 26 68
733 84 5 40
734 14 100 12
735 19 82 1
736 5 100 43
737 6 90 26
738 18 93 47
739 1 70 24
740 96 17 76
741 22 69 11
742 26 72 35
743 17 80 40
744 62 22 72
745 6 100 10
746 19 83 29
747 33 53 78
748 24 97 47
749 24 67 50
750 4 85 47
751 52 14 88
752 47 88 78
753 20 84 13
754 32 99 33
755 11 98 37
756 26 93 15
757 24 99 6
758 6 74 20
759 22 94 35
760 43 64 78
761 24 82 14
762 90 36 18
763 7 85 42
764 20 72 14
765 26 84 19
766 98 32 45
767 40 93 84
768 28 92 4
769 31 97 42
770 22 86 14
771 17 70 28
772 13 90 32
773 20 78 22
774 89 34 45
775 28 89 27
776 2 81 19
777 41 50 95
778 24 98 42
779 23 95 14
780 5 94 24
781 29 68 25
782 22 92 39
783 80 15 28
784 16 90 35
785 83 13 44
786 3 92 17
787 8 79 13
788 85 38 74
789 25 76 20
790 49 51 53
791 87 33 76
792 5 74 25
793 80 17 90
794 97 10 17
795 6 71 5
796 8 90 18
797 24 84 2
798 13 71 19
799 78 32 44
800 88 39 75
801 11 69 31
802 2 67 19
803 18 77 19
804 1 84 40
805 48 55 55
806 97 9 68
807 32 91 47
808 31 90 19
809 22 85 48
810 96 14 4
811 94 36 21
812 63 18 72
813 23 96 16
814 10 81 11
815 100 27 91
816 3 72 49
817 3 78 18
818 29 80 38
819 3 98 23
820 10 85 28
821 1 80 30
822 10 100 30
823 35 87 78
824 20 68 16
825 6 90 61
826 16 74 45
827 90 7 37
828 13 80 25
829 32 85 18
830 28 99 13
831 67 2 88
832 3 86 11
833 10 93 46
834 23 84 6
835 14 78 48
836 24 59 91
837 33 71 16
838 62 13 91
839 17 68 43
840 23 73 12
841 22 85 34
842 32 72 17
843 14 68 28
844 16 68 48
845 15 85 40
846 12 75 44
847 53 39 69
848 25 95 50
849 18 81 19
850 22 90 50
851 40 57 92
852 10 100 38
853 17 84 16
854 62 45 71
855 15 88 9
856 18 74 47
857 10 67 28
858 9 78 10
859 29 95 7
860 22 93 41
861 1 90 33
862 17 71 89
863 72 29 31
864 4 90 15
865 1 73 40
866 21 85 58
867 4 89 8
868 21 72 43
869 30 80 10
870 32 86 16
871 21 90 6
872 18 69 23
873 82 25 15
874 10 88 5
875 4 80 37
876 4 71 49
877 28 69 26
878 7 73 62
879 18 78 45
880 32 86 49
881 25 73 86
882 32 81 56
883 99 7 73
884 18 90 18
885 95 28 86
886 95 24 70
887 24 68 22
888 26 96 12
889 5 81 37
890 56 20 100
891 1 72 36
892 33 68 30
893 7 99 27
894 28 70 6
895 9 76 7
896 99 41 49
897 27 86 30
898 33 98 43
899 10 77 8
900 19 100 31
901 4 87 38
902 81 1 85
903 21 81 76
904 90 3 4
905 25 100 47
906 52 37 76
907 77 6 82
908 14 94 74
909 11 93 28
910 25 93 3
911 58 2 92
912 13 73 37
913 31 89 6
914 13 75 5
915 13 75 32
916 9 77 31
917 31 73 39
918 5 69 27
919 23 74 13
920 69 8 12
921 10 80 22
922 28 81 31
923 77 1 46
924 14 98 41
925 8 86 1
926 20 80 3
927 7 81 56
928 90 48 78
929 30 91 18
930 18 82 1
931 11 89 9
932 92 34 8
933 17 82 38
934 17 79 28
935 26 98 43
936 9 88 21
937 91 11 81
938 17 70 44
939 15 90 20
940 78 21 90
941 4 78 1
942 11 85 45
943 1 100 7
944 20 82 49
945 1 100 45
946 33 75 67
947 3 68 17
948 27 74 29
949 14 69 50
950 10 73 75
951 24 70 1
952 41 74 93
953 27 86 13
954 32 87 23
955 7 93 36
956 33 88 18
957 5 90 9
958 2 79 18
959 31 75 5
960 30 74 46
961 1 84 32
962 75 23 13
963 14 80 39
964 91 3 22
965 80 20 94
966 17 85 19
967 28 77 35
968 16 59 72
969 16 91 5
970 22 93 22
971 12 81 30
972 14 84 34
973 22 80 15
974 99 15 21
975 5 98 50
976 70 9 33
977 31 80 29
978 90 26 84
979 12 89 40
980 3 91 35
981 19 95 12
982 55 2 73
983 4 77 17
984 26 94 49
985 22 83 12
986 8 77 23
987 31 75 23
988 10 92 30
989 4 67 27
990 3 74 10
991 8 82 76
992 20 93 45
993 33 71 32
994 23 76 10
995 76 19 46
996 20 97 24
997 19 81 11
998 17 84 13
999 32 74 49
0 1 2 3 4 5 6 7 8 9 10 11 12 13 14 15 16 17 18 19 20 21 22 23 24 25 26 27 28 29 30 31 32 33 34 35 36 37 38 39 40 41 42 43 44 45 46 47 48 49 50 51 52 53 54 55 56 57 58 59 60 61 62 63 64 65 66 67 68 69 70 71 72 73 74 75 76 77 78 79 80 81 82 83 84 85 86 87 88 89 90 91 92 93 94 95 96 97 98 99 100 101 102 103 104 105 106 107 108 109 110 111 112 113 114 115 116 117 118 119 120 121 122 123 124 125 126 127 128 129 130 131 132 133 134 135 136 137 138 139 140 141 142 143 144 145 146 147 148 149 150 151 152 153 154 155 156 157 158 159 160 161 162 163 164 165 166 167 168 169 170 171 172 173 174 175 176 177 178 179 180 181 182 183 184 185 186 187 188 189 190 191 192 193 194 195 196 197 198 199 200 201 202 203 204 205 206 207 208 209 210 211 212 213 214 215 216 217 218 219 220 221 222 223 224 225 226 227 228 229 230 231 232 233 234 235 236 237 238 239 240 241 242 243 244 245 246 247 248 249 250 251 252 253 254 255 256 257 258 259 260 261 262 263 264 265 266 267 268 269 270 271 272 273 274 275 276 277 278 279 280 281 282 283 284 285 286 287 288 289 290 291 292 293 294 295 296 297 298 299 300 301 302 303 304 305 306 307 308 309 310 311 312 313 314 315 316 317 318 319 320 321 322 323 324 325 326 327 328 329 330 331 332 333 334 335 336 337 338 339 340 341 342 343 344 345 346 347 348 349 350 351 352 353 354 355 356 357 358 359 360 361 362 363 364 365 366 367 368 369 370 371 372 373 374 375 376 377 378 379 380 381 382 383 384 385 386 387 388 389 390 391 392 393 394 395 396 397 398 399 400 401 402 403 404 405 406 407 408 409 410 411 412 413 414 415 416 417 418 419 420 421 422 423 424 425 426 427 428 429 430 431 432 433 434 435 436 437 438 439 440 441 442 443 444 445 446 447 448 449 450 451 452 453 454 455 456 457 458 459 460 461 462 463 464 465 466 467 468 469 470 471 472 473 474 475 476 477 478 479 480 481 482 483 484 485 486 487 488 489 490 491 492 493 494 495 496 497 498 499 500 501 502 503 504 505 506 507 508 509 510 511 512 513 514 515 516 517 518 519 520 521 522 523 524 525 526 527 528 529 530 531 532 533 534 535 536 537 538 539 540 541 542 543 544 545 546 547 548 549 550 551 552 553 554 555 556 557 558 559 560 561 562 563 564 565 566 567 568 569 570 571 572 573 574 575 576 577 578 579 580 581 582 583 584 585 586 587 588 589 590 591 592 593 594 595 596 597 598 599 600 601 602 603 604 605 606 607 608 609 610 611 612 613 614 615 616 617 618 619 620 621 622 623 624 625 626 627 628 629 630 631 632 633 634 635 636 637 638 639 640 641 642 643 644 645 646 647 648 649 650 651 652 653 654 655 656 657 658 659 660 661 662 663 664 665 666 667 668 669 670 671 672 673 674 675 676 677 678 679 680 681 682 683 684 685 686 687 688 689 690 691 692 693 694 695 696 697 698 699 700 701 702 703 704 705 706 707 708 709 710 711 712 713 714 715 716 717 718 719 720 721 722 723 724 725 726 727 728 729 730 731 732 733 734 735 736 737 738 739 740 741 742 743 744 745 746 747 748 749 750 751 752 753 754 755 756 757 758 759 760 761 762 763 764 765 766 767 768 769 770 771 772 773 774 775 776 777 778 779 780 781 782 783 784 785 786 787 788 789 790 791 792 793 794 795 796 797 798 799 800 801 802 803 804 805 806 807 808 809 810 811 812 813 814 815 816 817 818 819 820 821 822 823 824 825 826 827 828 829 830 831 832 833 834 835 836 837 838 839 840 841 842 843 844 845 846 847 848 849 850 851 852 853 854 855 856 857 858 859 860 861 862 863 864 865 866 867 868 869 870 871 872 873 874 875 876 877 878 879 880 881 882 883 884 885 886 887 888 889 890 891 892 893 894 895 896 897 898 899 900 901 902 903 904 905 906 907 908 909 910 911 912 913 914 915 916 917 918 919 920 921 922 923 924 925 926 927 928 929 930 931 932 933 934 935 936 937 938 939 940 941 942 943 944 945 946 947 948 949 950 951 952 953 954 955 956 957 958 959 960 961 962 963 964 965 966 967 968 969 970 971 972 973 974 975 976 977 978 979 980 981 982 983 984 985 986 987 988 989 990 991 992 993 994 995 996 997 998 999
