1000
100 100 100
0 21 75 37
1 9 98 3
2 77 5 80
3 6 87 23
4 19 73 33
5 82 9 24
6 19 98 31
7 84 34 12
8 24 97 29
9 9 70 29
10 5 75 44
11 23 97 20
12 24 71 34
13 95 49 3
14 5 84 3
15 2 73 12
16 64 17 71
17 16 75 38
18 18 89 25
19 27 70 13
20 32 80 23
21 67 15 45
22 75 18 3
23 86 37 81
24 32 85 45
25 9 67 14
26 10 86 84
27 15 71 1
28 59 37 80
29 30 87 38
30 77 44 45
31 11 69 32
32 1 69 19
33 32 73 49
34 4 75 47
35 6 99 45
36 13 73 31
37 51 13 96
38 23 70 46
39 47 87 50
40 6 94 44
41 26 85 13
42 14 91 10
43 70 18 96
44 22 80 17
45 23 79 3
46 16 93 4
47 21 67 41
48 35 92 74
49 6 83 39
50 26 73 40
51 25 84 24
52 25 77 1
53 1 98 28
54 14 78 33
55 1 83 4
56 99 46 84
57 5 94 34
58 25 91 42
59 16 84 3
60 7 68 19
61 21 59 87
62 12 88 21
63 7 75 20
64 96 33 17
65 20 95 37
66 19 93 97
67 29 81 42
68 28 77 34
69 82 10 75
70 8 79 46
71 99 7 98
72 20 95 25
73 82 38 16
74 12 80 17
75 66 29 93
76 96 45 4
77 14 94 20
78 1 98 41
79 31 84 1
80 9 93 5
81 29 86 14
82 26 99 65
83 32 97 17
84 30 72 29
85 21 84 29
86 1 87 50
87 20 85 34
88 8 99 29
89 7 99 39
90 73 23 46
91 32 91 18
92 4 100 2
93 8 89 15
94 4 70 49
95 7 94 2
96 8 92 3
97 2 77 29
98 83 18 25
99 13 79 4
100 61 50 81
101 53 44 98
102 25 79 14
103 3 93 1
104 30 95 37
105 25 91 17
106 35 88 52
107 26 85 9
108 3 90 48
109 22 99 32
110 24 82 34
111 87 20 79
112 12 76 20
113 33 87 30
114 26 70 39
115 14 74 18
116 33 91 35
117 27 89 2
118 8 76 2
119 12 72 46
120 12 89 6
121 98 22 85
122 30 81 50
123 78 45 78
124 31 76 22
125 78 4 85
126 6 86 48
127 75 8 12
128 4 99 17
129 14 94 48
130 100 1 79
131 100 15 4
132 30 73 1
133 3 95 21
134 14 74 31
135 16 89 42
136 11 89 23
137 17 94 46
138 5 72 22
139 26 91 2
140 62 37 69
141 75 5 88
142 11 88 31
143 24 78 9
144 16 88 7
145 7 90 40
146 2 97 29
147 52 32 78
148 1 93 6
149 67 8 83
150 15 67 45
151 5 89 11
152 13 94 45
153 27 70 43
154 70 29 16
155 8 94 22
156 3 68 82
157 21 80 30
158 34 87 57
159 24 90 30
160 27 82 33
161 18 78 7
162 13 91 37
163 25 68 21
164 12 98 5
165 20 83 7
166 1 68 38
167 31 79 18
168 13 81 20
169 12 86 43
170 13 78 15
171 1 92 5
172 24 87 19
173 7 73 10
174 65 20 95
175 92 43 20
176 3 85 30
177 33 94 36
178 19 68 42
179 21 68 46
180 29 89 50
181 10 79 14
182 11 82 1
183 12 79 49
184 31 90 45
185 25 77 1
186 12 93 38
187 5 79 5
188 21 84 48
189 23 94 24
190 96 35 18
191 23 80 48
192 15 92 45
193 2 67 26
194 11 86 99
195 17 98 9
196 1 70 47
197 6 95 22
198 12 93 7
199 93 50 76
200 29 69 52
201 16 87 6
202 15 92 19
203 97 7 29
204 78 41 21
205 4 76 3
206 81 30 37
207 26 91 29
208 32 74 36
209 30 99 28
210 32 85 27
211 28 86 1
212 20 80 4
213 32 100 23
214 29 89 31
215 13 94 14
216 14 68 3
217 27 83 13
218 30 71 40
219 32 82 44
220 25 69 83
221 30 70 9
222 19 84 32
223 23 73 28
224 3 84 29
225 6 92 36
226 30 85 48
227 27 87 26
228 4 90 5
229 29 93 39
230 79 40 92
231 10 96 8
232 11 76 1
233 64 14 77
234 72 38 30
235 17 74 40
236 9 89 41
237 16 60 80
238 84 49 96
239 5 95 31
240 5 87 7
241 7 85 11
242 12 78 1
243 82 35 43
244 13 74 33
245 16 85 43
246 31 69 25
247 10 97 31
248 14 75 3
249 28 55 87
250 27 51 90
251 18 68 38
252 4 67 44
253 11 76 43
254 85 12 3
255 10 77 4
256 8 73 20
257 10 90 1
258 11 94 35
259 80 2 26
260 31 96 36
261 2 79 47
262 8 91 37
263 29 79 78
264 29 88 18
265 5 92 14
266 98 7 23
267 2 87 1
268 5 79 32
269 92 17 31
270 28 78 24
271 24 91 17
272 18 72 10
273 26 85 4
274 23 75 19
275 16 88 8
276 19 85 19
277 31 90 48
278 1 91 41
279 95 49 71
280 26 94 39
281 2 73 48
282 82 44 84
283 5 81 12
284 72 18 26
285 10 80 38
286 31 90 16
287 72 47 44
288 31 86 39
289 8 97 21
290 6 77 15
291 11 85 15
292 22 83 34
293 21 95 45
294 83 36 34
295 10 79 50
296 59 34 100
297 21 70 37
298 18 70 25
299 1 85 4
300 17 97 31
301 29 95 35
302 20 70 46
303 14 69 40
304 30 61 51
305 82 1 3
306 13 75 22
307 14 92 41
308 12 82 37
309 10 90 93
310 79 27 25
311 24 79 8
312 14 90 47
313 9 100 37
314 3 68 43
315 2 86 9
316 16 91 23
317 28 74 25
318 84 35 8
319 18 88 14
320 21 95 16
321 69 30 23
322 2 78 2
323 7 93 39
324 54 50 94
325 18 90 7
326 50 32 90
327 4 76 50
328 20 81 21
329 33 72 95
330 25 93 10
331 32 75 3
332 68 47 68
333 26 84 50
334 88 16 67
335 70 15 87
336 5 76 39
337 92 23 20
338 9 83 24
339 28 100 50
340 16 70 16
341 3 94 19
342 8 91 30
343 29 84 22
344 78 13 28
345 82 47 14
346 2 89 12
347 6 100 40
348 21 92 2
349 65 14 77
350 42 89 68
351 40 83 80
352 4 74 46
353 12 78 21
354 19 82 19
355 1 81 38
356 48 63 94
357 27 80 41
358 2 100 93
359 20 80 45
360 3 93 15
361 4 67 21
362 33 93 16
363 19 93 42
364 93 36 99
365 25 72 49
366 8 82 47
367 6 83 40
368 80 38 32
369 24 77 17
370 20 67 6
371 42 80 63
372 50 41 80
373 32 76 5
374 20 71 38
375 21 71 7
376 11 89 40
377 2 84 29
378 1 100 22
379 10 93 48
380 30 71 13
381 14 94 3
382 3 78 12
383 28 92 60
384 28 97 73
385 41 78 87
386 88 23 91
387 53 13 79
388 98 23 85
389 88 19 84
390 20 69 27
391 7 92 18
392 10 90 50
393 26 93 49
394 26 83 18
395 75 6 77
396 11 81 16
397 3 83 30
398 95 44 93
399 25 98 13
400 92 15 31
401 33 76 13
402 6 83 48
403 16 97 36
404 47 97 74
405 19 72 40
406 96 46 67
407 6 79 78
408 13 80 5
409 27 83 41
410 88 32 96
411 29 99 31
412 18 85 28
413 26 83 61
414 7 98 20
415 22 81 45
416 24 95 25
417 26 94 38
418 4 86 3
419 8 70 30
420 3 81 38
421 31 77 33
422 8 82 30
423 41 70 78
424 15 93 31
425 9 87 36
426 14 83 10
427 27 91 11
428 97 39 87
429 61 46 92
430 9 87 16
431 28 82 37
432 2 73 14
433 27 99 18
434 15 86 21
435 24 89 5
436 8 72 24
437 3 90 16
438 21 87 5
439 19 96 6
440 74 14 96
441 23 87 42
442 5 95 49
443 12 100 49
444 15 97 40
445 27 72 26
446 26 69 12
447 28 78 43
448 4 82 26
449 28 95 21
450 2 80 16
451 69 23 85
452 15 69 21
453 31 88 36
454 94 30 21
455 21 72 2
456 88 38 100
457 7 94 37
458 33 93 47
459 21 86 22
460 66 22 75
461 15 90 9
462 27 95 89
463 29 92 45
464 27 79 7
465 21 77 39
466 9 59 66
467 22 74 13
468 11 94 42
469 1 94 13
470 3 96 25
471 13 91 7
472 24 95 22
473 47 86 84
474 86 18 35
475 32 91 43
476 7 68 12
477 4 91 19
478 19 89 20
479 97 37 47
480 74 19 79
481 20 93 49
482 22 74 22
483 16 87 27
484 33 85 9
485 9 73 14
486 27 72 24
487 24 88 8
488 12 86 10
489 77 19 37
490 4 87 26
491 20 92 9
492 29 95 42
493 48 100 74
494 8 72 3
495 5 100 30
496 77 30 39
497 8 70 28
498 15 78 9
499 10 85 47
500 6 94 20
501 9 82 26
502 18 77 47
503 84 50 93
504 30 77 33
505 86 10 96
506 5 90 45
507 20 95 1
508 86 38 19
509 98 44 78
510 5 99 5
511 30 91 25
512 6 73 28
513 31 65 98
514 26 73 44
515 11 69 37
516 57 18 92
517 2 82 30
518 82 10 98
519 4 98 32
520 21 73 35
521 84 23 50
522 97 34 12
523 22 92 27
524 87 38 26
525 26 79 28
526 27 93 33
527 6 74 9
528 73 26 71
529 68 46 39
530 82 7 36
531 92 9 50
532 6 65 52
533 10 76 8
534 30 88 49
535 16 71 27
536 72 2 89
537 19 93 38
538 23 95 48
539 7 90 16
540 24 75 16
541 32 91 46
542 26 70 17
543 2 78 21
544 67 42 86
545 94 3 37
546 30 89 25
547 28 86 18
548 23 92 49
549 28 87 17
550 41 51 57
551 18 97 49
552 1 67 18
553 85 24 24
554 32 53 70
555 21 90 28
556 7 70 4
557 10 90 93
558 26 71 1
559 25 91 50
560 14 100 18
561 12 81 21
562 26 75 30
563 74 33 69
564 19 98 32
565 10 94 42
566 17 94 46
567 18 81 3
568 19 95 20
569 83 18 22
570 9 71 87
571 28 81 45
572 32 96 88
573 99 20 75
574 27 97 27
575 67 3 5
576 86 42 50
577 33 90 30
578 16 87 17
579 20 68 24
580 20 94 40
581 57 23 92
582 3 70 24
583 10 71 42
584 16 59 61
585 23 74 24
586 7 73 32
587 3 84 14
588 4 75 5
589 17 96 83
590 29 82 40
591 33 74 33
592 30 93 12
593 7 80 36
594 29 79 32
595 77 1 6
596 4 74 28
597 20 78 7
598 15 93 35
599 95 39 68
600 8 100 45
601 6 68 43
602 27 98 30
603 73 43 42
604 2 77 36
605 5 77 27
606 28 92 11
607 22 80 50
608 18 81 25
609 71 26 36
610 9 97 23
611 2 82 44
612 1 69 68
613 95 31 14
614 14 78 25
615 81 10 95
616 52 31 94
617 93 11 45
618 15 83 26
619 29 80 32
620 24 88 20
621 29 68 26
622 78 22 85
623 33 72 48
624 11 69 43
625 18 71 46
626 1 90 28
627 6 89 1
628 75 26 100
629 5 84 44
630 10 77 49
631 18 84 3
632 15 73 22
633 17 88 41
634 67 30 80
635 62 1 94
636 23 78 6
637 3 75 7
638 15 88 29
639 86 4 78
640 16 82 38
641 23 80 47
642 21 92 16
643 9 100 19
644 32 95 19
645 23 85 2
646 14 87 47
647 1 73 25
648 32 88 30
649 24 89 18
650 33 81 46
651 20 98 46
652 13 81 88
653 20 79 6
654 1 93 38
655 2 86 45
656 18 92 63
657 69 1 16
658 9 94 8
659 20 73 4
660 15 80 47
661 87 24 32
662 12 92 24
663 50 12 77
664 29 77 5
665 29 83 8
666 50 96 79
667 6 73 4
668 3 84 32
669 21 91 49
670 8 100 27
671 14 73 12
672 5 69 44
673 9 96 11
674 5 80 55
675 30 89 32
676 63 9 77
677 15 83 23
678 1 93 40
679 99 27 99
680 21 68 12
681 61 50 100
682 67 6 10
683 18 97 36
684 74 31 47
685 32 74 1
686 86 10 92
687 14 88 18
688 23 100 48
689 2 93 20
690 12 93 7
691 6 96 22
692 94 4 23
693 12 96 28
694 19 76 21
695 23 85 47
696 32 74 29
697 11 74 15
698 84 48 76
699 43 66 82
700 2 79 2
701 41 56 89
702 44 66 51
703 10 95 8
704 38 94 61
705 21 56 60
706 23 85 22
707 26 98 25
708 30 75 29
709 3 98 29
710 84 35 91
711 21 89 69
712 4 86 14
713 30 70 20
714 69 42 74
715 70 1 74
716 12 88 7
717 98 1 74
718 31 67 7
719 17 69 17
720 30 71 41
721 17 91 33
722 19 79 46
723 90 45 84
724 4 77 27
725 31 97 43
726 15 82 44
727 23 70 17
728 29 99 1
729 93 17 83
730 37 85 50
731 76 9 46
732 7 88 46
733 9 100 27
734 6 88 45
735 11 92 8
736 3 68 13
737 30 100 63
738 83 50 75
739 4 67 36
740 25 95 11
741 60 14 95
742 93 22 6
743 13 78 39
744 60 20 99
745 69 38 2
746 47 74 77
747 33 86 47
748 4 82 34
749 24 93 3
750 30 99 20
751 98 36 91
752 11 68 67
753 17 86 43
754 93 25 45
755 27 95 38
756 11 95 12
757 28 89 45
758 7 84 1
759 31 95 50
760 19 97 7
761 20 98 8
762 4 82 28
763 44 89 86
764 9 96 22
765 26 98 47
766 29 92 32
767 19 70 44
768 20 71 27
769 13 97 40
770 21 96 7
771 10 68 41
772 25 89 60
773 16 100 13
774 99 9 46
775 10 78 12
776 15 95 39
777 70 33 44
778 6 93 7
779 21 84 50
780 88 24 84
781 1 88 19
782 76 24 6
783 69 3 21
784 89 24 71
785 2 90 47
786 30 88 48
787 2 79 46
788 31 81 43
789 12 77 12
790 26 99 20
791 17 57 59
792 24 69 48
793 21 83 29
794 20 97 27
795 98 48 99
796 3 78 2
797 18 88 6
798 42 59 92
799 70 3 97
800 1 70 36
801 30 95 34
802 8 97 21
803 20 71 46
804 17 59 68
805 14 93 71
806 4 68 44
807 13 73 19
808 78 34 17
809 32 88 33
810 68 12 1
811 28 84 29
812 55 46 84
813 3 83 21
814 27 100 4
815 44 80 96
816 13 69 31
817 38 87 86
818 22 87 40
819 4 87 8
820 9 95 22
821 11 93 12
822 11 100 29
823 22 69 41
824 6 72 34
825 6 85 23
826 96 18 18
827 14 94 35
828 4 84 21
829 78 33 83
830 12 98 13
831 8 88 28
832 16 85 5
833 14 77 99
834 32 78 40
835 42 91 96
836 35 67 87
837 28 96 45
838 20 95 47
839 14 89 19
840 17 89 16
841 67 3 79
842 100 42 2
843 61 26 88
844 29 93 39
845 13 73 22
846 76 33 5
847 21 80 48
848 12 74 31
849 19 84 2
850 34 96 74
851 89 15 1
852 12 84 42
853 67 23 78
854 100 13 45
855 30 87 32
856 5 98 37
857 8 90 27
858 10 96 88
859 9 82 36
860 3 69 17
861 28 72 7
862 14 81 37
863 30 68 46
864 28 76 21
865 50 89 71
866 8 76 44
867 22 70 46
868 3 96 44
869 5 70 19
870 20 79 2
871 23 68 82
872 32 71 24
873 30 100 23
874 15 73 17
875 62 31 96
876 85 14 21
877 10 99 64
878 95 5 83
879 7 87 18
880 67 49 39
881 1 85 35
882 10 82 16
883 16 93 13
884 11 72 19
885 2 77 1
886 2 93 14
887 7 97 63
888 1 73 5
889 16 65 91
890 65 13 68
891 23 89 88
892 8 92 42
893 70 39 87
894 16 72 14
895 18 70 15
896 17 98 6
897 68 26 37
898 29 93 33
899 4 78 40
900 32 86 2
901 1 79 12
902 5 72 89
903 21 88 47
904 20 84 44
905 7 68 30
906 11 88 9
907 16 68 22
908 9 84 32
909 19 92 29
910 8 71 10
911 22 84 48
912 26 92 50
913 4 76 5
914 49 51 97
915 21 85 93
916 71 14 50
917 24 100 19
918 7 75 22
919 25 76 4
920 96 25 77
921 11 97 2
922 25 93 1
923 7 99 20
924 26 87 32
925 9 78 24
926 8 68 54
927 18 71 22
928 22 80 6
929 40 94 92
930 28 77 1
931 87 9 23
932 6 64 90
933 26 58 95
934 83 4 39
935 30 95 50
936 22 86 29
937 81 13 3
938 4 64 51
939 31 67 21
940 27 90 2
941 27 67 7
942 5 78 33
943 32 89 34
944 81 31 94
945 13 85 4
946 31 66 79
947 14 95 50
948 25 73 35
949 17 67 39
950 33 71 83
951 17 92 6
952 77 1 77
953 28 99 9
954 80 8 7
955 22 69 32
956 25 72 17
957 21 72 78
958 86 33 71
959 97 3 24
960 16 98 25
961 29 71 45
962 71 38 98
963 9 90 25
964 32 71 20
965 93 1 12
966 10 95 97
967 91 5 71
968 23 86 17
969 23 100 31
970 14 70 29
971 10 76 43
972 16 78 50
973 23 97 41
974 15 71 5
975 22 87 2
976 20 81 16
977 15 90 35
978 19 69 21
979 17 100 46
980 12 74 32
981 62 15 69
982 15 75 41
983 3 72 30
984 25 76 6
985 26 75 38
986 15 78 35
987 7 69 42
988 5 100 21
989 26 68 37
990 82 50 14
991 28 85 4
992 11 70 43
993 4 67 46
994 16 70 64
995 3 52 66
996 73 38 35
997 10 71 50
998 20 80 6
999 5 88 16
0 1 2 3 4 5 6 7 8 9 10 11 12 13 14 15 16 17 18 19 20 21 22 23 24 25 26 27 28 29 30 31 32 33 34 35 36 37 38 39 40 41 42 43 44 45 46 47 48 49 50 51 52 53 54 55 56 57 58 59 60 61 62 63 64 65 66 67 68 69 70 71 72 73 74 75 76 77 78 79 80 81 82 83 84 85 86 87 88 89 90 91 92 93 94 95 96 97 98 99 100 101 102 103 104 105 106 107 108 109 110 111 112 113 114 115 116 117 118 119 120 121 122 123 124 125 126 127 128 129 130 131 132 133 134 135 136 137 138 139 140 141 142 143 144 145 146 147 148 149 150 151 152 153 154 155 156 157 158 159 160 161 162 163 164 165 166 167 168 169 170 171 172 173 174 175 176 177 178 179 180 181 182 183 184 185 186 187 188 189 190 191 192 193 194 195 196 197 198 199 200 201 202 203 204 205 206 207 208 209 210 211 212 213 214 215 216 217 218 219 220 221 222 223 224 225 226 227 228 229 230 231 232 233 234 235 236 237 238 239 240 241 242 243 244 245 246 247 248 249 250 251 252 253 254 255 256 257 258 259 260 261 262 263 264 265 266 267 268 269 270 271 272 273 274 275 276 277 278 279 280 281 282 283 284 285 286 287 288 289 290 291 292 293 294 295 296 297 298 299 300 301 302 303 304 305 306 307 308 309 310 311 312 313 314 315 316 317 318 319 320 321 322 323 324 325 326 327 328 329 330 331 332 333 334 335 336 337 338 339 340 341 342 343 344 345 346 347 348 349 350 351 352 353 354 355 356 357 358 359 360 361 362 363 364 365 366 367 368 369 370 371 372 373 374 375 376 377 378 379 380 381 382 383 384 385 386 387 388 389 390 391 392 393 394 395 396 397 398 399 400 401 402 403 404 405 406 407 408 409 410 411 412 413 414 415 416 417 418 419 420 421 422 423 424 425 426 427 428 429 430 431 432 433 434 435 436 437 438 439 440 441 442 443 444 445 446 447 448 449 450 451 452 453 454 455 456 457 458 459 460 461 462 463 464 465 466 467 468 469 470 471 472 473 474 475 476 477 478 479 480 481 482 483 484 485 486 487 488 489 490 491 492 493 494 495 496 497 498 499 500 501 502 503 504 505 506 507 508 509 510 511 512 513 514 515 516 517 518 519 520 521 522 523 524 525 526 527 528 529 530 531 532 533 534 535 536 537 538 539 540 541 542 543 544 545 546 547 548 549 550 551 552 553 554 555 556 557 558 559 560 561 562 563 564 565 566 567 568 569 570 571 572 573 574 575 576 577 578 579 580 581 582 583 584 585 586 587 588 589 590 591 592 593 594 595 596 597 598 599 600 601 602 603 604 605 606 607 608 609 610 611 612 613 614 615 616 617 618 619 620 621 622 623 624 625 626 627 628 629 630 631 632 633 634 635 636 637 638 639 640 641 642 643 644 645 646 647 648 649 650 651 652 653 654 655 656 657 658 659 660 661 662 663 664 665 666 667 668 669 670 671 672 673 674 675 676 677 678 679 680 681 682 683 684 685 686 687 688 689 690 691 692 693 694 695 696 697 698 699 700 701 702 703 704 705 706 707 708 709 710 711 712 713 714 715 716 717 718 719 720 721 722 723 724 725 726 727 728 729 730 731 732 733 734 735 736 737 738 739 740 741 742 743 744 745 746 747 748 749 750 751 752 753 754 755 756 757 758 759 760 761 762 763 764 765 766 767 768 769 770 771 772 773 774 775 776 777 778 779 780 781 782 783 784 785 786 787 788 789 790 791 792 793 794 795 796 797 798 799 800 801 802 803 804 805 806 807 808 809 810 811 812 813 814 815 816 817 818 819 820 821 822 823 824 825 826 827 828 829 830 831 832 833 834 835 836 837 838 839 840 841 842 843 844 845 846 847 848 849 850 851 852 853 854 855 856 857 858 859 860 861 862 863 864 865 866 867 868 869 870 871 872 873 874 875 876 877 878 879 880 881 882 883 884 885 886 887 888 889 890 891 892 893 894 895 896 897 898 899 900 901 902 903 904 905 906 907 908 909 910 911 912 913 914 915 916 917 918 919 920 921 922 923 924 925 926 927 928 929 930 931 932 933 934 935 936 937 938 939 940 941 942 943 944 945 946 947 948 949 950 951 952 953 954 955 956 957 958 959 960 961 962 963 964 965 966 967 968 969 970 971 972 973 974 975 976 977 978 979 980 981 982 983 984 985 986 987 988 989 990 991 992 993 994 995 996 997 998 999
