1000
100 100 100
0 31 68 31
1 26 83 23
2 23 94 45
3 28 54 83
4 11 89 29
5 86 4 9
6 95 3 72
7 10 100 11
8 14 97 25
9 9 99 5
10 32 87 37
11 35 78 73
12 18 99 33
13 90 40 8
14 32 78 39
15 24 75 49
16 16 90 13
17 17 96 6
18 17 98 49
19 92 45 98
20 13 87 2
21 97 26 93
22 9 99 16
23 17 70 44
24 7 98 28
25 25 85 100
26 2 68 36
27 9 95 41
28 52 14 88
29 25 68 15
30 4 72 33
31 34 70 56
32 19 96 19
33 11 74 41
34 11 87 43
35 28 87 44
36 23 77 19
37 3 86 19
38 9 85 27
39 11 69 29
40 91 24 27
41 58 18 89
42 23 77 36
43 18 98 3
44 48 96 64
45 4 96 36
46 67 5 4
47 18 74 42
48 21 89 12
49 12 89 18
50 23 73 24
51 33 86 27
52 78 30 5
53 10 73 31
54 29 77 42
55 31 94 25
56 98 17 93
57 23 94 12
58 28 76 6
59 6 68 5
60 14 81 4
61 64 24 89
62 6 85 13
63 31 83 15
64 23 87 41
65 12 80 36
66 21 89 9
67 97 33 91
68 9 67 25
69 1 88 46
70 9 82 38
71 89 6 23
72 29 96 18
73 28 73 49
74 22 68 19
75 1 99 28
76 33 88 16
77 62 42 100
78 77 46 18
79 32 94 18
80 79 7 27
81 19 71 31
82 2 97 39
83 17 54 80
84 20 81 40
85 9 74 48
86 25 67 90
87 47 79 76
88 19 77 43
89 63 28 89
90 10 86 3
91 32 67 24
92 22 90 14
93 11 80 43
94 7 94 32
95 4 75 26
96 70 39 70
97 19 97 41
98 5 71 50
99 28 92 30
100 100 5 90
101 23 79 26
102 14 84 41
103 99 28 25
104 85 20 30
105 17 81 16
106 13 85 10
107 87 23 21
108 27 76 93
109 9 80 38
110 26 98 5
111 25 70 30
112 22 86 11
113 87 15 73
114 26 83 28
115 7 77 25
116 97 39 86
117 97 17 14
118 5 75 39
119 12 86 22
120 97 10 16
121 26 69 26
122 14 72 17
123 30 72 49
124 7 98 36
125 72 10 94
126 13 78 20
127 15 85 36
128 23 97 23
129 13 75 36
130 33 75 36
131 10 87 27
132 65 39 83
133 29 70 25
134 9 81 40
135 4 91 41
136 3 69 2
137 30 99 45
138 27 72 35
139 49 79 74
140 18 96 39
141 15 79 26
142 29 87 45
143 19 97 38
144 12 93 42
145 15 70 10
146 19 85 14
147 33 67 40
148 25 82 17
149 1 82 50
150 85 38 99
151 27 76 23
152 5 96 21
153 31 77 2
154 12 95 5
155 84 18 1
156 16 70 18
157 17 68 34
158 1 76 12
159 84 14 83
160 26 69 30
161 27 86 22
162 73 36 82
163 93 18 95
164 7 86 16
165 11 70 60
166 17 72 41
167 5 94 21
168 69 23 77
169 19 67 13
170 10 77 19
171 22 91 40
172 9 81 23
173 6 83 35
174 22 78 38
175 8 75 34
176 17 97 21
177 67 29 90
178 16 94 6
179 29 73 35
180 28 69 34
181 14 74 1
182 31 95 24
183 54 28 82
184 21 67 48
185 7 98 21
186 16 88 11
187 13 69 27
188 32 92 28
189 14 96 16
190 11 98 48
191 13 76 16
192 26 78 9
193 68 8 38
194 76 28 88
195 44 87 82
196 26 97 21
197 69 27 27
198 29 90 28
199 21 72 39
200 93 7 35
201 77 48 99
202 14 87 44
203 51 39 91
204 11 99 36
205 25 98 26
206 26 71 44
207 12 77 33
208 13 87 12
209 16 67 8
210 9 80 17
211 3 95 9
212 19 95 36
213 22 86 49
214 53 48 91
215 18 68 2
216 19 93 32
217 42 75 63
218 96 49 19
219 12 68 19
220 22 75 24
221 64 14 90
222 21 96 5
223 23 79 27
224 75 4 26
225 27 77 7
226 61 24 84
227 25 68 38
228 30 70 18
229 32 78 26
230 33 72 21
231 21 61 79
232 5 86 49
233 11 89 22
234 3 87 27
235 10 81 30
236 90 26 67
237 23 79 33
238 5 97 5
239 7 99 14
240 5 71 35
241 3 82 48
242 13 71 4
243 14 98 12
244 10 76 48
245 29 76 21
246 30 71 48
247 26 76 31
248 25 73 28
249 19 80 5
250 17 70 41
251 32 76 22
252 28 77 30
253 49 65 64
254 33 86 3
255 29 75 42
256 92 20 78
257 11 81 29
258 1 73 7
259 8 90 13
260 19 81 32
261 6 75 8
262 16 75 82
263 28 70 27
264 84 42 1
265 95 23 32
266 34 66 73
267 14 74 60
268 10 69 5
269 46 51 96
270 28 70 17
271 27 69 28
272 87 29 83
273 27 89 82
274 30 82 8
275 29 90 29
276 3 88 50
277 1 77 29
278 14 79 33
279 59 34 88
280 22 84 31
281 81 43 73
282 1 100 25
283 18 93 32
284 42 86 67
285 46 86 58
286 78 1 43
287 6 94 13
288 17 78 46
289 25 91 37
290 27 93 3
291 13 84 24
292 25 85 49
293 4 94 47
294 10 79 13
295 32 93 3
296 76 7 22
297 18 99 10
298 25 80 6
299 20 97 2
300 25 81 14
301 4 92 23
302 4 75 33
303 93 13 80
304 70 50 98
305 25 51 55
306 23 83 37
307 93 46 93
308 5 85 32
309 27 76 40
310 22 65 86
311 20 86 93
312 88 6 85
313 10 69 43
314 6 74 28
315 15 88 3
316 31 99 38
317 4 97 21
318 2 74 22
319 21 80 16
320 96 26 85
321 80 20 40
322 21 79 3
323 11 85 19
324 20 84 1
325 16 84 49
326 24 79 19
327 80 8 20
328 41 63 71
329 70 25 80
330 26 72 6
331 22 91 41
332 12 72 18
333 16 72 43
334 21 96 29
335 38 88 56
336 14 90 21
337 75 45 77
338 85 44 75
339 28 77 32
340 100 2 81
341 13 73 34
342 16 79 43
343 6 68 22
344 33 93 37
345 97 23 7
346 2 93 35
347 19 74 2
348 94 4 44
349 28 67 14
350 15 88 25
351 3 75 42
352 19 95 69
353 49 97 86
354 9 90 31
355 6 88 47
356 44 80 95
357 7 93 50
358 18 53 76
359 9 83 24
360 17 82 21
361 27 95 42
362 7 87 30
363 3 77 39
364 11 97 62
365 6 88 75
366 96 14 5
367 20 68 15
368 87 7 48
369 86 4 26
370 92 36 84
371 27 91 26
372 9 71 4
373 17 58 58
374 2 93 13
375 23 74 19
376 68 26 67
377 4 77 11
378 23 70 2
379 20 95 4
380 13 94 1
381 11 50 61
382 15 81 28
383 22 88 58
384 4 93 11
385 100 14 78
386 24 93 20
387 29 91 100
388 65 4 84
389 83 7 73
390 1 81 21
391 5 90 20
392 53 41 97
393 69 11 1
394 22 97 4
395 20 94 16
396 2 83 28
397 18 85 90
398 8 99 21
399 21 86 30
400 30 76 39
401 21 81 35
402 76 14 46
403 27 67 21
404 11 83 46
405 8 98 5
406 26 81 19
407 26 75 19
408 69 11 19
409 56 37 99
410 1 95 5
411 19 67 27
412 7 72 48
413 32 93 32
414 84 48 96
415 17 93 26
416 14 76 38
417 5 80 18
418 7 82 5
419 72 3 19
420 9 98 3
421 11 82 83
422 4 95 65
423 6 90 36
424 67 4 77
425 93 28 99
426 32 61 77
427 29 72 32
428 2 96 33
429 5 50 61
430 26 80 32
431 13 88 20
432 12 77 15
433 97 50 87
434 15 96 14
435 18 85 27
436 18 81 42
437 4 80 5
438 24 55 99
439 95 29 100
440 23 94 14
441 3 71 9
442 10 98 47
443 24 95 39
444 3 79 7
445 82 23 34
446 1 98 41
447 95 32 90
448 19 92 33
449 7 94 44
450 68 30 73
451 28 67 49
452 54 18 75
453 76 33 91
454 25 91 19
455 97 9 94
456 46 72 57
457 26 68 11
458 20 100 59
459 83 37 45
460 30 83 23
461 13 98 13
462 25 98 37
463 97 37 87
464 25 89 24
465 4 80 10
466 3 91 16
467 9 82 56
468 29 71 4
469 20 71 74
470 93 25 99
471 18 84 42
472 77 45 29
473 84 37 31
474 12 97 10
475 68 23 36
476 22 70 18
477 9 91 17
478 8 68 41
479 95 39 34
480 20 79 32
481 7 79 24
482 10 68 24
483 87 34 14
484 12 67 36
485 18 69 26
486 57 30 92
487 77 41 30
488 8 87 31
489 19 85 19
490 8 86 35
491 98 30 95
492 74 12 35
493 51 41 72
494 41 75 77
495 26 96 35
496 3 81 20
497 29 91 18
498 99 16 24
499 5 79 1
500 33 89 39
501 4 82 6
502 78 37 86
503 23 74 10
504 8 67 38
505 15 78 6
506 72 36 15
507 57 28 84
508 76 32 94
509 33 99 50
510 77 14 10
511 3 75 9
512 18 94 31
513 26 93 22
514 6 68 48
515 10 97 49
516 26 85 48
517 11 93 48
518 21 81 39
519 27 91 28
520 7 85 28
521 18 81 1
522 27 74 9
523 12 98 24
524 76 14 36
525 23 96 33
526 20 95 40
527 14 98 16
528 9 98 42
529 27 58 58
530 96 33 30
531 13 89 21
532 13 73 32
533 6 87 40
534 86 41 35
535 1 96 24
536 10 69 1
537 72 6 41
538 27 94 28
539 12 70 19
540 25 51 51
541 30 83 35
542 3 84 34
543 20 90 28
544 2 93 33
545 66 40 82
546 29 68 38
547 29 79 37
548 12 88 3
549 2 92 31
550 4 97 44
551 1 96 32
552 33 77 4
553 32 85 43
554 6 81 31
555 4 79 6
556 4 92 16
557 23 100 20
558 10 74 40
559 33 82 38
560 17 97 38
561 5 85 18
562 33 73 11
563 16 77 47
564 6 84 17
565 18 86 93
566 12 99 32
567 1 87 30
568 88 32 100
569 39 75 98
570 43 54 95
571 1 77 4
572 27 67 4
573 26 74 39
574 51 20 95
575 13 96 36
576 1 95 17
577 27 52 80
578 55 18 73
579 45 68 58
580 58 30 68
581 86 39 45
582 15 90 7
583 88 4 16
584 14 68 17
585 6 59 84
586 90 33 34
587 47 64 98
588 20 91 15
589 93 18 19
590 3 94 18
591 17 81 8
592 22 79 41
593 31 79 14
594 6 98 18
595 27 52 55
596 14 77 36
597 27 84 6
598 25 89 50
599 15 97 40
600 13 98 43
601 32 86 27
602 11 76 37
603 5 53 90
604 23 83 4
605 24 100 7
606 29 92 24
607 27 88 20
608 28 68 39
609 8 72 19
610 98 8 24
611 1 61 55
612 29 71 22
613 89 12 89
614 27 78 48
615 24 79 32
616 9 88 2
617 25 85 21
618 17 93 48
619 12 98 35
620 17 85 12
621 1 90 42
622 13 86 21
623 16 77 43
624 29 80 56
625 16 73 25
626 16 71 40
627 22 85 31
628 22 98 28
629 17 90 21
630 10 73 8
631 8 74 33
632 9 98 9
633 6 74 44
634 7 87 4
635 2 63 69
636 6 87 26
637 16 68 22
638 84 26 14
639 17 87 2
640 13 90 21
641 7 88 9
642 99 7 46
643 22 91 36
644 30 77 43
645 14 77 14
646 12 84 25
647 28 82 6
648 9 75 4
649 7 81 1
650 73 18 43
651 71 17 34
652 17 82 16
653 8 82 3
654 84 7 72
655 33 81 31
656 21 84 30
657 5 69 48
658 6 98 25
659 13 80 19
660 97 39 46
661 45 98 62
662 19 71 4
663 32 82 2
664 4 81 50
665 18 85 25
666 96 23 14
667 25 84 18
668 96 42 92
669 32 73 45
670 9 68 38
671 23 86 34
672 2 90 37
673 11 92 11
674 28 79 45
675 87 25 70
676 6 79 38
677 66 50 88
678 33 79 40
679 11 90 29
680 20 75 42
681 26 82 31
682 29 90 38
683 19 75 28
684 76 31 77
685 10 95 28
686 24 85 65
687 28 91 10
688 2 95 41
689 10 70 27
690 22 72 32
691 15 95 21
692 21 93 28
693 11 84 5
694 55 36 96
695 30 85 7
696 32 94 15
697 17 88 6
698 67 18 27
699 16 80 30
700 17 76 44
701 19 68 9
702 82 12 27
703 88 38 97
704 10 86 22
705 9 91 5
706 33 84 43
707 3 77 38
708 96 44 30
709 52 31 77
710 9 84 5
711 11 74 19
712 24 75 12
713 73 2 34
714 14 71 3
715 1 95 13
716 8 96 9
717 8 79 60
718 98 24 45
719 22 95 10
720 32 97 30
721 9 85 13
722 21 91 25
723 22 71 48
724 6 78 27
725 57 33 95
726 20 67 46
727 45 93 81
728 21 92 32
729 94 40 36
730 14 73 25
731 25 88 43
732 97 33 89
733 21 84 25
734 93 36 43
735 59 44 81
736 14 94 6
737 25 88 6
738 6 82 4
739 10 79 35
740 12 69 21
741 24 96 1
742 22 85 9
743 18 93 86
744 14 86 21
745 53 34 76
746 8 88 26
747 32 95 1
748 19 83 4
749 21 73 29
750 21 78 7
751 12 93 40
752 44 59 92
753 17 70 38
754 8 67 4
755 60 18 95
756 20 69 1
757 28 74 43
758 22 84 11
759 21 98 31
760 8 68 45
761 31 87 20
762 29 72 11
763 5 90 97
764 28 89 37
765 11 98 4
766 25 100 63
767 27 87 14
768 75 27 75
769 1 89 47
770 12 88 14
771 91 41 79
772 24 76 15
773 57 40 72
774 7 85 45
775 16 88 38
776 29 90 50
777 16 78 30
778 33 78 20
779 10 89 48
780 29 88 26
781 27 73 46
782 28 71 22
783 11 90 9
784 44 58 92
785 32 93 28
786 78 39 95
787 21 92 20
788 26 98 40
789 7 87 36
790 19 89 13
791 21 78 3
792 11 80 50
793 97 44 71
794 93 31 79
795 13 81 40
796 29 92 12
797 51 44 79
798 22 76 35
799 14 81 41
800 96 37 88
801 29 100 46
802 32 84 28
803 76 3 39
804 13 99 26
805 99 48 38
806 2 77 19
807 15 95 24
808 19 90 18
809 92 43 3
810 5 82 20
811 17 77 36
812 13 92 32
813 15 82 15
814 16 78 34
815 25 77 10
816 23 99 39
817 79 22 82
818 27 93 13
819 33 83 8
820 26 97 3
821 4 81 37
822 18 94 31
823 5 98 19
824 2 88 26
825 20 79 8
826 8 80 14
827 54 23 78
828 5 89 28
829 29 80 4
830 10 96 1
831 97 27 43
832 8 67 19
833 19 85 42
834 30 76 35
835 33 72 41
836 18 82 10
837 19 79 28
838 75 5 76
839 9 88 12
840 5 99 18
841 29 72 22
842 94 18 86
843 28 81 47
844 5 90 41
845 19 98 23
846 7 90 32
847 8 72 19
848 13 72 13
849 18 87 46
850 10 79 47
851 16 53 52
852 11 81 29
853 29 94 50
854 12 85 20
855 68 29 45
856 75 35 23
857 27 93 31
858 17 97 6
859 32 75 27
860 23 73 43
861 26 97 87
862 1 57 79
863 10 98 46
864 31 99 30
865 21 91 49
866 1 82 10
867 77 35 18
868 18 69 9
869 1 94 29
870 66 5 95
871 20 100 31
872 21 73 28
873 98 46 92
874 17 95 47
875 20 92 2
876 33 96 15
877 7 88 12
878 9 97 22
879 11 78 5
880 20 88 7
881 14 74 10
882 8 77 12
883 20 78 19
884 17 96 39
885 5 77 39
886 38 63 52
887 17 67 30
888 21 94 33
889 26 90 32
890 9 86 35
891 27 77 36
892 24 86 22
893 11 100 7
894 57 31 73
895 98 50 46
896 77 32 18
897 3 83 38
898 2 89 3
899 15 68 42
900 23 87 31
901 11 83 9
902 33 90 44
903 13 88 28
904 12 88 39
905 56 12 80
906 22 92 12
907 30 53 64
908 24 70 37
909 10 72 37
910 18 74 20
911 28 76 19
912 22 73 8
913 80 16 97
914 27 75 19
915 78 15 35
916 16 89 23
917 30 88 23
918 80 35 98
919 13 71 9
920 28 86 16
921 8 93 30
922 41 81 59
923 18 85 15
924 33 78 6
925 21 63 78
926 14 75 37
927 84 37 1
928 16 86 62
929 11 88 12
930 22 79 22
931 21 86 47
932 100 50 39
933 22 96 56
934 24 98 16
935 10 99 17
936 76 38 23
937 15 82 6
938 25 91 30
939 27 91 40
940 5 67 47
941 85 27 1
942 29 87 2
943 21 71 10
944 30 99 18
945 53 23 79
946 18 97 17
947 8 73 42
948 31 71 92
949 25 69 32
950 9 69 34
951 17 72 35
952 28 83 11
953 32 75 38
954 12 79 21
955 17 80 45
956 15 97 30
957 28 67 46
958 81 43 30
959 16 91 36
960 29 60 86
961 25 73 23
962 8 87 9
963 25 80 12
964 67 20 24
965 1 79 42
966 23 98 36
967 17 92 28
968 19 73 33
969 86 19 81
970 24 100 4
971 64 22 82
972 26 80 91
973 4 86 34
974 52 38 85
975 39 55 79
976 74 10 93
977 32 95 19
978 24 96 26
979 7 77 39
980 13 89 40
981 8 83 9
982 15 98 21
983 1 74 24
984 98 49 31
985 14 73 16
986 74 46 79
987 26 75 1
988 21 96 2
989 7 90 43
990 9 71 13
991 12 96 39
992 27 96 33
993 17 93 19
994 79 35 93
995 26 93 45
996 13 77 47
997 6 70 40
998 29 69 37
999 45 79 83
0 1 2 3 4 5 6 7 8 9 10 11 12 13 14 15 16 17 18 19 20 21 22 23 24 25 26 27 28 29 30 31 32 33 34 35 36 37 38 39 40 41 42 43 44 45 46 47 48 49 50 51 52 53 54 55 56 57 58 59 60 61 62 63 64 65 66 67 68 69 70 71 72 73 74 75 76 77 78 79 80 81 82 83 84 85 86 87 88 89 90 91 92 93 94 95 96 97 98 99 100 101 102 103 104 105 106 107 108 109 110 111 112 113 114 115 116 117 118 119 120 121 122 123 124 125 126 127 128 129 130 131 132 133 134 135 136 137 138 139 140 141 142 143 144 145 146 147 148 149 150 151 152 153 154 155 156 157 158 159 160 161 162 163 164 165 166 167 168 169 170 171 172 173 174 175 176 177 178 179 180 181 182 183 184 185 186 187 188 189 190 191 192 193 194 195 196 197 198 199 200 201 202 203 204 205 206 207 208 209 210 211 212 213 214 215 216 217 218 219 220 221 222 223 224 225 226 227 228 229 230 231 232 233 234 235 236 237 238 239 240 241 242 243 244 245 246 247 248 249 250 251 252 253 254 255 256 257 258 259 260 261 262 263 264 265 266 267 268 269 270 271 272 273 274 275 276 277 278 279 280 281 282 283 284 285 286 287 288 289 290 291 292 293 294 295 296 297 298 299 300 301 302 303 304 305 306 307 308 309 310 311 312 313 314 315 316 317 318 319 320 321 322 323 324 325 326 327 328 329 330 331 332 333 334 335 336 337 338 339 340 341 342 343 344 345 346 347 348 349 350 351 352 353 354 355 356 357 358 359 360 361 362 363 364 365 366 367 368 369 370 371 372 373 374 375 376 377 378 379 380 381 382 383 384 385 386 387 388 389 390 391 392 393 394 395 396 397 398 399 400 401 402 403 404 405 406 407 408 409 410 411 412 413 414 415 416 417 418 419 420 421 422 423 424 425 426 427 428 429 430 431 432 433 434 435 436 437 438 439 440 441 442 443 444 445 446 447 448 449 450 451 452 453 454 455 456 457 458 459 460 461 462 463 464 465 466 467 468 469 470 471 472 473 474 475 476 477 478 479 480 481 482 483 484 485 486 487 488 489 490 491 492 493 494 495 496 497 498 499 500 501 502 503 504 505 506 507 508 509 510 511 512 513 514 515 516 517 518 519 520 521 522 523 524 525 526 527 528 529 530 531 532 533 534 535 536 537 538 539 540 541 542 543 544 545 546 547 548 549 550 551 552 553 554 555 556 557 558 559 560 561 562 563 564 565 566 567 568 569 570 571 572 573 574 575 576 577 578 579 580 581 582 583 584 585 586 587 588 589 590 591 592 593 594 595 596 597 598 599 600 601 602 603 604 605 606 607 608 609 610 611 612 613 614 615 616 617 618 619 620 621 622 623 624 625 626 627 628 629 630 631 632 633 634 635 636 637 638 639 640 641 642 643 644 645 646 647 648 649 650 651 652 653 654 655 656 657 658 659 660 661 662 663 664 665 666 667 668 669 670 671 672 673 674 675 676 677 678 679 680 681 682 683 684 685 686 687 688 689 690 691 692 693 694 695 696 697 698 699 700 701 702 703 704 705 706 707 708 709 710 711 712 713 714 715 716 717 718 719 720 721 722 723 724 725 726 727 728 729 730 731 732 733 734 735 736 737 738 739 740 741 742 743 744 745 746 747 748 749 750 751 752 753 754 755 756 757 758 759 760 761 762 763 764 765 766 767 768 769 770 771 772 773 774 775 776 777 778 779 780 781 782 783 784 785 786 787 788 789 790 791 792 793 794 795 796 797 798 799 800 801 802 803 804 805 806 807 808 809 810 811 812 813 814 815 816 817 818 819 820 821 822 823 824 825 826 827 828 829 830 831 832 833 834 835 836 837 838 839 840 841 842 843 844 845 846 847 848 849 850 851 852 853 854 855 856 857 858 859 860 861 862 863 864 865 866 867 868 869 870 871 872 873 874 875 876 877 878 879 880 881 882 883 884 885 886 887 888 889 890 891 892 893 894 895 896 897 898 899 900 901 902 903 904 905 906 907 908 909 910 911 912 913 914 915 916 917 918 919 920 921 922 923 924 925 926 927 928 929 930 931 932 933 934 935 936 937 938 939 940 941 942 943 944 945 946 947 948 949 950 951 952 953 954 955 956 957 958 959 960 961 962 963 964 965 966 967 968 969 970 971 972 973 974 975 976 977 978 979 980 981 982 983 984 985 986 987 988 989 990 991 992 993 994 995 996 997 998 999
