1000
100 100 100
0 6 81 2
1 73 40 41
2 23 75 50
3 91 42 70
4 28 54 84
5 1 73 4
6 10 96 48
7 29 91 35
8 69 25 27
9 33 92 27
10 21 68 9
11 17 89 23
12 13 72 46
13 39 75 84
14 78 23 77
15 22 94 28
16 21 75 21
17 31 86 36
18 3 60 88
19 64 9 77
20 16 53 69
21 90 23 3
22 2 97 4
23 68 22 70
24 5 87 46
25 22 86 4
26 18 74 10
27 22 72 16
28 29 76 5
29 95 44 98
30 12 87 2
31 14 95 15
32 3 83 11
33 1 77 26
34 64 22 81
35 5 82 20
36 15 90 94
37 14 80 43
38 16 94 9
39 4 95 44
40 16 67 40
41 4 69 6
42 2 71 50
43 21 93 10
44 15 67 40
45 60 36 89
46 15 87 44
47 29 80 13
48 12 73 2
49 89 42 93
50 5 69 34
51 95 11 83
52 31 73 47
53 47 63 91
54 16 71 31
55 12 100 8
56 14 76 50
57 31 80 4
58 3 54 59
59 32 97 42
60 33 94 40
61 16 96 27
62 47 66 67
63 18 98 26
64 26 98 27
65 12 84 4
66 14 92 35
67 88 22 29
68 11 77 13
69 16 69 20
70 6 69 48
71 54 30 97
72 16 98 50
73 29 84 40
74 27 73 49
75 29 98 35
76 14 78 18
77 19 75 9
78 79 28 46
79 37 61 56
80 16 71 49
81 13 88 46
82 97 28 29
83 12 72 33
84 32 87 46
85 96 30 45
86 83 44 100
87 3 93 55
88 19 90 16
89 33 98 32
90 17 70 4
91 87 11 28
92 16 71 1
93 67 23 83
94 19 96 40
95 61 48 95
96 80 14 11
97 3 90 50
98 57 13 98
99 16 85 41
100 14 83 17
101 71 38 67
102 19 72 17
103 19 80 6
104 89 26 28
105 33 55 83
106 4 90 33
107 89 28 44
108 26 75 40
109 28 79 41
110 12 88 3
111 23 82 27
112 21 83 30
113 44 88 90
114 31 73 44
115 32 73 25
116 32 71 39
117 14 90 6
118 46 54 99
119 3 89 14
120 23 66 51
121 97 29 93
122 98 47 16
123 30 98 7
124 16 94 46
125 11 76 25
126 10 88 35
127 24 89 15
128 33 74 42
129 96 29 96
130 77 8 85
131 23 74 38
132 16 94 25
133 9 86 4
134 65 49 70
135 2 86 36
136 1 73 22
137 4 69 28
138 22 79 39
139 31 77 1
140 11 98 21
141 19 95 45
142 40 67 75
143 31 78 7
144 8 64 90
145 4 89 24
146 27 84 6
147 94 27 76
148 7 70 19
149 92 20 24
150 11 70 34
151 94 24 7
152 19 90 1
153 12 80 21
154 17 93 21
155 16 87 1
156 76 45 88
157 9 78 29
158 5 75 17
159 6 97 48
160 28 100 42
161 6 70 43
162 7 79 26
163 11 71 100
164 3 80 50
165 19 91 50
166 23 90 44
167 29 86 13
168 25 70 43
169 11 75 41
170 30 95 16
171 13 73 49
172 59 38 78
173 30 70 28
174 10 76 15
175 71 40 19
176 28 83 28
177 10 84 40
178 72 7 8
179 24 74 46
180 15 77 17
181 15 83 50
182 43 97 74
183 23 80 10
184 18 67 44
185 7 92 41
186 23 95 40
187 28 86 2
188 7 92 48
189 2 71 12
190 15 98 22
191 27 99 25
192 13 79 21
193 97 14 3
194 29 71 10
195 21 56 63
196 7 96 6
197 12 97 11
198 57 38 82
199 17 96 50
200 96 13 90
201 9 76 9
202 26 68 12
203 79 37 42
204 1 84 8
205 73 47 12
206 10 84 7
207 15 86 49
208 22 88 50
209 50 56 86
210 81 45 37
211 12 83 31
212 13 88 30
213 25 92 45
214 4 100 33
215 18 76 45
216 9 76 26
217 29 89 19
218 33 92 1
219 64 11 68
220 17 69 10
221 32 88 2
222 22 68 29
223 13 74 31
224 92 23 34
225 7 96 84
226 77 31 33
227 50 87 99
228 16 97 46
229 2 89 44
230 22 76 38
231 6 91 13
232 42 82 56
233 74 47 29
234 33 73 7
235 79 3 68
236 50 96 70
237 24 76 5
238 85 4 12
239 26 73 42
240 1 77 63
241 23 84 21
242 3 98 1
243 21 100 34
244 94 45 20
245 96 11 2
246 29 94 30
247 1 77 31
248 23 79 4
249 5 91 45
250 25 79 48
251 30 100 24
252 11 83 40
253 11 72 87
254 59 31 81
255 27 67 10
256 4 98 44
257 1 60 100
258 72 40 2
259 88 46 17
260 80 22 81
261 97 33 17
262 9 94 5
263 19 84 1
264 9 76 39
265 39 84 87
266 13 92 11
267 6 67 39
268 14 92 22
269 10 82 19
270 33 83 43
271 24 90 47
272 9 76 20
273 23 69 24
274 1 87 23
275 3 75 26
276 29 76 49
277 27 89 43
278 24 75 13
279 3 91 40
280 86 22 21
281 22 67 17
282 94 36 47
283 27 81 45
284 99 8 69
285 95 37 20
286 24 71 25
287 12 85 5
288 28 70 9
289 94 2 39
290 6 95 46
291 74 17 23
292 26 100 50
293 4 86 7
294 90 12 24
295 75 44 75
296 21 90 27
297 32 76 3
298 33 71 31
299 20 72 37
300 21 86 32
301 86 42 71
302 4 72 64
303 4 81 46
304 27 86 7
305 24 93 39
306 82 26 7
307 89 14 12
308 6 70 16
309 20 93 24
310 33 72 39
311 5 77 1
312 32 70 37
313 20 76 15
314 61 8 82
315 6 76 4
316 38 54 52
317 100 39 9
318 79 30 1
319 73 17 2
320 23 85 80
321 85 25 35
322 1 94 3
323 59 34 88
324 81 13 4
325 10 92 34
326 31 100 33
327 21 97 5
328 22 86 5
329 20 99 8
330 32 96 46
331 22 83 28
332 92 50 48
333 16 69 12
334 17 85 24
335 16 83 3
336 69 9 99
337 88 3 45
338 21 93 3
339 10 69 48
340 92 8 83
341 94 20 76
342 20 77 1
343 3 93 34
344 14 85 44
345 26 71 4
346 19 68 4
347 89 45 96
348 14 96 45
349 26 78 5
350 32 80 3
351 96 18 10
352 23 90 20
353 30 88 8
354 14 70 23
355 23 85 9
356 21 85 38
357 32 76 14
358 22 81 3
359 35 82 89
360 6 89 9
361 15 88 49
362 26 97 35
363 50 33 82
364 24 68 3
365 28 85 31
366 12 85 6
367 73 2 76
368 91 39 89
369 19 87 50
370 18 98 34
371 31 88 39
372 86 10 2
373 25 94 31
374 18 71 45
375 60 15 89
376 17 94 21
377 98 30 1
378 15 71 71
379 42 63 92
380 4 89 18
381 11 88 37
382 11 83 6
383 16 81 19
384 32 86 13
385 35 98 63
386 3 97 1
387 30 70 43
388 99 23 30
389 13 76 27
390 10 82 25
391 25 91 3
392 17 90 27
393 53 29 96
394 86 19 25
395 15 96 36
396 21 97 12
397 8 89 10
398 21 83 8
399 11 83 50
400 9 84 14
401 50 81 93
402 29 73 2
403 4 80 33
404 62 13 81
405 93 27 96
406 38 64 91
407 2 89 39
408 54 3 91
409 55 14 76
410 3 91 21
411 79 38 36
412 32 71 23
413 3 84 47
414 99 1 80
415 15 85 36
416 29 85 31
417 28 81 38
418 12 65 77
419 19 97 46
420 27 89 20
421 10 84 36
422 43 75 71
423 6 92 41
424 23 75 45
425 18 88 26
426 18 89 29
427 29 84 18
428 11 80 6
429 31 94 43
430 31 81 32
431 83 3 86
432 17 89 44
433 15 85 36
434 95 38 37
435 8 79 5
436 54 17 92
437 31 96 9
438 10 97 11
439 26 98 13
440 18 93 23
441 7 92 38
442 87 29 22
443 19 67 36
444 1 84 34
445 17 82 22
446 28 61 80
447 17 73 45
448 1 90 86
449 15 78 17
450 87 30 17
451 91 42 24
452 3 84 14
453 12 95 16
454 21 96 71
455 93 35 80
456 10 83 45
457 67 36 19
458 56 18 97
459 10 84 15
460 27 80 27
461 24 72 22
462 32 90 11
463 13 77 31
464 79 8 96
465 9 99 46
466 29 70 42
467 28 93 9
468 26 99 16
469 15 69 4
470 4 96 14
471 17 75 27
472 10 77 15
473 21 80 34
474 32 79 27
475 25 75 23
476 84 5 70
477 86 38 3
478 35 94 63
479 99 39 25
480 13 78 44
481 23 90 24
482 12 98 37
483 89 41 88
484 18 84 38
485 13 100 38
486 13 73 13
487 13 60 81
488 11 93 6
489 24 95 87
490 25 67 93
491 22 96 8
492 18 72 4
493 20 88 13
494 45 93 51
495 21 90 1
496 26 80 22
497 9 84 35
498 3 99 23
499 40 72 78
500 24 84 19
501 45 61 80
502 92 48 15
503 23 82 36
504 13 96 42
505 30 69 23
506 39 51 100
507 73 12 88
508 14 79 3
509 78 38 76
510 3 91 4
511 20 76 35
512 79 11 100
513 88 8 1
514 24 80 40
515 8 71 49
516 17 88 30
517 32 89 23
518 20 69 34
519 8 90 26
520 20 70 36
521 20 84 23
522 5 92 47
523 8 91 30
524 55 38 91
525 1 68 31
526 77 47 34
527 92 3 77
528 30 83 46
529 14 74 34
530 21 67 90
531 72 19 90
532 7 77 4
533 3 78 23
534 6 68 44
535 25 82 14
536 28 73 31
537 4 77 24
538 24 85 77
539 12 70 49
540 19 99 10
541 21 89 7
542 98 45 73
543 5 68 5
544 24 82 30
545 29 79 6
546 58 1 89
547 67 3 48
548 32 92 14
549 26 86 48
550 22 79 27
551 22 81 12
552 26 92 42
553 6 82 47
554 9 92 13
555 47 72 50
556 91 27 78
557 97 22 100
558 13 96 39
559 4 67 24
560 79 10 8
561 32 68 6
562 13 69 6
563 29 95 14
564 6 95 4
565 22 98 17
566 28 99 19
567 32 69 35
568 72 18 98
569 8 68 27
570 30 89 45
571 89 11 99
572 7 81 17
573 3 73 2
574 25 75 41
575 4 94 22
576 27 98 41
577 33 71 30
578 2 63 88
579 75 16 31
580 23 80 45
581 98 44 72
582 10 97 39
583 68 40 44
584 92 36 89
585 19 75 27
586 32 67 30
587 28 75 11
588 8 83 32
589 9 93 48
590 100 30 11
591 7 87 9
592 31 96 42
593 7 72 48
594 4 73 47
595 8 78 4
596 1 75 63
597 29 92 14
598 25 70 21
599 24 69 48
600 14 81 44
601 25 84 37
602 22 77 40
603 28 81 33
604 29 99 21
605 91 34 40
606 26 91 18
607 20 97 36
608 18 89 41
609 28 93 88
610 28 71 10
611 10 69 49
612 29 84 29
613 6 85 57
614 12 97 19
615 23 88 12
616 3 82 93
617 5 69 18
618 5 92 46
619 91 22 37
620 30 85 50
621 18 78 5
622 29 52 71
623 91 23 17
624 7 72 43
625 2 89 48
626 22 77 35
627 26 97 50
628 55 37 72
629 82 42 8
630 14 82 1
631 7 91 49
632 28 70 41
633 21 94 9
634 29 69 23
635 5 91 14
636 3 76 25
637 5 94 21
638 4 81 1
639 72 38 18
640 33 69 11
641 31 97 20
642 12 97 44
643 16 68 10
644 29 93 35
645 90 34 87
646 19 67 7
647 28 96 36
648 67 29 40
649 3 90 98
650 17 83 18
651 20 89 23
652 11 78 32
653 2 71 22
654 33 78 11
655 19 70 27
656 53 17 93
657 13 93 12
658 5 97 45
659 28 88 17
660 2 99 38
661 22 82 21
662 21 88 24
663 7 96 31
664 12 88 21
665 2 67 36
666 10 89 30
667 86 27 67
668 13 73 24
669 17 71 19
670 86 30 68
671 25 83 6
672 12 77 19
673 27 100 13
674 26 73 48
675 20 71 16
676 23 89 20
677 33 72 19
678 32 97 52
679 5 67 14
680 15 71 36
681 64 40 78
682 18 68 5
683 29 52 76
684 79 31 75
685 33 98 5
686 11 89 47
687 17 83 27
688 69 21 90
689 25 92 48
690 68 28 80
691 29 77 28
692 3 95 5
693 8 96 12
694 33 86 28
695 30 82 38
696 26 78 20
697 19 78 76
698 29 67 45
699 28 92 42
700 23 72 28
701 24 78 41
702 30 82 40
703 12 80 25
704 90 36 15
705 10 97 35
706 32 93 15
707 3 90 20
708 33 96 30
709 2 89 21
710 68 23 43
711 52 50 69
712 70 43 80
713 16 96 24
714 27 85 40
715 94 34 6
716 1 95 4
717 13 100 45
718 12 79 42
719 29 71 19
720 12 95 35
721 32 89 14
722 1 79 47
723 55 47 95
724 15 78 14
725 20 70 26
726 18 72 15
727 55 45 87
728 35 57 91
729 10 69 54
730 27 92 46
731 26 90 41
732 31 98 11
733 10 73 13
734 11 84 47
735 25 99 27
736 20 88 40
737 20 80 19
738 11 74 94
739 27 98 43
740 41 82 54
741 27 79 8
742 32 79 26
743 17 100 9
744 7 71 45
745 13 89 29
746 3 67 33
747 17 93 46
748 33 52 60
749 19 77 32
750 15 91 30
751 10 99 43
752 40 80 91
753 31 96 4
754 22 83 13
755 6 83 45
756 23 67 40
757 11 85 26
758 14 71 51
759 85 33 21
760 6 67 7
761 5 99 70
762 20 92 23
763 10 93 25
764 18 82 10
765 20 69 11
766 88 10 85
767 11 98 38
768 31 83 2
769 7 75 21
770 23 78 50
771 15 99 35
772 20 76 39
773 3 67 41
774 3 100 10
775 63 22 96
776 10 100 80
777 94 38 39
778 8 74 3
779 97 15 39
780 21 81 31
781 97 38 84
782 30 77 42
783 7 84 41
784 28 73 8
785 14 77 45
786 92 49 39
787 17 91 8
788 4 96 33
789 17 97 81
790 18 94 14
791 17 65 74
792 15 67 38
793 42 70 63
794 95 8 23
795 25 92 43
796 53 15 100
797 2 78 17
798 6 71 10
799 69 49 35
800 8 82 48
801 1 72 11
802 24 79 28
803 17 81 16
804 2 69 37
805 4 96 11
806 13 92 39
807 12 97 37
808 65 33 100
809 27 69 46
810 68 40 16
811 86 3 71
812 8 97 5
813 18 85 6
814 27 68 1
815 28 80 25
816 73 36 32
817 32 70 11
818 1 76 40
819 29 94 24
820 32 79 43
821 5 75 34
822 78 47 16
823 8 68 21
824 32 67 25
825 68 38 20
826 35 84 79
827 20 83 31
828 29 92 4
829 8 76 36
830 31 76 11
831 5 73 86
832 3 73 18
833 37 96 70
834 30 77 20
835 21 100 43
836 6 86 33
837 32 95 35
838 10 93 21
839 31 86 46
840 12 91 33
841 2 75 38
842 17 97 36
843 93 13 30
844 5 100 4
845 68 47 42
846 70 45 34
847 6 96 6
848 21 87 14
849 9 89 11
850 100 2 36
851 29 100 20
852 61 20 95
853 86 37 21
854 22 94 40
855 19 76 22
856 25 74 32
857 26 72 32
858 19 73 49
859 42 96 99
860 31 83 8
861 13 68 49
862 1 74 15
863 29 85 12
864 1 75 16
865 26 78 29
866 13 89 30
867 29 67 6
868 3 92 35
869 99 37 14
870 19 84 40
871 1 100 26
872 24 97 12
873 10 73 16
874 30 89 16
875 30 86 92
876 7 77 28
877 1 92 48
878 33 74 64
879 94 2 24
880 26 75 17
881 32 70 9
882 32 83 23
883 92 36 79
884 91 16 96
885 40 80 65
886 32 96 29
887 25 85 2
888 17 91 24
889 5 85 29
890 71 40 81
891 18 75 26
892 64 39 79
893 8 100 21
894 90 23 34
895 75 34 10
896 31 73 45
897 2 77 37
898 27 75 24
899 6 88 42
900 22 88 26
901 21 89 21
902 22 92 4
903 22 74 37
904 98 3 7
905 16 76 94
906 35 79 82
907 20 83 34
908 69 45 34
909 28 93 26
910 16 98 4
911 30 88 18
912 33 86 40
913 25 98 10
914 70 2 96
915 5 80 11
916 17 84 46
917 6 75 6
918 14 74 1
919 17 73 8
920 20 91 25
921 15 84 10
922 30 88 11
923 13 96 73
924 11 95 6
925 21 77 28
926 1 81 19
927 44 80 99
928 18 87 12
929 15 90 45
930 21 72 28
931 6 100 38
932 19 96 47
933 29 82 34
934 28 89 16
935 6 95 39
936 95 22 44
937 23 90 38
938 2 71 13
939 22 69 18
940 30 91 4
941 80 38 50
942 15 100 38
943 14 78 9
944 27 68 9
945 24 82 8
946 20 94 4
947 95 32 83
948 19 73 4
949 13 90 36
950 4 90 49
951 32 89 11
952 26 89 27
953 19 89 7
954 80 5 4
955 32 83 2
956 21 87 43
957 21 76 5
958 31 76 36
959 17 87 19
960 16 82 14
961 2 82 43
962 45 67 80
963 9 80 37
964 76 19 43
965 26 100 3
966 91 21 30
967 79 12 34
968 8 75 8
969 17 67 23
970 11 96 50
971 31 73 29
972 3 90 29
973 71 39 74
974 19 85 27
975 23 91 14
976 26 77 10
977 15 76 33
978 30 96 23
979 8 85 71
980 83 24 19
981 13 98 21
982 27 73 23
983 1 82 14
984 17 99 17
985 5 84 10
986 20 84 12
987 83 27 87
988 27 88 20
989 92 45 16
990 22 67 49
991 85 32 77
992 31 78 47
993 11 95 38
994 82 49 11
995 47 52 55
996 50 20 74
997 17 73 48
998 27 97 6
999 11 69 31
0 1 2 3 4 5 6 7 8 9 10 11 12 13 14 15 16 17 18 19 20 21 22 23 24 25 26 27 28 29 30 31 32 33 34 35 36 37 38 39 40 41 42 43 44 45 46 47 48 49 50 51 52 53 54 55 56 57 58 59 60 61 62 63 64 65 66 67 68 69 70 71 72 73 74 75 76 77 78 79 80 81 82 83 84 85 86 87 88 89 90 91 92 93 94 95 96 97 98 99 100 101 102 103 104 105 106 107 108 109 110 111 112 113 114 115 116 117 118 119 120 121 122 123 124 125 126 127 128 129 130 131 132 133 134 135 136 137 138 139 140 141 142 143 144 145 146 147 148 149 150 151 152 153 154 155 156 157 158 159 160 161 162 163 164 165 166 167 168 169 170 171 172 173 174 175 176 177 178 179 180 181 182 183 184 185 186 187 188 189 190 191 192 193 194 195 196 197 198 199 200 201 202 203 204 205 206 207 208 209 210 211 212 213 214 215 216 217 218 219 220 221 222 223 224 225 226 227 228 229 230 231 232 233 234 235 236 237 238 239 240 241 242 243 244 245 246 247 248 249 250 251 252 253 254 255 256 257 258 259 260 261 262 263 264 265 266 267 268 269 270 271 272 273 274 275 276 277 278 279 280 281 282 283 284 285 286 287 288 289 290 291 292 293 294 295 296 297 298 299 300 301 302 303 304 305 306 307 308 309 310 311 312 313 314 315 316 317 318 319 320 321 322 323 324 325 326 327 328 329 330 331 332 333 334 335 336 337 338 339 340 341 342 343 344 345 346 347 348 349 350 351 352 353 354 355 356 357 358 359 360 361 362 363 364 365 366 367 368 369 370 371 372 373 374 375 376 377 378 379 380 381 382 383 384 385 386 387 388 389 390 391 392 393 394 395 396 397 398 399 400 401 402 403 404 405 406 407 408 409 410 411 412 413 414 415 416 417 418 419 420 421 422 423 424 425 426 427 428 429 430 431 432 433 434 435 436 437 438 439 440 441 442 443 444 445 446 447 448 449 450 451 452 453 454 455 456 457 458 459 460 461 462 463 464 465 466 467 468 469 470 471 472 473 474 475 476 477 478 479 480 481 482 483 484 485 486 487 488 489 490 491 492 493 494 495 496 497 498 499 500 501 502 503 504 505 506 507 508 509 510 511 512 513 514 515 516 517 518 519 520 521 522 523 524 525 526 527 528 529 530 531 532 533 534 535 536 537 538 539 540 541 542 543 544 545 546 547 548 549 550 551 552 553 554 555 556 557 558 559 560 561 562 563 564 565 566 567 568 569 570 571 572 573 574 575 576 577 578 579 580 581 582 583 584 585 586 587 588 589 590 591 592 593 594 595 596 597 598 599 600 601 602 603 604 605 606 607 608 609 610 611 612 613 614 615 616 617 618 619 620 621 622 623 624 625 626 627 628 629 630 631 632 633 634 635 636 637 638 639 640 641 642 643 644 645 646 647 648 649 650 651 652 653 654 655 656 657 658 659 660 661 662 663 664 665 666 667 668 669 670 671 672 673 674 675 676 677 678 679 680 681 682 683 684 685 686 687 688 689 690 691 692 693 694 695 696 697 698 699 700 701 702 703 704 705 706 707 708 709 710 711 712 713 714 715 716 717 718 719 720 721 722 723 724 725 726 727 728 729 730 731 732 733 734 735 736 737 738 739 740 741 742 743 744 745 746 747 748 749 750 751 752 753 754 755 756 757 758 759 760 761 762 763 764 765 766 767 768 769 770 771 772 773 774 775 776 777 778 779 780 781 782 783 784 785 786 787 788 789 790 791 792 793 794 795 796 797 798 799 800 801 802 803 804 805 806 807 808 809 810 811 812 813 814 815 816 817 818 819 820 821 822 823 824 825 826 827 828 829 830 831 832 833 834 835 836 837 838 839 840 841 842 843 844 845 846 847 848 849 850 851 852 853 854 855 856 857 858 859 860 861 862 863 864 865 866 867 868 869 870 871 872 873 874 875 876 877 878 879 880 881 882 883 884 885 886 887 888 889 890 891 892 893 894 895 896 897 898 899 900 901 902 903 904 905 906 907 908 909 910 911 912 913 914 915 916 917 918 919 920 921 922 923 924 925 926 927 928 929 930 931 932 933 934 935 936 937 938 939 940 941 942 943 944 945 946 947 948 949 950 951 952 953 954 955 956 957 958 959 960 961 962 963 964 965 966 967 968 969 970 971 972 973 974 975 976 977 978 979 980 981 982 983 984 985 986 987 988 989 990 991 992 993 994 995 996 997 998 999
